0 0.118331375 0.3129709284603421 0.043919 0.10394200000000006
0 0.20639775 0.33758634836702955 0.055180000000000035 0.10931899999999999
0 0.2207294375 0.2493719393468118 0.030405000000000015 0.04659500000000001
0 0.24355975 0.41319545878693614 0.056307000000000024 0.082437
0 0.29963737500000004 0.5373561881804043 0.04391899999999993 0.12365499999999996
0 0.303913 0.26921840902021776 0.03265800000000002 0.06630799999999999
0 0.34318699999999996 0.4784529782270606 0.06418900000000005 0.12007200000000001
0 0.427804875 0.3714608569206843 0.09121600000000002 0.20609300000000003
0 0.49941912499999996 0.4243488678071539 0.066442 0.148746
0 0.733513125 0.5118227573872473 0.09797299999999998 0.1756269999999999
0 0.8167671875 0.5239974976671851 0.08445900000000006 0.15770600000000004
