0 0.021718750000000002 0.10619825 0.024375 0.040000000000000015
0 0.0575390625 0.11182291666666666 0.018125000000000002 0.029167000000000016
0 0.10296875 0.09677050000000002 0.024375000000000008 0.048333999999999995
0 0.1361328125 0.10682291666666666 0.010624999999999996 0.030833
0 0.2078125 0.10526008333333335 0.016875 0.034999999999999976
0 0.2080859375 0.18166633333333335 0.014374999999999999 0.04166700000000001
0 0.2889453125 0.09640658333333334 0.026874999999999982 0.05000000000000001
0 0.3107421875 0.2895833333333333 0.05312500000000003 0.10583300000000007
0 0.345234375 0.12015591666666665 0.013124999999999998 0.030834000000000028
0 0.36765625 0.15458366666666667 0.009374999999999967 0.021665999999999963
0 0.4256640625 0.29265625 0.049375 0.070833
0 0.44265625 0.15624966666666665 0.009375000000000022 0.022500000000000003
0 0.478515625 0.26119825 0.020625000000000004 0.04166599999999998
0 0.4946875 0.12812500000000002 0.017500000000000016 0.03333299999999998
0 0.4942578125 0.27348991666666667 0.011249999999999982 0.03083299999999996
0 0.518359375 0.15494758333333333 0.013125000000000053 0.01999999999999998
0 0.5405078125 0.10515591666666668 0.010624999999999996 0.02916699999999998
0 0.563828125 0.4191149166666666 0.03562500000000002 0.061666
0 0.585390625 0.1409899166666667 0.020624999999999893 0.030833
0 0.6094921875 0.11963541666666666 0.021874999999999978 0.045000000000000005
0 0.6693359375 0.12088575000000001 0.015000000000000013 0.025832999999999995
0 0.703984375 0.12651041666666665 0.013125000000000053 0.013332999999999984
0 0.758125 0.3196875 0.06312499999999999 0.10999999999999999
0 0.767890625 0.13500033333333333 0.020625000000000004 0.04333300000000001
0 0.7941796875 0.5849482500000001 0.03874999999999995 0.1033329999999999
0 0.8106640625 0.12421875 0.018124999999999947 0.025832999999999978
0 0.8719921875 0.23796841666666668 0.023125000000000062 0.044999999999999964
0 0.8909375 0.11182291666666666 0.015625 0.030833
0 0.891484375 0.145625 0.011874999999999969 0.03250000000000001
0 0.9553125 0.12812500000000002 0.016874999999999973 0.031667
0 0.9734765625 0.2763541666666667 0.03499999999999992 0.06916700000000002
