0 0.06910156249999999 0.1971070670553936 0.034374999999999996 0.05322199999999999
0 0.115625 0.15042206705539357 0.03187499999999999 0.053221000000000025
0 0.184921875 0.39723541690962105 0.15375 0.28384700000000007
0 0.1590234375 0.16367543731778425 0.029374999999999984 0.040149000000000025
0 0.182578125 0.20072761516034984 0.036250000000000004 0.04855300000000001
0 0.1969140625 0.12165843731778424 0.019375000000000003 0.03828200000000001
0 0.216171875 0.19453497084548105 0.028124999999999983 0.06535899999999999
0 0.2359375 0.16098788921282797 0.017500000000000016 0.04575200000000001
0 0.2571875 0.14044688921282797 0.016874999999999973 0.04388400000000001
0 0.2793359375 0.13525416326530612 0.014374999999999971 0.042017
0 0.3009375 0.11395953352769678 0.015625 0.02894499999999999
0 0.3406640625 0.23954310495626824 0.08125000000000004 0.16993500000000003
0 0.3128125 0.09715353352769679 0.01687500000000003 0.028011000000000005
0 0.4307421875 0.11938116326530612 0.021875000000000033 0.042017
0 0.4764453125 0.258417860058309 0.05687500000000001 0.109244
0 0.47671875 0.18077725947521867 0.02437499999999998 0.030811999999999985
0 0.5264453125 0.13495834110787172 0.02562500000000001 0.052288
0 0.5601171875 0.11833271137026238 0.02187500000000009 0.036414999999999996
0 0.5792578125 0.1776610524781341 0.041874999999999996 0.08590199999999999
0 0.5996875 0.15718697084548106 0.016874999999999973 0.06629299999999998
0 0.619765625 0.129241889212828 0.020625000000000004 0.04388499999999997
0 0.6307421875 0.08430943731778426 0.021874999999999978 0.03828200000000001
0 0.6912109375 0.25393023032069967 0.04500000000000004 0.093371
0 0.694296875 0.17084961516034983 0.028124999999999956 0.04668500000000002
0 0.7588671875 0.11949561516034987 0.021874999999999978 0.049485999999999974
0 0.824375 0.1773186967930029 0.03312500000000007 0.06722699999999998
0 0.8207421875 0.08699698542274052 0.022499999999999964 0.03454699999999999
0 0.8769921875 0.2951082973760933 0.08500000000000008 0.14846000000000004
0 0.8487109375 0.152584889212828 0.015000000000000013 0.04575200000000001
0 0.8750390625 0.12177288921282799 0.01937500000000003 0.045750999999999986
0 0.9403515625 0.16256006705539358 0.034375000000000044 0.053221000000000004
0 0.9728125 0.11780898542274053 0.01750000000000007 0.034546999999999994
