0 0.0380859375 0.30780591605301916 0.07714800000000001 0.120766
0 0.21972625 0.3210603593519882 0.03906299999999999 0.08100200000000005
0 0.31445293750000003 0.2621504565537555 0.07617199999999996 0.15022100000000002
0 0.373046875 0.3254788674521355 0.059569999999999956 0.08542
0 0.4423830625 0.3549338026509573 0.01855399999999996 0.03829200000000001
0 0.5302733125 0.37555257290132543 0.02636700000000003 0.05449199999999996
0 0.598632375 0.3932249646539029 0.07519599999999993 0.15611200000000003
0 0.7099611874999999 0.31811480265095726 0.022461000000000064 0.03976400000000003
0 0.7519533749999999 0.3608250324005891 0.012695000000000123 0.025037000000000045
0 0.819335875 0.32547906480117816 0.027343999999999924 0.04860000000000005
0 0.9130863124999999 0.32400606480117816 0.02636700000000003 0.05007300000000006
0 0.9423823125 0.49189989985272464 0.057617999999999836 0.10898399999999991
0 0.9599608749999999 0.30486032695139914 0.028320000000000123 0.05890999999999999
