0 0.08527815468113976 0.43505475 0.071 0.08705099999999999
0 0.09063500678426052 0.4404498125 0.074 0.07338099999999997
0 0.08163907734056988 0.163826 0.036000000000000004 0.03309400000000001
0 0.09970963364993214 0.8848460625 0.045 0.049639999999999906
0 0.12328222523744911 0.6412674374999999 0.033000000000000015 0.030935000000000046
0 0.18999185888738127 0.45021256249999997 0.076 0.06474800000000003
0 0.16756852103120762 0.6479473125 0.029000000000000005 0.027337999999999973
0 0.19156445047489823 0.44954425000000003 0.067 0.07050399999999996
0 0.2074233378561737 0.888699625 0.04999999999999999 0.05179900000000004
0 0.20535278154681139 0.8898820625 0.041000000000000016 0.04964000000000002
0 0.2956350067842605 0.6805319375 0.07400000000000001 0.07697799999999999
0 0.3295685210312076 0.406376375 0.028999999999999988 0.04316599999999998
0 0.38235278154681135 0.0969716875 0.043000000000000045 0.03741
0 0.38435278154681135 0.09481368750000001 0.043000000000000045 0.03812900000000001
0 0.40292537313432836 0.4101265625 0.030999999999999972 0.03453299999999998
0 0.4379918588873813 0.6831006875 0.076 0.06906500000000004
0 0.5289253731343283 0.6616163125 0.03100000000000005 0.027338000000000084
0 0.5743487109905021 0.4376751875 0.081 0.08417300000000005
0 0.6416390773405698 0.6763135625 0.03600000000000005 0.03381299999999998
0 0.7488507462686568 0.120253125 0.06000000000000004 0.068346
0 0.750493894165536 0.122512625 0.05700000000000002 0.051079
0 0.7493527815468114 0.6452282500000001 0.043000000000000045 0.07194199999999995
0 0.8518548168249661 0.11387675 0.023999999999999983 0.023741000000000012
0 0.8565685210312075 0.110793875 0.029000000000000064 0.02877700000000001
0 0.921493894165536 0.4184531875 0.05700000000000002 0.05467700000000003
0 0.9554979647218453 0.66475375 0.018999999999999902 0.056114999999999915
