0 0.1462109375 0.137265625 0.076875 0.08374999999999999
0 0.15132812499999998 0.889140625 0.066875 0.114375
0 0.19765625 0.8537890625 0.070625 0.08187500000000003
0 0.2161328125 0.4415625 0.104375 0.11062499999999997
0 0.208359375 0.1637890625 0.07499999999999998 0.081875
0 0.2397265625 0.6487890625 0.06625 0.08187500000000003
0 0.4428125 0.193125 0.07874999999999999 0.12625000000000003
0 0.46625 0.8122265625 0.12625000000000003 0.09687499999999993
0 0.4502734375 0.6341796875 0.09312500000000001 0.13250000000000006
0 0.5128125 0.9135546875 0.109375 0.13124999999999998
0 0.5128515625000001 0.177421875 0.09749999999999998 0.1225
0 0.51875 0.4217578125 0.09562500000000002 0.135
0 0.5208203124999999 0.3186328125 0.08937500000000004 0.07312500000000005
0 0.7718359375 0.139921875 0.10750000000000004 0.185
0 0.773828125 0.3835546875 0.09875 0.13187500000000002
0 0.7817578125 0.621796875 0.104375 0.15374999999999994
0 0.7877734375 0.867265625 0.09250000000000003 0.1449999999999999
0 0.823359375 0.43 0.07499999999999996 0.09562500000000002
0 0.8419921875 0.920859375 0.08562499999999995 0.10624999999999996
0 0.8344140625 0.591875 0.04999999999999993 0.06312499999999999
0 0.8460546875 0.1598046875 0.06999999999999995 0.100625
0 0.8432421875 0.33953125 0.05312499999999998 0.07187499999999997
0 0.8666015625 0.641875 0.06625000000000003 0.09375
0 0.866640625 0.868828125 0.05124999999999991 0.06687500000000002
0 0.8734765625 0.393671875 0.06624999999999992 0.09062500000000001
