0 0.0887109375 0.5683698592375367 0.045 0.041275999999999945
0 0.1321484375 0.3007236862170088 0.03 0.05065700000000006
0 0.1476953125 0.20691568621700882 0.026249999999999996 0.052532999999999955
0 0.1860546875 0.7214598914956012 0.03749999999999998 0.07504700000000007
0 0.220625 0.5759383401759531 0.0325 0.06941799999999991
0 0.228671875 0.29280996187683284 0.027499999999999997 0.05440900000000002
0 0.2339453125 0.39746523753665686 0.026249999999999996 0.05816100000000002
0 0.310625 0.2680092375366569 0.03125 0.05816100000000002
0 0.3364453125 0.3791129618768328 0.026249999999999996 0.05440900000000006
0 0.3571484375 0.5586426158357772 0.02999999999999997 0.07129499999999996
0 0.4108984375 0.17812585923753663 0.030000000000000027 0.04127600000000003
0 0.426171875 0.3831020645161291 0.028749999999999998 0.06566600000000007
0 0.446875 0.546738788856305 0.03125 0.061913999999999914
0 0.4555078125 0.7410413401759531 0.04249999999999998 0.06941800000000008
0 0.498515625 0.2093750322580645 0.02124999999999999 0.03377100000000001
0 0.5444921875 0.28718096187683284 0.022500000000000075 0.05440900000000002
0 0.5592578125 0.40626289149560113 0.04250000000000009 0.07504699999999995
0 0.5880078125 0.7394014428152492 0.04125000000000001 0.08067600000000007
0 0.611875 0.5240521671554252 0.032500000000000084 0.07692300000000005
0 0.6144921875 0.1835187565982405 0.022499999999999964 0.03189400000000001
0 0.64296875 0.28342896187683286 0.025000000000000022 0.05440899999999998
0 0.6712890625 0.18522113489736072 0.018750000000000044 0.045028000000000026
0 0.686171875 0.384978064516129 0.028750000000000053 0.06566599999999999
0 0.706328125 0.5455096158357771 0.036250000000000004 0.07129400000000005
0 0.7203515625 0.7248021671554252 0.03375000000000006 0.07692299999999996
0 0.764375 0.36287478885630503 0.03125 0.063789
0 0.7708984375 0.48564523753665684 0.030000000000000027 0.05816100000000006
0 0.786015625 0.12811568621700883 0.02124999999999999 0.052532999999999976
0 0.8333984375 0.5175402375366569 0.030000000000000027 0.05628499999999992
0 0.8741015625 0.6778981671554252 0.03374999999999995 0.07879899999999995
0 0.9316015625 0.6411946158357771 0.03374999999999995 0.07129399999999997
0 0.9778515625 0.44771151319648095 0.03499999999999992 0.060038000000000015
