0 0.0107421875 0.40833381069958846 0.021875 0.06695900000000007
0 0.061328125 0.7557410425240055 0.098437 0.16026300000000007
0 0.114844 0.5038328106995884 0.063281 0.06695899999999999
0 0.22187474999999998 0.5073954581618655 0.05546900000000002 0.10318300000000002
0 0.3056645625 0.7884013635116598 0.06640599999999997 0.1361139999999999
0 0.41015575 0.5403264581618655 0.05625100000000005 0.10318300000000002
0 0.44531225 0.6440579423868313 0.07031299999999996 0.1086719999999999
0 0.4853518125 0.5052035212620027 0.04296800000000006 0.08122900000000007
0 0.55703175 0.5041024581618655 0.05546799999999996 0.10318300000000002
0 0.648047125 0.5749029423868313 0.06718700000000011 0.107574
0 0.7148435000000001 0.810893658436214 0.11093799999999987 0.20636700000000002
0 0.6853513125 0.2612469053497942 0.02578199999999997 0.034027999999999996
0 0.737890125 0.5790181687242798 0.06718800000000003 0.11635600000000003
0 0.8957028749999999 0.8279153004115226 0.09140600000000021 0.15806800000000004
