0 0.0267578125 0.6954857209985316 0.04125 0.09586499999999999
0 0.476171875 0.5202598707782672 0.9025 0.19360900000000003
0 0.0865625 0.5449940029368575 0.0175 0.04323299999999997
0 0.2110546875 0.6927257195301028 0.037500000000000006 0.07518799999999994
0 0.243515625 0.5454055741556535 0.019999999999999962 0.03947299999999996
0 0.293671875 0.6408590029368576 0.028749999999999998 0.041352999999999966
0 0.366171875 0.6360421453744494 0.028749999999999998 0.035714
0 0.4821875 0.7422440058737151 0.04874999999999996 0.08270700000000007
0 0.688671875 0.5857595756240822 0.02749999999999997 0.06015000000000001
0 0.833671875 0.8409870044052864 0.02750000000000008 0.06390999999999994
