0 0.005859375 0.5963459618768328 0.012508 0.05446000000000011
0 0.11549068750000001 0.6882494105571848 0.03752299999999999 0.049764999999999913
0 0.12541956250000003 0.43131906451612906 0.034397 0.06572800000000004
0 0.220128 0.6058515131964809 0.03126899999999999 0.061033
0 0.2641794375 0.685136237536657 0.029393000000000002 0.05727699999999997
0 0.301429 0.437364788856305 0.03314499999999998 0.061972
0 0.39754168749999996 0.7001592375366569 0.037523000000000084 0.058215999999999976
0 0.4242794375 0.5748655131964809 0.030644000000000005 0.05915500000000006
0 0.46027799999999996 0.7116583401759531 0.03314600000000001 0.06760599999999996
0 0.5128109999999999 0.41776234017595304 0.033145000000000036 0.06948300000000009
0 0.5524844375 0.6799139618768328 0.030644000000000005 0.055398999999999955
0 0.6462934375 0.5633013401759531 0.029393000000000002 0.0694839999999999
0 0.65211875 0.7140131348973607 0.02439100000000005 0.044130999999999955
0 0.6901475625 0.39323278885630497 0.033770999999999995 0.06384999999999998
0 0.7257174375 0.673983788856305 0.030645000000000033 0.06385000000000002
0 0.8189014375 0.560368788856305 0.02939299999999989 0.06384999999999993
0 0.830509 0.6991046862170087 0.03189500000000001 0.051644000000000155
0 0.8940245625 0.3981084105571847 0.03439700000000012 0.04788700000000007
0 0.9195123125 0.660015340175953 0.026892000000000027 0.06948400000000006
0 0.9900270624999999 0.5455768914956011 0.01813700000000007 0.07511800000000018
