0 0.009114583333333334 0.18945325 0.020833 0.04003900000000002
0 0.03906275 0.5292970625 0.057291 0.04980499999999999
0 0.048176833333333335 0.185546875 0.027343999999999997 0.027344000000000007
0 0.09765591666666668 0.165038875 0.029947999999999992 0.02734399999999998
0 0.158854 0.5029300000000001 0.032552000000000005 0.03320299999999993
0 0.1809896666666667 0.55175825 0.05338499999999998 0.040038999999999936
0 0.17968741666666666 0.478516125 0.04557300000000001 0.03613199999999994
0 0.19010383333333333 0.5947263125000001 0.05729200000000001 0.05761699999999992
0 0.25911433333333334 0.5449220625 0.042969 0.04980400000000007
0 0.3320315833333333 0.510742375 0.05078099999999993 0.042969000000000035
0 0.40885450000000007 0.4931635625 0.046875 0.033203999999999956
0 0.4309894166666666 0.0624995625 0.044271000000000026 0.034179999999999995
0 0.5442711666666668 0.2265625625 0.037760000000000016 0.03515599999999999
0 0.73046925 0.5302738124999999 0.0416660000000002 0.04296800000000012
0 0.751302 0.561523875 0.0625 0.06054599999999999
0 0.7421870833333334 0.204101375 0.03385499999999997 0.04296900000000001
0 0.7734375833333332 0.514648875 0.0208330000000001 0.02929599999999999
0 0.86979175 0.498046625 0.055989999999999984 0.05078199999999994
0 0.9414060000000001 0.20312525 0.032551999999999914 0.04003899999999999
