0 0.005859375 0.25906941727672034 0.011875 0.03283299999999995
0 0.0869140625 0.18294422108345534 0.174375 0.07504699999999999
0 0.038203125000000004 0.4009229941434846 0.036875000000000005 0.09099400000000003
0 0.033437499999999995 0.26886228843338217 0.016875000000000005 0.03095700000000004
0 0.054765625 0.25719341727672035 0.020625000000000004 0.032833000000000036
0 0.1196875 0.3267256749633968 0.017499999999999988 0.03846200000000003
0 0.1522265625 0.40099309224011714 0.035 0.07223199999999998
0 0.4158203125 0.4072899897510981 0.33874999999999994 0.659475
0 0.5798828125 0.3921641595900439 0.011250000000000093 0.027204
0 0.6117578125 0.38319503074670574 0.010624999999999996 0.025329000000000018
0 0.6248828125 0.38214277306002925 0.010000000000000009 0.019700000000000065
0 0.695546875 0.32931215959004395 0.09062499999999996 0.02720500000000001
0 0.70703125 0.4778277730600293 0.008750000000000036 0.018761999999999963
0 0.7186328125 0.3783907730600293 0.010000000000000009 0.01969999999999994
0 0.79359375 0.3353530307467057 0.08625000000000005 0.025328000000000003
0 0.7709375 0.5114154172767204 0.015625 0.032832999999999994
0 0.7786328125 0.44083090190336743 0.009999999999999898 0.022514000000000034
0 0.79953125 0.4483349019033675 0.008749999999999925 0.022514000000000034
0 0.80703125 0.4512631595900439 0.008750000000000036 0.02720499999999997
0 0.826953125 0.5750210614934114 0.03562500000000002 0.04784200000000008
0 0.817734375 0.47043703074670573 0.011874999999999969 0.02345200000000001
0 0.8648046875 0.37861828843338213 0.10125000000000006 0.030956999999999957
0 0.81953125 0.45208790190336756 0.009374999999999911 0.02157599999999989
0 0.8610546875 0.6507516076134701 0.03749999999999998 0.08442799999999995
0 0.9040625 0.5043222884333822 0.015625 0.03095700000000004
0 0.9436328125 0.4187287730600292 0.010624999999999996 0.018761000000000076
0 0.94640625 0.5121249019033675 0.009375000000000022 0.020638000000000083
0 0.975234375 0.5055589019033675 0.011874999999999969 0.02157599999999989
