0 0.01911764705882353 0.1777341875 0.041176 0.083985
0 0.142647 0.548828125 0.152941 0.06738299999999997
0 0.16764670588235292 0.18554725 0.02353 0.041014999999999996
0 0.2661764705882353 0.174805125 0.03382399999999998 0.036132
0 0.36176458823529406 0.150390875 0.05588200000000006 0.05859400000000001
0 0.4676466470588236 0.15234324999999999 0.03823599999999989 0.04004000000000002
0 0.5514705882352942 0.40625 0.10441199999999991 0.09570299999999998
0 0.558824 0.181640375 0.05 0.04394600000000001
0 0.626471 0.11132837500000001 0.05294100000000003 0.07421900000000001
0 0.7205884705882353 0.2148434375 0.13235299999999994 0.09179700000000002
