0 0.1913406875 0.14098162873399714 0.037797 0.10220100000000001
0 0.2056331875 0.42482400426742534 0.05291499999999999 0.11635200000000008
0 0.2827199375 0.16374325320056898 0.04643599999999998 0.08805
0 0.275837375 0.27867580085348503 0.012958999999999998 0.02358499999999999
0 0.3237569375 0.11357877809388335 0.04535600000000001 0.08333299999999999
0 0.3421149375 0.4461631536273115 0.045357000000000036 0.09748399999999999
0 0.378935375 0.12458477809388337 0.04427700000000001 0.084906
0 0.3998103125 0.7270100540540541 0.058316000000000034 0.10849100000000003
0 0.4391010625 0.4943060540540541 0.04967600000000005 0.11006200000000006
0 0.4532435 0.09141625320056898 0.04859600000000003 0.08805
0 0.563601375 0.21420777809388333 0.04427600000000009 0.083333
0 0.5860725 0.13761335277382647 0.047516 0.075472
0 0.6405846875 0.10085025320056899 0.03887700000000005 0.086478
0 0.6529240625 0.2606281536273115 0.05075600000000002 0.09905700000000003
0 0.6920069375 0.10556725320056898 0.04643700000000006 0.086478
0 0.7663150625 0.15640557894736842 0.04967600000000005 0.106918
