0 0.0770703125 0.5873955 0.058124999999999996 0.07916699999999999
0 0.1730859375 0.3903645833333333 0.046249999999999986 0.08250000000000002
0 0.3028515625 0.7071878333333332 0.128125 0.278333
0 0.2791796875 0.5026038333333332 0.06937500000000002 0.09000000000000001
0 0.35 0.6153128333333334 0.09437500000000004 0.1841659999999999
0 0.417890625 0.5307291666666667 0.08374999999999999 0.16166699999999992
0 0.5626953125 0.5151038333333333 0.05687500000000001 0.09083400000000008
0 0.5971484375 0.42723958333333334 0.09250000000000003 0.17499999999999996
0 0.7270703125 0.3967711666666667 0.15125 0.256666
0 0.8366796875 0.39802050000000005 0.03749999999999998 0.10999999999999995
