0 0.0278515625 0.4347145182481752 0.034375 0.05228799999999997
0 0.0463671875 0.031760664233576645 0.023125 0.04948699999999999
0 0.0661328125 0.40308722627737226 0.041249999999999995 0.056022999999999955
0 0.1483203125 0.0340358102189781 0.02562500000000001 0.045752
0 0.1817578125 0.41481808029197076 0.041874999999999996 0.058822999999999966
0 0.2703125 0.03339124817518248 0.016249999999999987 0.03641500000000001
0 0.310546875 0.020437956204379562 0.02812500000000001 0.042950999999999996
0 0.3419921875 0.044188102189781024 0.021875000000000033 0.040149000000000004
0 0.3678125 0.04605510218978102 0.017500000000000016 0.04015
0 0.41109375 0.04605510218978102 0.024375000000000036 0.04015
0 0.4474609375 0.06793824817518249 0.015000000000000013 0.036414999999999996
0 0.4848046875 0.5205791605839416 0.06937500000000002 0.11858099999999998
0 0.4882421875 0.043543540145985396 0.023125000000000007 0.030812000000000006
0 0.5513671875 0.08596768613138685 0.022499999999999964 0.027078000000000015
0 0.6425390625 0.02901168613138686 0.018124999999999947 0.027077999999999998
0 0.8394921875 0.7735621386861313 0.053749999999999964 0.13725500000000018
0 0.8425390625 0.11637254014598541 0.01937500000000003 0.030811999999999968
0 0.876640625 0.13866283211678831 0.020625000000000004 0.026143999999999987
0 0.894609375 0.12465783211678831 0.011874999999999969 0.02521
0 0.9213671875 0.13784754014598538 0.021874999999999978 0.02987899999999999
0 0.9762109375 0.14508012408759124 0.014375000000000027 0.01960799999999999
