0 0.0665625 0.5537167364568081 0.0475 0.08630400000000006
0 0.17390625 0.19667444802342604 0.03937499999999999 0.05628499999999998
0 0.176015625 0.6971294787701316 0.020625000000000004 0.08067600000000004
0 0.1919140625 0.032210834553440704 0.04999999999999999 0.066604
0 0.3502734375 0.19646415373352857 0.030625000000000013 0.11726000000000003
0 0.4205859375 0.027818448023426062 0.04625000000000001 0.057223
0 0.525625 0.14111715373352854 0.06374999999999997 0.11726000000000002
0 0.646640625 0.4657210922401171 0.05249999999999999 0.07317000000000012
0 0.6616015625 0.013177159590043924 0.03437499999999993 0.027205
0 0.7534375 0.02635431918008785 0.04875000000000007 0.05534699999999999
0 0.8120703125 0.45105286530014643 0.05812500000000009 0.088181
0 0.97515625 0.43563199414348464 0.040000000000000036 0.091932
