0 0.4931640625 0.7888240231990232 0.9875 0.04882800000000002
0 0.034374749999999996 0.8481500219780218 0.024999999999999998 0.04589800000000028
0 0.041015375 0.7978540097680097 0.012499999999999997 0.021484000000000062
0 0.05937475 0.8408250195360195 0.025 0.04003900000000022
0 0.23828125 0.9336090634920634 0.07187500000000002 0.12890600000000005
0 0.2716801875 0.8415570183150183 0.02265600000000001 0.038086000000000196
0 0.383202875 0.8264210207570208 0.028907000000000016 0.043944999999999984
0 0.49257787500000005 0.8388720195360196 0.027343999999999924 0.04003899999999994
0 0.5306640625 0.8259310134310134 0.017969000000000013 0.02929699999999984
0 0.5494140625 0.8898990256410256 0.018749999999999933 0.05371100000000006
0 0.573438 0.864997028083028 0.03203099999999992 0.05761699999999996
0 0.6185549375 0.82838105006105 0.04531200000000002 0.10058599999999993
0 0.7193354375 0.8820860256410258 0.03046900000000008 0.05175800000000004
0 0.789453375 0.8034700134310135 0.012499999999999956 0.02831999999999998
0 0.8435544374999999 0.8293520256410256 0.03046900000000008 0.0527340000000002
0 0.9113283750000001 0.8559660366300367 0.044530999999999876 0.07519499999999985
