0 0.1771484375 0.5836214787701317 0.030624999999999986 0.08067500000000007
0 0.2079296875 0.7353639633967789 0.03812500000000002 0.06754200000000002
0 0.33421875 0.3179591229868229 0.05499999999999999 0.09568499999999996
0 0.4914453125 0.7380637057101025 0.026874999999999982 0.061914
0 0.537421875 0.7684244787701319 0.028124999999999956 0.08067500000000007
0 0.591875 0.5147997057101025 0.03312499999999996 0.06378900000000014
0 0.615390625 0.7882387364568081 0.05125000000000002 0.08630399999999998
0 0.654375 0.7214062210834553 0.03187499999999999 0.07504700000000013
0 0.6823828125 0.8651617364568083 0.04125000000000001 0.0863039999999999
0 0.6976953125 0.5388910922401172 0.026874999999999982 0.0712949999999999
0 0.714296875 0.800801448023426 0.028124999999999956 0.05722300000000015
0 0.7941796875 0.7349510922401171 0.03874999999999995 0.07317099999999993
0 0.7932421875 0.524249803806735 0.021874999999999978 0.04221399999999989
0 0.8121875 0.87307860761347 0.04875000000000007 0.08348899999999992
0 0.831796875 0.7037665768667642 0.028124999999999956 0.06003800000000004
0 0.863828125 0.7499610922401172 0.036250000000000004 0.07316999999999987
0 0.8678515625 0.8528524787701318 0.03375000000000006 0.0806749999999999
0 0.8802734375 0.5226023191800878 0.030625000000000013 0.05347099999999999
0 0.904921875 0.7937093191800879 0.028125000000000067 0.053471000000000074
0 0.9121484375 0.6660150614934115 0.02937500000000004 0.047842999999999886
0 0.92125 0.7054592210834554 0.03187499999999999 0.07504600000000008
0 0.9510546875 0.755062963396779 0.038124999999999964 0.06848099999999989
0 0.9685546875 0.9450129941434847 0.03750000000000009 0.09286999999999998
0 0.9918359375 0.7913503499267937 0.014375000000000027 0.07879999999999993
