0 0.1037109375 0.31702112298682283 0.045624999999999985 0.09662299999999999
0 0.168828125 0.3142772210834553 0.036250000000000004 0.07504600000000004
0 0.2521484375 0.3404289633967789 0.030625000000000013 0.06754200000000002
0 0.360625 0.3655294480234261 0.03187500000000004 0.05722299999999994
0 0.439296875 0.3502919326500732 0.02812500000000001 0.04408999999999997
0 0.5058984375 0.3272959633967789 0.029374999999999984 0.06754199999999998
0 0.584453125 0.31134896339677887 0.03562500000000002 0.06754200000000002
0 0.65375 0.37783870571010253 0.03125 0.06378999999999999
0 0.6559765625 0.306798159590044 0.03499999999999992 0.029080999999999965
0 0.7698046875 0.3250080922401171 0.038125000000000075 0.07129400000000001
0 0.850703125 0.32043134992679356 0.03687499999999999 0.078799
