0 0.13136718749999998 0.27994825 0.053750000000000006 0.10333300000000001
0 0.181953125 0.3456246666666667 0.06812500000000002 0.11499999999999999
0 0.27839843750000004 0.3331246666666667 0.061874999999999986 0.11583399999999999
0 0.2800390625 0.25223958333333335 0.049375 0.05166700000000002
0 0.3575390625 0.31328125 0.049375 0.10333299999999997
0 0.410546875 0.4545309166666667 0.05937500000000001 0.12416699999999992
0 0.4180859375 0.2762503333333333 0.04625000000000001 0.106666
0 0.4806640625 0.3515628333333334 0.04999999999999999 0.12
0 0.5617578125 0.4126565833333333 0.07250000000000001 0.11416599999999999
0 0.6147265625 0.2785413333333333 0.06499999999999995 0.13750000000000004
0 0.7166015625 0.36692674999999997 0.03500000000000003 0.11750000000000009
