0 0.320625 0.42838144802342604 0.03187499999999999 0.05816100000000004
0 0.36015625 0.3650474787701317 0.03999999999999998 0.08067500000000002
0 0.3911328125 0.5554353191800878 0.04125000000000001 0.053471000000000074
0 0.393359375 0.29510334992679355 0.04312499999999997 0.076923
0 0.4872265625 0.6352865768667643 0.03437499999999999 0.06097499999999997
0 0.49078125 0.31521522108345534 0.03999999999999998 0.075047
0 0.5705859375 0.3041857364568082 0.04500000000000004 0.08630399999999998
0 0.5730078125 0.5660960922401171 0.04125000000000001 0.07317099999999993
0 0.6112109375 0.8175030922401173 0.04625000000000001 0.07317099999999993
0 0.6355078125 0.3226059633967789 0.04125000000000001 0.06848000000000008
0 0.7362109375 0.30835060761347 0.04500000000000004 0.08255099999999999
0 0.8285546875 0.3164508345534407 0.038124999999999964 0.06566599999999999
