0 0.0331640625 0.6330208333333333 0.018125000000000002 0.027500000000000007
0 0.0778515625 0.8503649166666666 0.065625 0.12333299999999998
0 0.1290625 0.6282291666666667 0.016875 0.03749999999999994
0 0.1433203125 0.6858333333333334 0.02562500000000001 0.04416699999999999
0 0.239765625 0.6700003333333333 0.020624999999999977 0.04333299999999999
0 0.2762890625 0.609792 0.018125000000000002 0.03250000000000005
0 0.3288671875 0.6293229166666666 0.021875000000000033 0.029167000000000092
0 0.3515625 0.8722399166666667 0.04812499999999997 0.09166599999999987
0 0.3671875 0.643958 0.016874999999999973 0.033333999999999975
0 0.401015625 0.6201559166666666 0.020625000000000004 0.0300000000000001
0 0.4549609375 0.58671875 0.014375000000000027 0.02416700000000005
0 0.4723828125 0.6016145833333334 0.010624999999999996 0.02083300000000003
0 0.4921875 0.658125 0.015625 0.032500000000000195
0 0.6369140625 0.6177600833333333 0.01937499999999992 0.035000000000000066
0 0.786875 0.6382291666666666 0.03249999999999997 0.03750000000000001
0 0.8539453125 0.8566142500000001 0.0568749999999999 0.10333399999999997
0 0.9634765625 0.6486458333333333 0.03374999999999995 0.058333000000000045
