0 0.0234375 0.35530959970887915 0.048125 0.14525199999999996
0 0.1196484375 0.3106693711790393 0.09250000000000001 0.12476800000000006
0 0.2469140625 0.23535691411935955 0.05000000000000002 0.08379899999999994
0 0.2658984375 0.43997416302765646 0.06125 0.11825000000000001
0 0.32265625 0.28472924454148474 0.10187500000000005 0.17504599999999998
0 0.4296875 0.20081203639010187 0.078125 0.17132299999999998
0 0.5590625 0.27466988937409026 0.10999999999999999 0.20856599999999995
0 0.6675 0.28006157933042214 0.06312499999999999 0.129423
0 0.8040234375 0.33950493013100436 0.1243749999999999 0.23836199999999996
0 0.9709375 0.17518853857350802 0.04874999999999996 0.09962800000000001
