0 0.13945287499999998 0.7856770833333334 0.05859400000000002 0.06562499999999982
0 0.174609875 0.6859375 0.028906000000000015 0.046875
0 0.2787111875 0.7203121666666666 0.054686999999999986 0.09895900000000009
0 0.346094 0.7687496666666668 0.0625 0.11458399999999995
0 0.403515875 0.6833336666666666 0.06015599999999999 0.08541600000000009
0 0.407421625 0.60182325 0.052344 0.04062499999999999
0 0.4919921875 0.6708333333333334 0.021875000000000033 0.04374999999999988
0 0.5244140625 0.78671875 0.08203100000000008 0.14895799999999992
0 0.531640875 0.64505175 0.059374999999999956 0.05520899999999992
0 0.6111328125 0.636458 0.041406000000000054 0.06458400000000004
0 0.6947265625 0.7536458333333332 0.035156000000000076 0.05937500000000018
0 0.8382815 0.7283850833333334 0.01640600000000003 0.06562499999999982
0 0.8919926874999999 0.8234371666666668 0.07031200000000004 0.06874999999999994
