0 0.0309375 0.38578221686746994 0.01625 0.02796499999999995
0 0.0374609375 0.4754632168674699 0.013749999999999998 0.028929999999999997
0 0.0593359375 0.4913151927710844 0.013750000000000005 0.024107999999999952
0 0.080234375 0.4122411927710843 0.012499999999999997 0.024108000000000126
0 0.0817578125 0.4579871686746988 0.011249999999999996 0.022178999999999997
0 0.0862109375 0.49197626506024106 0.013749999999999998 0.035679999999999865
0 0.1182421875 0.5379061204819278 0.023124999999999993 0.016392999999999828
0 0.1207421875 0.4955951686746987 0.023124999999999993 0.022179000000000084
0 0.1317578125 0.4648562168674699 0.01125000000000001 0.027964999999999997
0 0.1348046875 0.39380014457831325 0.007500000000000007 0.019285999999999998
0 0.13953125 0.43442019277108435 0.008750000000000008 0.025072999999999953
0 0.1571875 0.5292813373493976 0.017499999999999988 0.04339399999999995
0 0.17140625 0.42188419277108435 0.009374999999999994 0.024107999999999952
0 0.1824609375 0.45563519277108433 0.013749999999999984 0.026036999999999998
0 0.18578125 0.4068781686746988 0.00874999999999998 0.022178999999999997
0 0.1919140625 0.4990301927710843 0.018125000000000002 0.026035999999999955
0 0.202890625 0.5304302168674699 0.020625000000000004 0.027964999999999997
0 0.2051171875 0.5800331927710844 0.023125000000000007 0.026035999999999955
0 0.23203125 0.507405265060241 0.008750000000000008 0.033750999999999996
0 0.2414453125 0.5741813614457831 0.02562500000000001 0.04532300000000008
0 0.2424609375 0.49860721686746984 0.013750000000000012 0.029894000000000125
0 0.2750390625 0.5347101927710842 0.01937500000000003 0.024106999999999996
0 0.297421875 0.6117903614457831 0.02812500000000001 0.047250999999999994
0 0.3155078125 0.6624763855421688 0.04250000000000004 0.04917999999999995
0 0.3046875 0.5005362168674699 0.015625 0.02989400000000004
0 0.3175390625 0.5276562650602409 0.01874999999999999 0.035678999999999995
0 0.3226171875 0.5331383373493975 0.023125000000000007 0.04339399999999995
0 0.351484375 0.5173521927710842 0.011874999999999969 0.025072000000000167
0 0.3695703125 0.5470613132530121 0.02562500000000001 0.041465999999999864
0 0.3719921875 0.6041411927710844 0.023125000000000007 0.02603600000000004
0 0.397734375 0.5370611686746988 0.012500000000000011 0.02217899999999991
0 0.4121484375 0.676453578313253 0.029374999999999984 0.07521699999999995
0 0.4221484375 0.6101652891566265 0.02937500000000004 0.03760800000000012
0 0.419609375 0.5502582409638554 0.012500000000000011 0.030857999999999997
0 0.4211328125 0.5150002168674699 0.010000000000000009 0.02893000000000008
0 0.4634375 0.5517642650602409 0.015625 0.03471500000000004
0 0.4705859375 0.5188582168674698 0.013749999999999984 0.027965000000000084
0 0.4854296875 0.7241275542168675 0.03812500000000002 0.06943099999999995
0 0.4803125 0.5016192650602409 0.01687500000000003 0.03375100000000008
0 0.4969921875 0.5608652409638554 0.021875000000000033 0.031822999999999914
0 0.5146484375 0.624207313253012 0.02937500000000004 0.039536999999999996
0 0.5087109375 0.52850121686747 0.014375000000000027 0.02796499999999991
0 0.5331640625 0.5696632891566265 0.01937499999999992 0.037609
0 0.563984375 0.5374831445783133 0.011874999999999969 0.02025099999999991
0 0.58515625 0.7258716746987951 0.04062499999999991 0.08486000000000007
0 0.5805859375 0.5521862409638554 0.014375000000000027 0.03278700000000004
0 0.60296875 0.6321594096385542 0.024374999999999925 0.05207400000000008
0 0.61640625 0.5635201445783132 0.008749999999999925 0.01832200000000004
0 0.6290625 0.5586333132530121 0.015625 0.03953699999999991
0 0.75484375 0.25918327710843375 0.08687499999999992 0.161041
