0 0.029375 0.4330725833333333 0.03125 0.04999999999999997
0 0.1605859375 0.8535934166666667 0.139375 0.07749999999999997
0 0.122734375 0.4618229166666667 0.013124999999999998 0.03083299999999996
0 0.182421875 0.41536424999999993 0.027499999999999997 0.040000000000000036
0 0.2182421875 0.4585416666666666 0.023125000000000007 0.053333000000000075
0 0.27230468750000003 0.5628649166666667 0.06999999999999998 0.12416599999999993
0 0.2876953125 0.3958333333333333 0.026874999999999982 0.041667000000000044
0 0.3655859375 0.40072916666666664 0.014374999999999971 0.03750000000000001
0 0.6233203125 0.4256253333333333 0.026874999999999982 0.07416600000000002
0 0.66875 0.5053649166666667 0.0625 0.12416599999999993
0 0.7756640625 0.4353128333333333 0.04937500000000006 0.058333000000000045
0 0.81234375 0.382708 0.055624999999999925 0.09499999999999997
0 0.7969921875 0.5317184166666666 0.021874999999999978 0.10750000000000008
0 0.9344140625 0.4596354166666667 0.01937499999999992 0.045000000000000005
0 0.9851953125 0.3744788333333333 0.026874999999999982 0.059167000000000046
