0 0.1164453125 0.518409 0.026874999999999996 0.05178899999999992
0 0.1547265625 0.7286223529411764 0.03437499999999999 0.06214700000000013
0 0.2020703125 0.2642881764705882 0.02687500000000001 0.05649699999999999
0 0.2739453125 0.45502376470588235 0.026875000000000038 0.060264000000000054
0 0.378671875 0.496751 0.02812500000000001 0.05273099999999999
0 0.4570703125 0.2819458235294117 0.025624999999999953 0.04613900000000007
0 0.5540234375 0.5618391764705882 0.02937499999999993 0.05838100000000006
0 0.637265625 0.4622082352941176 0.020625000000000004 0.04237200000000013
0 0.6390625 0.23056923529411766 0.016874999999999973 0.04237300000000003
0 0.717734375 0.24081105882352938 0.013124999999999942 0.03672300000000001
0 0.747265625 0.5265344705882352 0.020625000000000004 0.03483999999999997
