0 0.500625 0.317949395280236 0.09499999999999997 0.22568399999999997
0 0.082734375 0.19279800884955753 0.04375 0.08120799999999999
0 0.2237890625 0.22626108259587024 0.019375000000000003 0.07931999999999997
0 0.22796875 0.0928280412979351 0.024375000000000008 0.038716
0 0.3431640625 0.17768082890855455 0.050000000000000044 0.127478
0 0.3926171875 0.15845245132743363 0.022499999999999964 0.064211
0 0.4229296875 0.18902000884955752 0.03750000000000003 0.08120900000000002
0 0.4644921875 0.11199390265486725 0.05375000000000002 0.12559
0 0.595859375 0.3558997640117994 0.10625000000000007 0.20963200000000004
0 0.5976171875 0.1664830412979351 0.022499999999999964 0.040604000000000036
0 0.68578125 0.29935961651917403 0.10250000000000004 0.21813099999999996
0 0.9271875 0.465554616519174 0.14249999999999996 0.21718600000000002
0 0.8987890625 0.17297618879056048 0.018124999999999947 0.03493800000000001
