0 0.165546875 0.6974520305250306 0.027499999999999997 0.06176700000000001
0 0.1846875 0.5549070341880341 0.048125 0.07036800000000007
0 0.193515625 0.20067104273504272 0.05249999999999999 0.08756800000000002
0 0.2836328125 0.3964360305250305 0.04125000000000001 0.063331
0 0.2903125 0.7217860329670329 0.046875 0.06724000000000004
0 0.4105859375 0.4062570317460318 0.044999999999999984 0.06489499999999998
0 0.4405859375 0.6220610122100123 0.04562499999999997 0.02580200000000002
0 0.4862109375 0.7242280354090354 0.04625000000000001 0.07193200000000007
0 0.54328125 0.3921840317460318 0.039999999999999925 0.06567600000000004
0 0.6284375 0.7144070341880341 0.046875 0.07036700000000003
0 0.678984375 0.4157900256410256 0.04375000000000007 0.05316600000000001
0 0.7681640625 0.5927790329670329 0.05062500000000003 0.0672400000000001
0 0.7635546875 0.725696032967033 0.03874999999999995 0.06802199999999999
0 0.7794921875 0.21972505006105006 0.053749999999999964 0.10164200000000001
