0 0.0910546875 0.15815523008849555 0.03875000000000001 0.07176600000000002
0 0.20796875 0.24549764011799413 0.056249999999999994 0.094429
0 0.3069921875 0.3820978790560472 0.11562499999999998 0.24645899999999998
0 0.4412109375 0.30904550147492627 0.07687499999999997 0.18035799999999996
0 0.6083984375 0.38274565781710923 0.12312500000000004 0.255902
0 0.7451953125 0.24543512389380534 0.05687500000000001 0.11614699999999997
0 0.788125 0.16069200884955753 0.03312500000000007 0.08120799999999999
0 0.852734375 0.31837064896755163 0.07562499999999994 0.175638
0 0.9024609375 0.16482774631268435 0.04625000000000001 0.052881000000000004
0 0.9524609375 0.14357715634218288 0.0462499999999999 0.075543
0 0.9694140625 0.22082978761061947 0.01937500000000003 0.088763
