0 0.036953125 0.23161425 0.06812499999999999 0.101667
0 0.2736328125 0.3007809166666667 0.104375 0.18749999999999997
0 0.455390625 0.4057291666666667 0.08250000000000002 0.16249999999999995
0 0.4560546875 0.20161458333333335 0.006249999999999978 0.02083299999999999
0 0.5006640625000001 0.18822916666666667 0.019374999999999976 0.036667000000000005
0 0.591953125 0.33718716666666665 0.09875 0.19499999999999998
0 0.595859375 0.023594083333333335 0.01187500000000008 0.034165999999999995
0 0.6035546875 0.1869795 0.007500000000000062 0.016665999999999997
0 0.68328125 0.11802083333333334 0.008750000000000036 0.027500000000000007
0 0.69703125 0.0211455 0.008125000000000049 0.015834
0 0.722421875 0.4309899166666667 0.028124999999999956 0.03083299999999996
0 0.72453125 0.11078158333333332 0.008750000000000036 0.018333000000000006
0 0.73890625 0.09588574999999999 0.008750000000000036 0.025833000000000012
0 0.7816796875 0.5058850833333334 0.03874999999999995 0.06749999999999996
0 0.834609375 0.09348991666666667 0.011874999999999969 0.029165999999999987
0 0.8367578125 0.19921875 0.010000000000000009 0.025832999999999995
0 0.8484375 0.2955208333333333 0.015625 0.027500000000000007
0 0.8496875 0.09609408333333334 0.016874999999999973 0.034165999999999974
0 0.8580859375 0.37562500000000004 0.015000000000000013 0.03249999999999997
0 0.8573828125 0.20088575 0.010000000000000009 0.024165999999999983
0 0.941015625 0.17854133333333333 0.11499999999999999 0.261667
0 0.949375 0.44536458333333334 0.03312500000000007 0.080833
