0 0.3888671875 0.25354166666666667 0.023125000000000007 0.054167
0 0.407109375 0.33703158333333333 0.043125000000000024 0.080833
0 0.465703125 0.7125517499999999 0.06812499999999999 0.2741669999999999
0 0.4695703125 0.3297916666666667 0.05687500000000001 0.11583299999999992
0 0.503046875 0.35770799999999997 0.028124999999999956 0.09416700000000004
0 0.505 0.22927050000000002 0.03187499999999999 0.04749999999999995
0 0.554765625 0.19671908333333335 0.05124999999999991 0.06749999999999999
0 0.6050390625 0.2981770833333333 0.04937500000000006 0.098333
0 0.6323828125 0.6069788333333334 0.04125000000000001 0.1841669999999999
0 0.713359375 0.26640591666666663 0.043749999999999956 0.09333400000000003
0 0.766875 0.6044795000000001 0.0625 0.141666
0 0.7619140625 0.5050524166666667 0.04999999999999993 0.10833300000000008
0 0.7994921875 0.3197399166666666 0.05437500000000006 0.09333300000000004
0 0.8369921875 0.2307295 0.05437499999999995 0.079166
0 0.8851171875 0.304375 0.05437499999999995 0.09416700000000004
0 0.9623046875 0.24223991666666667 0.03749999999999998 0.09333299999999996
0 0.9681640625 0.5033850833333333 0.04937500000000006 0.06666699999999996
0 0.98375 0.6017190833333333 0.03125 0.06666600000000004
