0 0.06671875 0.021865889212827987 0.025 0.044775999999999996
0 0.163515625 0.1537524752186589 0.08374999999999999 0.15671600000000002
0 0.2455859375 0.01749271137026239 0.014999999999999986 0.037313
0 0.303203125 0.33571239358600585 0.0675 0.13619400000000004
0 0.297265625 0.013119533527696793 0.020000000000000018 0.027985
0 0.42484375 0.3947116822157434 0.05499999999999999 0.10074700000000002
0 0.421015625 0.011661807580174927 0.020000000000000018 0.024254
0 0.4875 0.2567122157434402 0.06375000000000003 0.126866
0 0.5079687500000001 0.01020408163265306 0.024999999999999967 0.020522
0 0.5914453125 0.014577259475218658 0.026249999999999996 0.031716
0 0.6309765625 0.3018964897959184 0.06499999999999995 0.12313400000000004
0 0.625625 0.02478134110787172 0.03125 0.052239
0 0.719765625 0.02973616326530612 0.02124999999999999 0.042911000000000005
0 0.7461328125 0.28866211953352766 0.07374999999999998 0.139926
0 0.72796875 0.12447788921282799 0.02499999999999991 0.04477600000000002
0 0.759375 0.021865889212827987 0.03249999999999997 0.044775999999999996
0 0.8205859375 0.3056817930029155 0.015000000000000013 0.05597
0 0.8684765625 0.3120400379008746 0.06624999999999992 0.11753800000000005
0 0.89671875 0.045711615160349856 0.023749999999999938 0.048508
0 0.919375 0.26317906705539357 0.03249999999999997 0.05410499999999999
0 0.9290625 0.3728457930029154 0.016249999999999987 0.05597000000000004
0 0.944765625 0.011661807580174927 0.019999999999999907 0.024254
