0 0.7973434375 0.8786611705639614 0.093642 0.20521199999999998
0 0.1984634375 0.5901587689133425 0.030058 0.048860000000000035
0 0.2007754375 0.6529173163686381 0.030058 0.055375000000000105
0 0.31576475 0.5499487372764786 0.024278000000000022 0.04234499999999997
0 0.41064212499999997 0.594901379642366 0.03699400000000003 0.06840399999999987
0 0.49698824999999996 0.3367038321870701 0.04046199999999994 0.06026000000000004
0 0.671037625 0.5634847056396148 0.01965300000000003 0.03582999999999999
0 0.6928231875 0.6113317689133424 0.0219649999999999 0.04723100000000013
0 0.8585794375 0.6113317689133424 0.03005699999999989 0.04723100000000013
0 0.8616091875 0.6150957372764787 0.023120999999999836 0.04234500000000005
0 0.8831369375 0.5659822530949106 0.015028000000000041 0.04560300000000003
0 0.9167413124999999 0.5776357372764788 0.026590000000000114 0.04234599999999995
0 0.9456433125 0.6628327056396149 0.025432999999999928 0.037459000000000055
0 0.9806841875 0.6403942847317745 0.02196600000000004 0.050488999999999874
