0 0.09230468750000001 0.3460175294117647 0.06874999999999998 0.11958600000000004
0 0.1625 0.2383762941176471 0.06375 0.12806
0 0.203125 0.33159729411764705 0.06437499999999999 0.12711800000000004
0 0.40078125 0.2801568235294118 0.07187500000000002 0.146893
0 0.4352734375 0.42729276470588234 0.060624999999999984 0.11111100000000003
0 0.4751171875 0.3546715882352941 0.053749999999999964 0.10546200000000003
0 0.57 0.2766231764705882 0.06375000000000008 0.156309
0 0.6055859375 0.4100475294117647 0.04500000000000004 0.11770300000000003
0 0.731796875 0.432298 0.05999999999999994 0.10169400000000002
0 0.775078125 0.2558548823529412 0.0681250000000001 0.13088499999999997
0 0.858125 0.3085325882352941 0.0625 0.103578
