0 0.7250247712609971 0.1057651875 0.32222199999999984 0.11574100000000001
0 0.19569925806451613 0.35226443749999997 0.25833300000000003 0.12314800000000004
0 0.1689961935483871 0.51825825 0.197222 0.1342589999999999
0 0.21236525806451612 0.11958875 0.258334 0.149074
0 0.27286597653958944 0.723611 0.34166599999999997 0.12592599999999998
0 0.45757609090909096 0.3575815 0.183333 0.079629
0 0.4484683343108505 0.1538775 0.155556 0.07962899999999999
0 0.4452266803519061 0.77682325 0.13611100000000007 0.07129600000000003
0 0.47254002639296183 0.5456595000000001 0.11944399999999998 0.047221999999999875
0 0.7443062961876833 0.752850375 0.2083329999999999 0.07500000000000007
0 0.7844327067448679 0.313440875 0.25277800000000006 0.09166599999999997
0 0.8000158475073312 0.5335580625 0.2138889999999999 0.08055499999999999
