0 0.07593749999999999 0.36983650210970465 0.078125 0.09459500000000008
0 0.1080859375 0.4951529578059071 0.046249999999999986 0.1441450000000001
0 0.138046875 0.15946726019690577 0.06000000000000001 0.11711699999999999
0 0.169375 0.5164708832630099 0.095 0.19729699999999983
0 0.227578125 0.9227963670886076 0.191875 0.152252
0 0.2934765625 0.3971490928270043 0.065 0.08558599999999998
0 0.3538671875 0.33358062306610403 0.05437500000000001 0.08288300000000004
0 0.5769140625 0.9604976835443039 0.08187500000000003 0.07657599999999992
0 0.597890625 0.46179321378340366 0.05125000000000002 0.07387399999999997
0 0.6578125 0.8084923066104078 0.078125 0.15945899999999988
0 0.7037109375 0.5075645625879044 0.04499999999999993 0.08918899999999995
0 0.7335546875 0.44918121378340364 0.038125000000000075 0.07567500000000003
0 0.7804296875 0.45194792545710266 0.03875000000000006 0.05585600000000008
0 0.805 0.5903633670886076 0.0625 0.15315400000000007
0 0.857421875 0.8707642461322082 0.12187499999999996 0.16396399999999997
0 0.8819921875 0.6394910928270042 0.053750000000000075 0.086487
0 0.953984375 0.8408790787623065 0.07437499999999997 0.1342340000000002
0 0.96765625 0.6463220464135021 0.03937500000000005 0.04414399999999995
