0 0.06244904377104377 0.231640625 0.088362 0.08374999999999999
0 0.20541169248035915 0.164453125 0.053161000000000014 0.06812499999999999
0 0.34599334455667785 0.0877734375 0.02370700000000004 0.030625
0 0.4111396992143659 0.2159765625 0.06609200000000005 0.065
0 0.517640037037037 0.219765625 0.07471300000000004 0.08375000000000002
0 0.5756076891133559 0.1133203125 0.04525899999999985 0.058124999999999996
0 0.7414081178451177 0.637734375 0.2377880000000001 0.29375
0 0.6674693714927049 0.2737890625 0.07686799999999983 0.11249999999999999
0 0.648436344556678 0.10375 0.02370699999999985 0.0325
0 0.804278037037037 0.1439453125 0.07471300000000017 0.08937499999999998
0 0.8521876891133557 0.1005859375 0.04525900000000004 0.04625
0 0.8725743445566779 0.1116015625 0.02370599999999995 0.03437499999999999
0 0.9378533782267117 0.2137109375 0.08979899999999996 0.07812499999999997
0 0.9347140202020203 0.13015625 0.040947999999999936 0.03937499999999999
0 0.9767843546576881 0.114296875 0.043821999999999965 0.059375
