0 0.07875 0.2623856772655008 0.031875 0.06313699999999997
0 0.1526953125 0.27130137678855326 0.02562499999999998 0.04786199999999996
0 0.1626953125 0.3230385023847377 0.02687500000000001 0.06415499999999998
0 0.2125390625 0.3017267265500795 0.019375000000000003 0.04175200000000001
0 0.2270703125 0.22095620190779014 0.026874999999999982 0.05397199999999999
0 0.25187499999999996 0.27448102702702704 0.031875000000000014 0.05600799999999998
0 0.2886328125 0.2649212782193959 0.04125000000000001 0.08757599999999997
0 0.3553125 0.23273002702702705 0.01687500000000003 0.05600800000000003
0 0.378203125 0.23953550238473764 0.03687500000000005 0.06619200000000001
0 0.44 0.2692653767885532 0.03187499999999999 0.049898
0 0.4859765625 0.2774638028616852 0.034375000000000044 0.07637400000000003
0 0.5733984375 0.22955037678855328 0.02937500000000004 0.047860999999999994
0 0.593359375 0.2662618028616852 0.043749999999999956 0.07739299999999995
0 0.671875 0.18409932750397456 0.03187499999999999 0.06720999999999999
0 0.6972265625 0.25831267726550083 0.03374999999999995 0.06110000000000002
0 0.7880078125 0.28128750238473765 0.04125000000000001 0.06619100000000006
0 0.7916796875 0.19485415262321143 0.038125000000000075 0.07230100000000002
0 0.88734375 0.22699397774244828 0.024375000000000036 0.07331899999999997
0 0.9079296875 0.25130932750397456 0.03874999999999995 0.069246
