0 0.0271875 0.5455723499267935 0.048125 0.07879900000000012
0 0.0544140625 0.5397158345534406 0.019375000000000003 0.06566600000000007
0 0.10875 0.6829624421669108 0.063125 0.1482179999999999
0 0.180234375 0.525758092240117 0.044375 0.07035700000000009
0 0.20515625 0.5892504787701317 0.040624999999999994 0.08067500000000007
0 0.2077734375 0.35427244802342606 0.030625000000000013 0.05628499999999996
0 0.25082031250000003 0.41783393265007324 0.02562499999999998 0.04408999999999993
0 0.290234375 0.53911960761347 0.04375000000000001 0.08255100000000011
0 0.33078125 0.5861378653001464 0.03937499999999999 0.09005599999999997
0 0.361953125 0.3522120922401171 0.03562500000000002 0.07317100000000001
0 0.4112890625 0.6204349941434846 0.049375 0.09286999999999998
0 0.4378515625 0.5605813499267935 0.03437499999999999 0.076923
0 0.534375 0.5150973191800879 0.03312499999999996 0.05347099999999999
0 0.58015625 0.5811050922401171 0.039999999999999925 0.07317100000000001
0 0.6190625 0.6177342518301611 0.046875 0.09943800000000001
0 0.6202734375 0.5369709326500733 0.030625000000000013 0.04408999999999993
0 0.67765625 0.5455281903367497 0.040000000000000036 0.052532999999999934
0 0.8001953125 0.4486247979502196 0.02562500000000001 0.1322700000000001
0 0.985546875 0.6534523499267937 0.02749999999999997 0.076923
