0 0.0409765625 0.5848580922401171 0.034999999999999996 0.0712940000000001
0 0.1902734375 0.6145343191800878 0.029374999999999984 0.05440900000000005
0 0.2972265625 0.6132987057101026 0.03375 0.06378899999999989
0 0.4658984375 0.6242129326500732 0.030625000000000013 0.0459670000000001
0 0.5196484375 0.626317448023426 0.02937500000000004 0.057223000000000065
0 0.6520703125 0.5954747057101025 0.026874999999999982 0.06379000000000003
0 0.7490234375 0.6016288345534406 0.030625000000000013 0.06566599999999999
0 0.863828125 0.30903415373352855 0.13 0.11726100000000002
0 0.861796875 0.6149461903367497 0.028124999999999956 0.05253300000000002
0 0.96359375 0.6323583191800879 0.024374999999999925 0.05534700000000003
