0 0.005859375 0.3777317592339261 0.0125 0.061296000000000045
0 0.121875 0.23510873734610122 0.031875 0.06654999999999998
0 0.16171875 0.6197884199726402 0.024375000000000008 0.147111
0 0.171015625 0.4684696497948016 0.020625000000000004 0.09019199999999997
0 0.25875000000000004 0.27331080300957594 0.0325 0.050787999999999986
0 0.366953125 0.2225747045143639 0.036250000000000004 0.07443099999999997
0 0.4264453125 0.2583148248974008 0.026874999999999982 0.046410000000000014
0 0.455859375 0.29497967168262657 0.04312499999999997 0.08318800000000004
0 0.5480078125 0.21211960601915184 0.04125000000000001 0.09894900000000002
0 0.6686328125 0.23806267168262651 0.04250000000000009 0.08406300000000004
0 0.825859375 0.2566125512995896 0.04375000000000007 0.11295999999999999
