0 0.0846875 0.28970058823529415 0.0475 0.10451999999999996
0 0.138046875 0.3631988823529412 0.05875000000000001 0.13088600000000003
0 0.205703125 0.3317240588235294 0.03562500000000002 0.08662900000000001
0 0.26285156249999997 0.33524711764705883 0.06500000000000003 0.12240999999999999
0 0.3577734375 0.3019415882352941 0.06187500000000001 0.10546100000000005
0 0.432578125 0.36225788235294115 0.06687500000000002 0.129943
0 0.6467578125 0.3610312352941176 0.04125000000000001 0.09322000000000004
0 0.6690234375 0.19513676470588237 0.030625000000000013 0.05932199999999994
0 0.6923046875 0.3352994117647059 0.06937500000000008 0.14877600000000002
0 0.8446875 0.2815635294117647 0.07937499999999997 0.16855
0 0.9864453125 0.254331 0.02562500000000001 0.10169500000000005
