0 0.0146484375 0.6185416666666667 0.030625 0.05333299999999993
0 0.0302734375 0.7911979166666666 0.060625 0.12250000000000005
0 0.494140625 0.5861975833333334 0.98875 0.705834
0 0.02046875 0.46593750000000006 0.024375 0.04833299999999996
0 0.0369140625 0.4116663333333333 0.019375 0.041666999999999975
0 0.103359375 0.31838575 0.011874999999999997 0.024165999999999983
0 0.1298828125 0.3982815833333333 0.01125000000000001 0.02083300000000003
0 0.1574609375 0.5145836666666667 0.014374999999999999 0.022499999999999964
0 0.19640625 0.6885934166666666 0.04000000000000001 0.07749999999999997
0 0.21828125 0.5566149166666666 0.03999999999999998 0.06083300000000006
0 0.2461328125 0.4257815833333334 0.009999999999999981 0.020832999999999952
0 0.2709375 0.5382291666666666 0.01687500000000003 0.03749999999999994
0 0.3703125 0.5915625 0.046875 0.07916699999999999
0 0.415390625 0.37453125 0.11499999999999999 0.03916700000000003
0 0.4982421875 0.42692674999999997 0.210625 0.11916700000000002
0 0.426953125 0.5589065833333334 0.03687499999999999 0.05166599999999999
0 0.41578125 0.3440104166666667 0.008750000000000036 0.013332999999999965
0 0.4713671875 0.5793229166666666 0.023125000000000007 0.029167000000000016
0 0.5207421875 0.5484899166666667 0.02312499999999995 0.03083299999999989
0 0.5694921875 0.530625 0.021874999999999978 0.03250000000000005
0 0.6743359375 0.4311979166666666 0.10750000000000004 0.12250000000000005
0 0.69984375 0.49401075 0.024375000000000036 0.055000000000000014
0 0.8194140625 0.27598925 0.04937499999999995 0.07249999999999997
0 0.86875 0.62703125 0.03125 0.03999999999999989
0 0.94421875 0.8796350833333334 0.08625000000000005 0.12916699999999995
0 0.9589453125 0.7142708333333334 0.05687500000000001 0.08916699999999993
0 0.965625 0.570417 0.032500000000000084 0.06333300000000008
0 0.9599609375 0.33661458333333333 0.01375000000000004 0.01999999999999998
