0 0.20205762500000002 0.35228038067349926 0.05166599999999996 0.10000000000000006
0 0.2424609375 0.5522803806734993 0.04500000000000001 0.1000000000000001
0 0.2699873125 0.3364238653001464 0.05833299999999997 0.09000000000000004
0 0.3147001875 0.458316251830161 0.05333399999999999 0.09749999999999996
0 0.3816533125 0.3937445095168375 0.05666699999999997 0.10499999999999997
0 0.3832685625 0.1844619326500732 0.034999999999999976 0.045
0 0.4705078125 0.23203147877013175 0.04166700000000001 0.08000000000000002
0 0.4877470625 0.35745973645680823 0.050000000000000044 0.08750000000000002
0 0.5131513750000001 0.1597108345534407 0.04333300000000001 0.06499999999999999
0 0.5441279375 0.23349560761346996 0.04500000000000004 0.08250000000000003
0 0.5733203125 0.32624450951683753 0.05666699999999991 0.10500000000000001
0 0.685963875 0.3172803806734993 0.06000000000000005 0.09999999999999998
0 0.81567675 0.3677086383601757 0.05500000000000005 0.10749999999999998
