0 0.13953125 0.36061093265007316 0.04000000000000001 0.04409000000000001
0 0.1903515625 0.5777649633967789 0.035 0.06754200000000002
0 0.3407421875 0.5519108345534407 0.023125000000000007 0.06472799999999992
0 0.3894921875 0.3919097057101025 0.021875000000000033 0.06378999999999994
0 0.480078125 0.5211381903367496 0.03562499999999996 0.051594000000000154
0 0.5183203125 0.5299229633967788 0.02562500000000001 0.0675420000000001
0 0.5965234375 0.40556883455344067 0.030625000000000013 0.06566600000000003
0 0.6414453125 0.3608394480234261 0.02562500000000001 0.05722299999999998
0 0.7066015625 0.41330234992679354 0.03375000000000006 0.076923
0 0.7613671875 0.3789610614934114 0.021874999999999978 0.04878000000000006
0 0.76625 0.5434678345534406 0.03187499999999999 0.06566600000000007
0 0.7953125 0.3783648345534407 0.016874999999999973 0.06566599999999995
0 0.851171875 0.5785887057101026 0.028124999999999956 0.06378999999999986
0 0.8695703125 0.3672921903367496 0.026874999999999982 0.05159400000000003
0 0.984296875 0.54099560761347 0.028125000000000067 0.08442799999999995
