0 0.11542918749999999 0.3651045 0.02187600000000002 0.04791599999999999
0 0.1798828125 0.382292 0.010937000000000002 0.03333300000000006
0 0.2421875 0.3710940833333334 0.017188000000000037 0.03541599999999997
0 0.30625050000000004 0.3869791666666667 0.017186999999999952 0.03749999999999994
0 0.37363331250000004 0.404167 0.026561999999999975 0.06458299999999999
0 0.5240229375 0.3856770833333334 0.014063000000000048 0.035416999999999955
0 0.5935541875 0.3783854166666667 0.021876000000000007 0.045832999999999936
0 0.623046875 0.63619825 0.059374999999999956 0.10416600000000005
0 0.72109375 0.40390658333333335 0.025000000000000022 0.04999999999999997
0 0.83359325 0.4169274166666667 0.04062599999999994 0.07708299999999994
0 0.8953125 0.644792 0.046875 0.09375000000000007
0 0.9253901250000001 0.4403649166666667 0.035937999999999914 0.06041599999999995
