0 0.0107421875 0.6913024166666667 0.021875 0.04583300000000001
0 0.1106640625 0.27015591666666666 0.018125000000000002 0.030834000000000028
0 0.164609375 0.32921875 0.013124999999999998 0.02416700000000001
0 0.175859375 0.24578158333333336 0.013124999999999998 0.019165999999999943
0 0.335234375 0.7766145833333332 0.012500000000000011 0.019167000000000083
0 0.369375 0.8176559166666667 0.03125 0.029167000000000016
0 0.385625 0.26828091666666665 0.03125 0.060834000000000055
0 0.4720703125 0.4453642500000001 0.026249999999999996 0.03999999999999996
0 0.5019140625 0.4484899166666667 0.018125000000000002 0.029999999999999954
0 0.590546875 0.12250033333333332 0.028749999999999942 0.044166000000000004
0 0.6120703125 0.6119270833333333 0.026874999999999982 0.03416700000000006
0 0.780859375 0.6884892499999999 0.043749999999999956 0.07250000000000008
0 0.853046875 0.15239616666666667 0.028125000000000067 0.03750000000000001
0 0.8682421875 0.10072916666666666 0.02312499999999995 0.0375
0 0.9363671875 0.7876559166666667 0.022499999999999964 0.03083399999999988
0 0.9368359375 0.6869270833333334 0.013749999999999929 0.03583299999999993
0 0.95953125 0.7004166666666666 0.008750000000000036 0.022500000000000114
0 0.9948046875 0.7323961666666667 0.007500000000000062 0.036665999999999865
