0 0.0146484375 0.46453774645030427 0.030208 0.09090999999999991
0 0.1216796875 0.444648939148073 0.037500000000000006 0.10173200000000004
0 0.1960283125 0.3657873610547667 0.02604200000000001 0.06709999999999999
0 0.2345703125 0.38743236105476675 0.02604200000000001 0.06709999999999992
0 0.2488935625 0.4971413488843813 0.033333 0.08874499999999994
0 0.26197950000000003 0.36822456592292085 0.01666599999999996 0.058441000000000035
0 0.2847001875 0.36348675862068963 0.02291700000000002 0.069264
0 0.2985029375 0.23876237322515215 0.014583000000000013 0.04761899999999998
0 0.3046875 0.34495897565922923 0.015625 0.04329000000000001
0 0.3251953125 0.4374885659229209 0.02604200000000001 0.06060600000000007
0 0.323307625 0.34942457809330624 0.019791000000000003 0.038961000000000065
0 0.3504560625 0.329399168356998 0.017708 0.054112999999999925
0 0.37213575 0.38634354158215006 0.025000000000000022 0.09740300000000005
0 0.4163408125 0.44437673427991886 0.04166700000000001 0.11038999999999999
0 0.4150390625 0.3318363732251521 0.01874999999999999 0.04761900000000001
0 0.44713575 0.37633815618661254 0.02395799999999998 0.07359299999999995
0 0.46803418750000003 0.3640311683569979 0.021874999999999978 0.05411300000000004
0 0.4827470625 0.3402221683569979 0.01874999999999999 0.05627700000000007
0 0.5048828125 0.46399333671399595 0.04166700000000001 0.10606099999999999
0 0.5421875 0.35781037322515213 0.015625 0.045453999999999974
0 0.54036425 0.44127315618661256 0.009375000000000022 0.07359300000000008
0 0.5900390625 0.34657956592292094 0.017707999999999946 0.05844099999999997
0 0.60651075 0.37674596348884376 0.025000000000000022 0.06277100000000005
0 0.607942375 0.3218299878296146 0.013541999999999943 0.02381000000000004
0 0.6253251875 0.4374885659229209 0.021874999999999978 0.05844099999999997
0 0.6568359375 0.24525637322515215 0.014583000000000013 0.04545400000000003
0 0.685286125 0.41190973427991884 0.03645900000000002 0.11255400000000007
0 0.6908203125 0.3488801683569979 0.02604200000000001 0.05627700000000007
0 0.7140625 0.33819377079107504 0.016666999999999987 0.051948000000000064
0 0.740625 0.3975743488843813 0.03125 0.08658000000000002
0 0.7837890625 0.2950393732251521 0.017707999999999946 0.04761900000000001
0 0.790754875 0.3549653610547667 0.029167000000000054 0.06709900000000003
0 0.820703125 0.4550631318458418 0.03645799999999999 0.11471899999999993
0 0.875390625 0.264600770791075 0.019792000000000032 0.05194799999999998
0 0.90390625 0.4761637221095335 0.04062500000000002 0.12987100000000004
