0 0.0029296875 0.373342875 0.006634999999999999 0.12227499999999997
0 0.327730625 0.33387618750000003 0.11374400000000001 0.209479
0 0.4184394375 0.05555025 0.029383999999999966 0.040757999999999996
0 0.53137925 0.1844888125 0.04075899999999999 0.042654
0 0.6061745624999999 0.2244140625 0.034124000000000154 0.050236999999999976
0 0.628895 0.149675875 0.031279999999999974 0.058768
0 0.6564696875 0.21111549999999998 0.037914 0.04739300000000002
0 0.752000875 0.343440875 0.15260700000000005 0.216114
0 0.8088461875 0.219416 0.02274900000000002 0.03128
0 0.8211110625 0.207036875 0.01895799999999992 0.027488000000000012
0 0.863966 0.1997119375 0.03317599999999998 0.04549799999999998
0 0.9520594375000001 0.31845256250000004 0.09289099999999995 0.12701499999999993
