0 0.021198250000000002 0.4894140625 0.04166599999999999 0.04999999999999999
0 0.025155916666666667 0.598828125 0.03 0.036250000000000004
0 0.039427083333333335 0.3390234375 0.034166999999999996 0.029374999999999984
0 0.09604166666666668 0.723828125 0.05249999999999999 0.0668749999999999
0 0.09859408333333332 0.5998046875 0.03416600000000001 0.03749999999999998
0 0.12484374999999999 0.1545703125 0.056667 0.05812500000000001
0 0.12473958333333335 0.891171875 0.04999999999999997 0.05937500000000007
0 0.12770866666666666 0.0244140625 0.05250000000000001 0.050625
0 0.12765591666666665 0.3222265625 0.03000000000000001 0.034375000000000044
0 0.1313538333333333 0.475546875 0.027500000000000007 0.027500000000000024
0 0.17369825000000003 0.6027734375 0.03916600000000001 0.02937500000000004
0 0.22057258333333332 0.7159765625 0.05000000000000001 0.06500000000000006
0 0.23317675000000002 0.0146484375 0.05499999999999997 0.03
0 0.23531283333333333 0.13972656249999998 0.059165999999999976 0.06499999999999999
0 0.24296841666666666 0.475390625 0.045000000000000005 0.05124999999999996
0 0.245625 0.32015625 0.031666999999999966 0.03937500000000005
0 0.26401075 0.9882421875 0.05666599999999996 0.021874999999999978
0 0.25635383333333334 0.59171875 0.027500000000000007 0.02375000000000005
0 0.26786424999999997 0.8884375 0.04083400000000004 0.04812499999999997
0 0.311458 0.223125 0.031667 0.0325
0 0.32395799999999997 0.0652734375 0.03250000000000005 0.029375
0 0.32979200000000003 0.1396484375 0.03166599999999997 0.030625000000000013
0 0.33635383333333335 0.58875 0.027500000000000042 0.03249999999999997
0 0.3549479166666667 0.706875 0.05999999999999998 0.06312499999999999
0 0.3563024166666667 0.4687109375 0.04583300000000001 0.04625000000000001
0 0.3651559166666667 0.297578125 0.029167000000000016 0.03624999999999995
0 0.3838024166666667 0.8805859375 0.045832999999999936 0.04625000000000001
0 0.3919270833333333 0.052421875 0.03416699999999998 0.028750000000000005
0 0.4088538333333333 0.12 0.02750000000000008 0.0325
0 0.41942708333333334 0.578203125 0.03416700000000006 0.036250000000000004
0 0.45869825000000003 0.042226562499999995 0.03916599999999996 0.034375
0 0.4782291666666667 0.7030859375 0.03833299999999995 0.04625000000000001
0 0.4939065833333333 0.8794921875 0.05000000000000012 0.05312499999999998
0 0.4916663333333333 0.452734375 0.041666999999999975 0.044375
0 0.4888538333333334 0.106328125 0.027500000000000007 0.036250000000000004
0 0.5057291666666667 0.585 0.03833300000000003 0.032500000000000084
0 0.5191149166666666 0.9912109375 0.061666000000000075 0.015000000000000013
0 0.5257291666666667 0.0303515625 0.036667000000000005 0.034375
0 0.548125 0.171875 0.031667000000000035 0.0325
0 0.5702600833333333 0.0896484375 0.03416700000000006 0.029375
0 0.5964065833333333 0.694140625 0.04999999999999997 0.05249999999999999
0 0.591458 0.0175 0.031667000000000035 0.0325
0 0.591458 0.568046875 0.031667000000000035 0.028750000000000053
0 0.6121354166666667 0.880390625 0.045000000000000005 0.05125000000000002
0 0.6361458333333334 0.441796875 0.05749999999999996 0.05937500000000001
0 0.6571354166666666 0.98609375 0.04583300000000009 0.025000000000000022
0 0.6660940833333334 0.245 0.035833000000000004 0.03250000000000003
0 0.6779684166666667 0.0728125 0.04499999999999993 0.048125
0 0.6925003333333333 0.568203125 0.043333000000000066 0.03562500000000002
0 0.7081767500000001 0.6922265625 0.05666700000000002 0.06499999999999995
0 0.7385416666666668 0.866640625 0.052499999999999915 0.05249999999999999
0 0.7609375000000002 0.419140625 0.048332999999999814 0.05125000000000002
0 0.7819270833333333 0.5552734375 0.03416700000000006 0.030625000000000013
0 0.8014065833333334 0.23296875 0.04999999999999997 0.05625000000000002
0 0.8134892499999999 0.980078125 0.07083400000000006 0.03687499999999999
0 0.8239065833333333 0.0528125 0.04999999999999997 0.0475
0 0.8318746666666668 0.679609375 0.052499999999999915 0.04437500000000005
0 0.8660416666666667 0.8637890625 0.052499999999999915 0.04937500000000006
0 0.88286425 0.5466015625 0.04083399999999996 0.03437499999999993
0 0.9104170000000001 0.393671875 0.06333299999999993 0.06
0 0.9380725833333333 0.217265625 0.04999999999999997 0.05125000000000002
0 0.9592705 0.678515625 0.04750000000000002 0.05125000000000002
0 0.9751045 0.9809765625 0.04750000000000002 0.03500000000000003
0 0.9802600833333334 0.84421875 0.03583400000000007 0.05499999999999994
