0 0.0244140625 0.46223856749672343 0.049406 0.1275170000000001
0 0.0378215 0.2665095596330275 0.04878 0.09395899999999997
0 0.5237409375 0.14501304718217564 0.95122 0.206376
0 0.2435314375 0.37247671166448226 0.06191399999999997 0.08473100000000004
0 0.3271901875 0.37468315989515066 0.02188800000000002 0.027685000000000057
0 0.3271901875 0.20715716775884668 0.023138999999999965 0.062080999999999976
0 0.5434019375 0.6541905032765399 0.07629700000000006 0.182047
0 0.7182565 0.2520422398427261 0.016886000000000068 0.041107000000000005
0 0.8024100625 0.18345870380078638 0.019386999999999932 0.051175000000000005
0 0.9447386875 0.5737587352555701 0.1000629999999999 0.18791899999999995
0 0.9889733749999999 0.10024992791612058 0.011882999999999977 0.020973000000000016
