0 0.312421875 0.20324057562408224 0.02812500000000001 0.05921100000000001
0 0.3933984375 0.32741515418502204 0.09312500000000001 0.160715
0 0.4565234375 0.19836471953010276 0.029374999999999984 0.075188
0 0.5525390625 0.23454928928046992 0.08062500000000006 0.052631999999999984
0 0.628125 0.3621912936857562 0.06312499999999999 0.113722
0 0.6296484375 0.22327128928046988 0.030625000000000013 0.052632000000000026
0 0.7126953125 0.38380829368575614 0.057499999999999996 0.1127810000000001
0 0.7094140625 0.2262081468428781 0.018124999999999947 0.056390999999999976
0 0.7551171875 0.23443243171806166 0.021874999999999978 0.046053000000000024
0 0.769765625 0.18556043171806164 0.02124999999999999 0.046052000000000044
0 0.86546875 0.23584186196769455 0.08687500000000004 0.06766900000000002
0 0.8657421875 0.3709440073421439 0.053749999999999964 0.10432300000000003
0 0.9250390625 0.20758800293685759 0.018750000000000044 0.04229299999999999
0 0.9650390625 0.3515007209985316 0.04999999999999993 0.09586499999999995
