0 0.060859375 0.314019576652602 0.011875000000000004 0.04050399999999998
0 0.1795703125 0.28865195780590713 0.057499999999999996 0.14581400000000005
0 0.2144921875 0.3375345161744023 0.021875000000000006 0.04590499999999999
0 0.2865625 0.3230778045007033 0.11062500000000003 0.06660699999999994
0 0.277734375 0.3721877580872011 0.012500000000000011 0.024302999999999977
0 0.38828125 0.3238643488045007 0.008124999999999993 0.016200999999999965
0 0.396484375 0.3649867580872011 0.013124999999999998 0.024303000000000016
0 0.455859375 0.4512271068917018 0.04375000000000001 0.03870400000000003
0 0.52546875 0.3438912278481013 0.024374999999999925 0.027903
0 0.5740625 0.3411355161744023 0.016874999999999973 0.04770499999999994
0 0.6334375 0.3750006976090014 0.016249999999999987 0.029702999999999993
0 0.6753125 0.35677381856540086 0.015625 0.01800199999999995
0 0.7373046875 0.33427181856540084 0.006249999999999978 0.018901000000000053
0 0.7449609375 0.34878575808720114 0.014374999999999916 0.023402000000000006
0 0.7830078125 0.38968480450070314 0.04125000000000001 0.06480600000000004
