0 0.4990234375 0.26880269399707174 0.999375 0.24390200000000006
0 0.01890625 0.5291683191800879 0.009375000000000001 0.05440899999999988
0 0.0360546875 0.5775105095168375 0.03875 0.10412799999999997
0 0.0666015625 0.7321553133235725 0.034375 0.1463409999999999
0 0.077109375 0.6167790307467057 0.01187500000000001 0.02345200000000001
0 0.125625 0.7922364729136163 0.064375 0.17073199999999994
0 0.154921875 0.9438906383601756 0.058750000000000024 0.10788000000000021
0 0.1990234375 0.435131803806735 0.030624999999999986 0.042213999999999974
0 0.25375000000000003 0.43746383455344073 0.03312499999999999 0.06660399999999995
0 0.31125 0.43769234992679357 0.03187499999999999 0.07879899999999995
0 0.3645703125 0.45750560761347003 0.026874999999999982 0.082552
0 0.4036328125 0.49994812298682284 0.041874999999999996 0.09380799999999996
0 0.51234375 0.5313601537335285 0.05625000000000002 0.118199
0 0.59109375 0.5509468960468522 0.05625000000000002 0.11163199999999995
0 0.656640625 0.40527122108345537 0.020625000000000004 0.075047
0 0.689375 0.6930970863836017 0.06437500000000007 0.16322700000000015
0 0.7371484375 0.41986834992679356 0.02937499999999993 0.07879900000000004
0 0.8330859375 0.4169842518301611 0.04499999999999993 0.099437
0 0.9105859375 0.8101305710102489 0.10749999999999993 0.15009300000000003
0 0.9471484375 0.46006615373352855 0.06062500000000004 0.11726099999999993
