0 0.0631640625 0.20302083333333334 0.019374999999999996 0.02749999999999997
0 0.100390625 0.16552083333333334 0.020625000000000004 0.027500000000000007
0 0.1381640625 0.18145799999999998 0.019375000000000003 0.03250000000000001
0 0.2087890625 0.17161458333333335 0.018125000000000002 0.019166999999999972
0 0.368984375 0.4770836666666667 0.075625 0.022499999999999964
0 0.3505078125 0.23364550000000003 0.010624999999999996 0.015833999999999977
0 0.3638671875 0.15505175 0.021874999999999978 0.025834000000000006
0 0.37265625 0.2502083333333333 0.008124999999999993 0.011667000000000058
0 0.410859375 0.3565104166666666 0.013124999999999998 0.013333000000000114
0 0.42703125 0.3552083333333333 0.009375000000000022 0.011667000000000094
0 0.434609375 0.1553125 0.012499999999999956 0.016667000000000005
0 0.444609375 0.23734341666666667 0.011875000000000024 0.014167000000000004
0 0.4465625 0.35197949999999995 0.015625 0.01750000000000007
0 0.45828125 0.3503125 0.008750000000000036 0.017499999999999998
0 0.465859375 0.12828158333333334 0.013124999999999998 0.019165999999999978
0 0.49375 0.38369824999999996 0.03249999999999997 0.039166000000000034
0 0.531796875 0.37286424999999995 0.02750000000000008 0.040000000000000036
0 0.535234375 0.14651041666666667 0.012499999999999956 0.014166999999999985
0 0.6575390625 0.53921875 0.01937499999999992 0.025832999999999995
0 0.7492578125 0.5962496666666667 0.011249999999999982 0.022499999999999964
0 0.765234375 0.4160413333333333 0.012499999999999956 0.01250000000000003
0 0.85140625 0.5432815833333334 0.009375000000000022 0.019165999999999943
