0 0.0804296875 0.38494791666666667 0.03875000000000001 0.06166700000000006
0 0.140625 0.4377086666666667 0.0325 0.053333
0 0.1460546875 0.6263024166666668 0.037500000000000006 0.04666599999999995
0 0.2162109375 0.6199479166666667 0.044999999999999984 0.06083299999999999
0 0.2160546875 0.43083333333333335 0.03749999999999998 0.04249999999999998
0 0.2928515625 0.42281283333333336 0.03375 0.05833299999999997
0 0.3204296875 0.647083 0.03875000000000001 0.0625
0 0.3408203125 0.3380725833333333 0.02562500000000001 0.05166700000000002
0 0.34875 0.42651075 0.03125 0.055000000000000014
0 0.378046875 0.3880725833333334 0.02812500000000001 0.04999999999999997
0 0.405625 0.43234375 0.03249999999999997 0.055000000000000014
0 0.4170703125 0.3741663333333333 0.02562500000000001 0.04249999999999998
0 0.4279296875 0.63817675 0.03875000000000001 0.05666700000000002
0 0.448828125 0.415417 0.036250000000000004 0.06499999999999995
0 0.4945703125 0.4016663333333333 0.026875000000000038 0.04416699999999999
0 0.514375 0.6288541666666666 0.03312499999999996 0.06916699999999998
0 0.5248046875 0.4403128333333333 0.03875000000000006 0.05833299999999997
0 0.57875 0.382083 0.03249999999999997 0.06416699999999993
0 0.6335546875 0.4741149166666667 0.03875000000000006 0.06166599999999992
0 0.6675 0.39958299999999997 0.03249999999999997 0.0625
0 0.73625 0.3091149166666667 0.032500000000000084 0.061666
0 0.7458984375 0.4453128333333334 0.02937500000000004 0.05833299999999989
0 0.8233984375 0.41890658333333336 0.02937500000000004 0.050000000000000044
