0 0.4986979166666667 0.6446484375 0.999167 0.249375
0 0.035729166666666666 0.581953125 0.038333 0.03562500000000002
0 0.13046841666666667 0.6607421875 0.04583400000000001 0.05312499999999998
0 0.2027600833333333 0.6037109375 0.034167000000000024 0.0462499999999999
0 0.2644270833333333 0.6016015625 0.035833000000000004 0.03375000000000006
0 0.3542705 0.6619140625 0.04749999999999995 0.04937500000000006
0 0.36833333333333335 0.583125 0.04333299999999999 0.03125
0 0.56536425 0.5947265625 0.04083400000000004 0.03374999999999995
0 0.7193746666666666 0.6576953125 0.052499999999999915 0.05812499999999998
0 0.9305725833333334 0.6421875 0.04999999999999997 0.04812499999999997
0 0.94375 0.730703125 0.06333300000000008 0.06812499999999999
