0 0.208835625 0.21622433372228705 0.021395000000000025 0.029999999999999975
0 0.26841618749999996 0.1830589171528588 0.023256000000000054 0.03555500000000002
0 0.42562618750000003 0.7720586394399067 0.023255999999999943 0.039999999999999966
0 0.46218256250000006 0.5042806394399066 0.033488999999999935 0.039999999999999966
0 0.520463625 0.8078929451575262 0.020465000000000066 0.05222200000000007
0 0.5706490625 0.7863360560093349 0.018604999999999983 0.033332999999999974
0 0.5896711250000001 0.5108401400233372 0.03627899999999995 0.08222200000000005
0 0.7500881875000001 0.5052292788798133 0.05302299999999993 0.08111100000000003
0 0.79162425 0.19478238973162193 0.03906999999999994 0.06222300000000002
0 0.848090875 0.7648382508751458 0.027907000000000015 0.06444500000000003
