0 0.0126953125 0.7807077979502196 0.02625 0.1341459999999999
0 0.191640625 0.27814725183016104 0.05124999999999999 0.09849900000000002
0 0.3126171875 0.4508512884333822 0.021874999999999978 0.03189499999999993
0 0.3840625 0.36026915959004396 0.01687500000000003 0.029080999999999965
0 0.4441015625 0.5329213191800878 0.03437499999999999 0.05440900000000005
0 0.4681640625 0.3997824172767203 0.018125000000000002 0.03283300000000008
0 0.5329296875 0.4898825768667643 0.03874999999999995 0.06003800000000004
0 0.5965625 0.2956554172767204 0.016874999999999973 0.03470899999999998
0 0.6695703125 0.4937056749633968 0.026874999999999982 0.04033700000000005
0 0.807734375 0.2921309326500732 0.012499999999999956 0.04409000000000001
0 0.869453125 0.4644403191800878 0.03687499999999999 0.05347099999999999
