0 0.0078125 0.9309608345534408 0.015833 0.06624999999999996
0 0.0146484375 0.776174963396779 0.030833 0.06749999999999995
0 0.0807421875 0.9367825768667642 0.023332999999999993 0.060000000000000026
0 0.10076856249999999 0.6262097364568082 0.033333 0.08499999999999992
0 0.10938768750000001 0.9067825768667642 0.03749999999999999 0.060000000000000026
0 0.119504875 0.6101390922401171 0.028334000000000012 0.07249999999999998
0 0.1755078125 0.7562097364568082 0.04166700000000001 0.085
0 0.2324345625 0.9470314787701317 0.033334 0.08124999999999996
0 0.4627470625 0.4871705710102489 0.049167000000000016 0.15124999999999997
0 0.524088875 0.4578477306002929 0.09166600000000003 0.17625
0 0.784817375 0.6093173499267936 0.044166999999999956 0.07624999999999986
0 0.8068876875 0.7928532210834552 0.03750000000000009 0.07500000000000004
0 0.9246748125 0.7745314787701317 0.04249999999999998 0.08124999999999996
