0 0.009765625 0.672467803806735 0.02 0.04221400000000006
0 0.0299609375 0.7142699326500733 0.015 0.04596599999999988
0 0.086484375 0.5393299019033675 0.012499999999999997 0.020637999999999917
0 0.1290625 0.48638503074670575 0.015625 0.02532799999999996
0 0.1630859375 0.475654159590044 0.013750000000000012 0.027204
0 0.1987109375 0.4967040307467057 0.014374999999999999 0.02439000000000007
0 0.224609375 0.5248460307467057 0.011874999999999997 0.025329000000000018
0 0.495390625 0.7346976383601758 0.05125000000000002 0.10787999999999988
0 0.56 0.5018241229868229 0.06312499999999999 0.09662299999999995
0 0.5690625 0.6850045768667643 0.016249999999999987 0.06097599999999994
0 0.907890625 0.5165172884333821 0.020625000000000004 0.031895000000000014
