0 0.2499609375 0.39074000587371505 0.45125000000000004 0.08458699999999995
0 0.167578125 0.10972500587371513 0.12937500000000002 0.084586
0 0.315625 0.6809760102790015 0.09500000000000003 0.14473600000000003
0 0.376015625 0.1611834302496329 0.083125 0.023496000000000024
0 0.353828125 0.08429228634361234 0.0050000000000000044 0.009399000000000003
0 0.3779296875 0.21557757268722466 0.006249999999999978 0.017857
0 0.4503515625 0.11237042878120412 0.0025000000000000022 0.003759999999999972
0 0.4578515625 0.10778828634361232 0.003750000000000031 0.009399000000000013
0 0.758984375 0.237839859030837 0.011874999999999969 0.027256000000000016
0 0.7843359375 0.23584300146842876 0.01375000000000004 0.022556
0 0.840859375 0.20065743024963287 0.013125000000000053 0.023496000000000003
0 0.897109375 0.20423957415565347 0.011874999999999969 0.040413999999999985
0 0.9503125 0.14679171659324522 0.015625 0.03289499999999997
