0 0.025078125 0.2446070614934114 0.036875 0.04967200000000003
0 0.0684765625 0.2661630614934114 0.034999999999999996 0.04779700000000005
0 0.092421875 0.24109157686676427 0.027499999999999997 0.05904400000000001
0 0.161171875 0.396076411420205 0.06 0.12464800000000002
0 0.1529296875 0.27717554612005857 0.03812499999999999 0.03655099999999997
0 0.3013671875 0.30774589604685215 0.053749999999999964 0.11340200000000003
0 0.319375 0.7051780556368961 0.0625 0.137769
0 0.370625 0.40504247877013183 0.0625 0.08059999999999992
0 0.421875 0.2797461537335285 0.06374999999999997 0.11902500000000003
0 0.4521484375 0.32596670571010244 0.030000000000000027 0.061856000000000036
0 0.480234375 0.7997749575402636 0.07562500000000005 0.15932500000000002
0 0.5024609375 0.3123146383601757 0.04625000000000001 0.10590500000000003
0 0.5525 0.28302418448023425 0.0625 0.14058099999999998
0 0.641875 0.25444115373352855 0.06312499999999999 0.11715099999999998
0 0.6856640625 0.7684370863836018 0.08062499999999995 0.16307400000000002
0 0.688984375 0.36016879795021967 0.07437499999999997 0.132146
0 0.7573828125 0.3481020556368961 0.0737500000000001 0.1396439999999999
0 0.87234375 0.2410876383601757 0.055625000000000036 0.10590400000000001
0 0.8860546875 0.37598454026354317 0.06999999999999995 0.12746000000000002
0 0.950078125 0.2624662825768667 0.06812499999999999 0.12277400000000006
