0 0.03461296339677892 0.201953125 0.069418 0.06812499999999999
0 0.1691017364568082 0.0818359375 0.087242 0.076875
0 0.2721505402635432 0.2709765625 0.12757999999999997 0.0975
0 0.2591135768667643 0.0087890625 0.060976000000000065 0.018125
0 0.39401422108345535 0.14304687500000002 0.07410899999999987 0.059999999999999984
0 0.41318809224011704 0.50859375 0.07223200000000014 0.05624999999999997
0 0.5121431229868229 0.1744921875 0.09474600000000002 0.085625
0 0.5506482825768667 0.36875 0.12101300000000001 0.06312499999999999
0 0.5334733865300146 0.4596875 0.010318999999999958 0.01749999999999996
0 0.5437923865300146 0.4596875 0.010318999999999958 0.015625
0 0.5860236076134699 0.039531250000000004 0.08442800000000003 0.071875
0 0.5716367730600294 0.4567578125 0.017823000000000016 0.010624999999999996
0 0.5836032576866765 0.459609375 0.007504999999999947 0.011875000000000024
0 0.7176542210834554 0.199296875 0.07410799999999994 0.06
0 0.8376149633967789 0.0780078125 0.06941800000000005 0.07375000000000001
0 0.8939441229868227 0.220703125 0.09474700000000007 0.06812499999999999
0 0.8923215768667642 0.01171875 0.06097600000000002 0.025
0 0.9546916076134699 0.2256640625 0.082552 0.081875
0 0.9723571903367496 0.35375 0.05159500000000012 0.09375
