0 0.0798046875 0.4594121486880466 0.03875000000000001 0.074697
0 0.1201953125 0.3756933556851312 0.025624999999999995 0.017740000000000065
0 0.1201953125 0.4188053411078717 0.025624999999999995 0.05135400000000005
0 0.22953125 0.4163476967930029 0.03937500000000002 0.06816000000000003
0 0.2672265625 0.46396669679300295 0.03375 0.06909399999999999
0 0.395234375 0.4493894373177843 0.012499999999999956 0.03828199999999995
0 0.41796875 0.46455734110787167 0.023749999999999993 0.05135400000000005
0 0.494140625 0.4500276151603498 0.02124999999999999 0.04948600000000004
0 0.5962109375 0.4142042594752186 0.015000000000000013 0.030812000000000048
0 0.6106640625 0.4539439854227405 0.01937499999999992 0.034547000000000036
0 0.6382421875 0.4703407113702624 0.023125000000000062 0.03641400000000001
0 0.7170703125 0.43788961516034985 0.02562500000000001 0.04668500000000002
0 0.7423828125 0.42914325947521864 0.010624999999999996 0.030812000000000048
0 0.7937890625 0.4702262594752186 0.01937499999999992 0.02987900000000004
0 0.8062109375 0.42757108163265306 0.015000000000000013 0.020542000000000008
0 0.825859375 0.42144435568513117 0.012500000000000067 0.017741000000000066
0 0.866484375 0.41315580758017495 0.013125000000000053 0.023342999999999947
0 0.9530078125 0.4541243556851312 0.010000000000000009 0.019607999999999955
