0 0.07640625 0.5749958401253918 0.133125 0.269076
0 0.1294921875 0.24469647021943577 0.1475 0.21887599999999996
0 0.2159375 0.52930202507837 0.14250000000000002 0.2921689999999999
0 0.2673828125 0.7472968213166145 0.16749999999999998 0.29819200000000007
0 0.4844140625 0.2967763510971787 0.04999999999999999 0.08433700000000005
0 0.4884375 0.7263725548589343 0.048750000000000016 0.07831300000000005
0 0.534140625 0.8230031473354232 0.05249999999999999 0.0903620000000001
0 0.533984375 0.4062143510971787 0.04437500000000005 0.08232899999999996
0 0.6204296875 0.6883423510971787 0.03874999999999995 0.08233000000000001
0 0.638984375 0.25316274921630094 0.04312499999999997 0.08634599999999996
0 0.88171875 0.44760231347962387 0.08750000000000002 0.14658600000000002
