0 0.1499385843621399 0.436015625 0.05793299999999999 0.05124999999999996
0 0.2317771646090535 0.367109375 0.05200799999999999 0.044375
0 0.27757197119341565 0.4369140625 0.053982999999999996 0.049375
0 0.3303609382716049 0.382734375 0.04476600000000003 0.044375
0 0.3762787119341563 0.35640625 0.036208000000000025 0.03937499999999999
0 0.3947943251028807 0.41046875 0.03950000000000001 0.05499999999999999
0 0.4249120987654321 0.3868359375 0.032258000000000016 0.04625000000000001
0 0.49683532510288064 0.412265625 0.03949900000000001 0.05124999999999996
0 0.5059687119341564 0.3523828125 0.036208000000000025 0.04250000000000004
0 0.5452631316872428 0.315859375 0.04147499999999992 0.044375
0 0.5495013251028807 0.3967578125 0.03949999999999989 0.04125000000000001
0 0.5795364855967078 0.36828125 0.028308000000000062 0.03937499999999999
0 0.6169385185185184 0.3854296875 0.037525000000000086 0.07
0 0.6647083251028807 0.3987890625 0.03950000000000001 0.04999999999999999
0 0.6917396790123457 0.34265625 0.025017000000000074 0.03937499999999999
0 0.7311167119341564 0.3387109375 0.035550000000000054 0.04500000000000004
0 0.7394701316872427 0.42921875 0.042791000000000114 0.05499999999999999
0 0.7593853580246913 0.3721484375 0.05069100000000002 0.06187500000000001
0 0.8143971646090535 0.3491796875 0.05266600000000005 0.07
0 0.8882098724279835 0.3671484375 0.023699999999999957 0.030625000000000013
0 0.9710762592592592 0.3898828125 0.019750000000000004 0.04125000000000001
