0 0.0924609375 0.5199898960468521 0.04625 0.11163200000000012
0 0.1746484375 0.7213361229868228 0.061874999999999986 0.09380899999999993
0 0.26296875 0.5965010248901903 0.056249999999999994 0.1153840000000001
0 0.271875 0.4966339326500732 0.03187500000000004 0.04596600000000004
0 0.36515625 0.5187715036603221 0.03999999999999998 0.1960599999999999
0 0.437578125 0.5017981844802342 0.06687500000000002 0.14071300000000003
0 0.6215625 0.4821682825768668 0.04749999999999999 0.12101300000000009
0 0.660859375 0.5595473133235724 0.04437499999999994 0.14634099999999997
0 0.9034375 0.44599515373352855 0.04874999999999996 0.11725999999999998
0 0.956640625 0.6116242825768667 0.05249999999999999 0.12288900000000005
