0 0.06492187499999999 0.13545796385542166 0.060000000000000005 0.12053999999999998
0 0.1449609375 0.7784092530120482 0.04625000000000001 0.15814899999999993
0 0.2371484375 0.6569710843373494 0.029375000000000012 0.13596899999999998
0 0.34359375 0.39817593975903615 0.05500000000000005 0.11861100000000006
0 0.359453125 0.6040637469879517 0.06812499999999999 0.09450300000000003
0 0.518046875 0.4534458674698795 0.059374999999999956 0.10896800000000002
0 0.616640625 0.14377981927710845 0.05124999999999991 0.10318199999999997
0 0.751328125 0.20590718072289155 0.06812499999999999 0.14850500000000003
0 0.8538671875 0.10146886746987951 0.053749999999999964 0.10896800000000001
0 0.87 0.21984177108433736 0.06437499999999996 0.09932500000000001
