0 0.3701171875 0.2903645833333333 0.741406 0.583333
0 0.16425756249999998 0.41041700000000003 0.03437500000000002 0.0625
0 0.31093725 0.37291633333333335 0.039063000000000014 0.04270900000000003
0 0.336328375 0.5210940833333334 0.07500000000000001 0.12916600000000003
0 0.311327625 0.0734375 0.021094 0.04791699999999999
0 0.3695315 0.03489583333333333 0.015625 0.02604200000000001
0 0.3826171875 0.13984341666666666 0.021874999999999978 0.04687499999999998
0 0.3927734375 0.2307288333333333 0.030469000000000024 0.05937499999999999
0 0.45781274999999994 0.08880241666666666 0.025000000000000022 0.04583300000000001
0 0.5236328125 0.2328125 0.042188 0.08020799999999999
0 0.5203125 0.05572883333333333 0.015625 0.02812500000000001
0 0.5544921875 0.11041666666666668 0.02343700000000004 0.054166999999999986
0 0.6380864375 0.10000000000000002 0.029686999999999908 0.06458299999999997
0 0.6595708125 0.1997395833333333 0.04140599999999994 0.052083000000000025
0 0.6845700625000001 0.2973955 0.0492189999999999 0.078125
