0 0.013671875 0.6273955 0.02875 0.07999999999999992
0 0.109765625 0.47395799999999993 0.01999999999999999 0.03333400000000005
0 0.1440625 0.4470836666666667 0.017499999999999988 0.02166599999999989
0 0.16984375 0.6015100833333333 0.05625000000000002 0.09833399999999999
0 0.24703125 0.5705211666666666 0.04000000000000001 0.06999999999999999
0 0.5425390625 0.8466663333333333 0.08125000000000004 0.16833400000000007
0 0.5403515625 0.47901075 0.03374999999999995 0.056666000000000105
0 0.600234375 0.459583 0.04375000000000007 0.06499999999999995
0 0.7348828125 0.7534371666666666 0.07374999999999998 0.13166700000000006
0 0.7332421875 0.3932291666666667 0.022499999999999964 0.03833300000000003
0 0.764765625 0.652917 0.02124999999999999 0.0650000000000001
0 0.821171875 0.3884375 0.02749999999999997 0.048333000000000036
0 0.956171875 0.46916633333333335 0.02749999999999997 0.041666999999999975
