0 0.2106640625 0.36361329100529105 0.04999999999999999 0.083827
0 0.21703125 0.16537078835978836 0.03999999999999998 0.07790000000000002
0 0.312890625 0.376314291005291 0.05250000000000005 0.08298099999999992
0 0.3135546875 0.20702103174603173 0.03875000000000001 0.06435200000000005
0 0.41078125 0.19384428042328042 0.040000000000000036 0.060965
0 0.42484375 0.37975205291005293 0.05624999999999997 0.10584199999999999
0 0.5039843749999999 0.21003778306878307 0.044375 0.06773899999999998
0 0.5626171875 0.37895979365079363 0.053749999999999964 0.08806099999999993
0 0.5685546875 0.2255445291005291 0.03874999999999995 0.05927100000000003
0 0.671640625 0.37726679365079363 0.05125000000000002 0.08806100000000008
0 0.774140625 0.26116226984126983 0.02124999999999999 0.04149000000000001
0 0.7978125 0.25608126984126983 0.016249999999999987 0.03979699999999997
0 0.8030078125 0.26095126455026457 0.010000000000000009 0.03133000000000002
0 0.8715625 0.2590980211640212 0.015625 0.04318399999999998
