0 0.1490625 0.3948379633967789 0.048750000000000016 0.06848099999999997
0 0.567265625 0.5574895300146413 0.86375 0.787055
0 0.6444531250000001 0.23533702489019032 0.693125 0.11538500000000006
0 0.3920703125 0.3642496749633968 0.02562500000000001 0.038460999999999974
0 0.4776171875 0.346951803806735 0.023125000000000007 0.042213999999999974
0 0.6028125 0.29295467496339683 0.01750000000000007 0.04033799999999998
0 0.6338671875 0.32830406149341146 0.02312499999999995 0.047841999999999954
0 0.7125390625 0.3164066749633968 0.01937500000000003 0.03846199999999999
0 0.7420703125 0.34173567496339674 0.02562500000000001 0.04033700000000001
0 0.7766015625 0.3979505768667643 0.03500000000000003 0.06097599999999998
0 0.8112890625 0.323684159590044 0.018125000000000058 0.02907999999999995
0 0.8469140625 0.367589803806735 0.018124999999999947 0.04221399999999993
0 0.8715625 0.30180954612005856 0.016874999999999973 0.036585999999999994
0 0.914765625 0.3806085461200586 0.020625000000000004 0.036585999999999994
0 0.945390625 0.3213952884333821 0.020625000000000004 0.03095700000000004
0 0.9579296875 0.4185885768667642 0.03750000000000009 0.060037000000000076
0 0.9894140625 0.38500093265007324 0.018750000000000044 0.04596699999999997
