0 0.23145115500945182 0.3406443125 0.02309799999999999 0.025984000000000007
0 0.2803049508506616 0.457580375 0.04347800000000002 0.04424100000000003
0 0.2991490775047259 0.2579331875 0.013586999999999998 0.022471999999999992
0 0.33364843667296784 0.2606215 0.01630400000000002 0.01685399999999998
0 0.34800287334593577 0.3038869375 0.032608999999999985 0.01544899999999999
0 0.3469401550094518 0.3631495 0.024455999999999974 0.01685399999999998
0 0.3759453100189036 0.4869205 0.048913000000000005 0.047752999999999934
0 0.3979203875236295 0.5651440625 0.059782999999999926 0.049157999999999924
0 0.4009928733459357 0.24950618749999998 0.032607999999999984 0.022472000000000047
0 0.3993977958412099 0.29823575 0.019020999999999986 0.024578999999999962
0 0.45126387334593576 0.34669075 0.032608999999999985 0.025281000000000053
0 0.4705811550094518 0.2641656875 0.02309799999999999 0.007021999999999973
0 0.5038401833648393 0.48808412500000004 0.07880400000000001 0.03581399999999996
0 0.4936791550094518 0.3297160625 0.023098000000000098 0.018961000000000006
0 0.5379255916824196 0.366046 0.039402000000000006 0.032304
0 0.5519847466918716 0.43175024999999995 0.0625 0.03932600000000003
0 0.5572428733459357 0.3372871875 0.03260800000000004 0.02177000000000001
0 0.5746687958412099 0.255552625 0.019022000000000094 0.020365000000000022
0 0.6364598241965974 0.4033856875 0.07336999999999998 0.03792200000000001
0 0.6170248733459357 0.3316691875 0.032608999999999874 0.022471999999999936
0 0.6368143100189037 0.4093114375 0.04755500000000007 0.029493999999999965
0 0.6696001833648394 0.57650075 0.07880499999999996 0.054775999999999936
0 0.7344042325141777 0.4008844375 0.03668499999999999 0.03089900000000001
0 0.7491141550094518 0.36708893750000005 0.02309799999999999 0.014044999999999974
0 0.8194708733459357 0.3770084375 0.032608999999999985 0.03089799999999998
0 0.8422735916824198 0.43178343750000003 0.0394019999999999 0.030898999999999954
