0 0.013020833333333334 0.530859375 0.0275 0.04437499999999994
0 0.04296875 0.6105078125 0.08833300000000001 0.07374999999999998
0 0.09942675000000001 0.6959375 0.11833400000000001 0.109375
0 0.22984375 0.5208203124999999 0.05666699999999999 0.05812500000000004
0 0.31515658333333335 0.6853515625 0.11416599999999999 0.09750000000000003
0 0.2996878333333333 0.4390234375 0.027500000000000007 0.030625000000000013
0 0.32067675 0.554296875 0.055000000000000014 0.028749999999999942
0 0.4729684166666666 0.5346875 0.045834000000000076 0.04812499999999997
0 0.59244825 0.6419140625 0.10250000000000004 0.08187499999999992
0 0.661667 0.8183203125 0.125 0.12
0 0.6516663333333333 0.57421875 0.04333400000000006 0.05500000000000005
0 0.7068225833333334 0.671640625 0.11416699999999998 0.08374999999999999
0 0.7672395833333333 0.566015625 0.04999999999999997 0.05249999999999999
0 0.8578645833333334 0.570859375 0.08166699999999993 0.07500000000000007
0 0.9389586666666666 0.778828125 0.11583300000000014 0.09875
0 0.90536425 0.497109375 0.04083399999999996 0.044375
0 0.9831249999999999 0.571875 0.03166700000000011 0.06437499999999996
