0 0.0576171875 0.558214663250366 0.116875 0.22232700000000005
0 0.0315625 0.1193827364568082 0.046875 0.086304
0 0.076953125 0.3284355402635432 0.066875 0.12664199999999992
0 0.0918359375 0.15139199414348464 0.04625 0.091932
0 0.119140625 0.25522138067349925 0.05249999999999999 0.10037499999999996
0 0.1709375 0.12560696339677893 0.047500000000000014 0.067543
0 0.1833203125 0.20925538067349927 0.05812500000000001 0.100375
0 0.19015625 0.35685021522694 0.070625 0.16510299999999994
0 0.22 0.7667854978038067 0.12562500000000001 0.285179
0 0.2220703125 0.1310957672035139 0.05749999999999997 0.10975599999999998
0 0.272734375 0.2596137672035139 0.074375 0.10975599999999999
0 0.306015625 0.1461748653001464 0.05124999999999996 0.09005700000000001
0 0.35921875 0.23645938067349925 0.05625000000000002 0.102252
0 0.3933984375 0.4854123748169839 0.09187500000000004 0.19230800000000006
0 0.4472265625 0.8685814670571009 0.15999999999999998 0.26078800000000013
0 0.4073046875 0.3439015710102489 0.06937500000000002 0.15197000000000005
0 0.4325 0.1480518653001464 0.0625 0.08818
0 0.4599609375 0.23796766910688144 0.07687500000000003 0.13039399999999998
0 0.4805078125 0.07506522108345536 0.04249999999999993 0.075046
0 0.499765625 0.24423605563689602 0.05249999999999999 0.137899
0 0.527890625 0.4657824729136164 0.08375000000000005 0.17260800000000004
0 0.5461328125 0.1339798653001464 0.041874999999999996 0.08911800000000002
0 0.622109375 0.6808943689604685 0.13812500000000005 0.28236400000000006
0 0.5969921875 0.15075160761346998 0.053749999999999964 0.08442799999999999
0 0.610625 0.3371771537335285 0.06374999999999997 0.11726000000000006
0 0.6612890625 0.3184151537335286 0.050000000000000044 0.11726100000000002
0 0.65890625 0.1339798653001464 0.039999999999999925 0.08911800000000002
0 0.691953125 0.49879982869692535 0.09875 0.1575979999999999
0 0.6978125 0.25945534992679353 0.046875 0.076923
0 0.6965234375 0.08714596339677892 0.02937500000000004 0.06941800000000001
0 0.7271875 0.17578199414348464 0.04874999999999996 0.09287100000000002
0 0.7669140625 0.41835234407027816 0.08062499999999995 0.16697899999999993
0 0.7636328125 0.1611848653001464 0.04249999999999998 0.09005600000000001
0 0.793203125 0.10373334992679356 0.03687499999999999 0.078799
0 0.81796875 0.26929238067349925 0.05625000000000002 0.101314
0 0.835390625 0.1938335095168375 0.05249999999999999 0.10506599999999999
0 0.864453125 0.18017438067349928 0.036250000000000004 0.10037499999999999
0 0.882578125 0.09389631918008783 0.03562500000000002 0.053471000000000025
0 0.93265625 0.8441655285505123 0.13312500000000005 0.3086300000000001
0 0.893828125 0.15848412298682282 0.036250000000000004 0.095685
0 0.950625 0.6273350497803807 0.09562499999999996 0.23076900000000009
0 0.9554296875 0.46407260761346997 0.06937499999999996 0.082552
0 0.9572265625 0.3749987672035139 0.06562499999999993 0.10975599999999995
0 0.968515625 0.2987151537335285 0.05249999999999999 0.11726100000000006
0 0.9798046875 0.06815644802342606 0.038124999999999964 0.058161
0 0.98671875 0.21410379795021964 0.024375000000000036 0.13227
