0 0.0745703125 0.28646988435374154 0.056874999999999995 0.05773399999999993
0 0.1521484375 0.2997534829931973 0.061875 0.040304999999999966
0 0.157578125 0.31001268707482993 0.066875 0.08932499999999995
0 0.2117578125 0.7046926462585035 0.04250000000000001 0.08060999999999993
0 0.275859375 0.4061404081632653 0.07562500000000003 0.10457500000000002
0 0.30472656249999996 0.6874861360544219 0.12812500000000002 0.20370399999999994
0 0.3219140625 0.2555688027210884 0.01874999999999999 0.035948000000000015
0 0.358828125 0.39715868707482993 0.06687500000000002 0.0915029999999999
0 0.4144921875 0.12280516326530615 0.021874999999999978 0.042483
0 0.5354296875 0.45175804761904764 0.038125000000000075 0.09586100000000003
0 0.535703125 0.17283592517006804 0.0368750000000001 0.06644899999999998
0 0.61578125 0.18059428571428573 0.04062500000000002 0.07407400000000001
0 0.739140625 0.2424746870748299 0.05125000000000002 0.08932500000000003
0 0.8018359375 0.11945892517006804 0.04625000000000001 0.06644900000000001
0 0.829296875 0.3126808979591837 0.09124999999999994 0.22549
0 0.917578125 0.3192611292517007 0.06687500000000002 0.11764699999999999
