0 0.0418359375 0.5221203499267935 0.045 0.07692300000000009
0 0.2642578125 0.976407803806735 0.04124999999999998 0.043152000000000114
0 0.491015625 0.1400648960468521 0.052499999999999936 0.111632
0 0.6046484375 0.2598240614934114 0.030625000000000013 0.04971799999999999
0 0.6463671875 0.8632857364568083 0.021874999999999978 0.08630299999999994
0 0.685546875 0.18852906149341145 0.028124999999999956 0.049718999999999985
0 0.7562890625 0.9498172518301611 0.04999999999999993 0.09756100000000008
0 0.7965234375 0.2930689326500732 0.030625000000000013 0.04596599999999996
0 0.8276953125 0.2924727057101025 0.026875000000000093 0.06285200000000002
0 0.9002734375 0.4991493191800878 0.02937500000000004 0.054410000000000104
0 0.91953125 0.696674448023426 0.04062500000000002 0.05816100000000004
