0 0.0048828125 0.43222800546448087 0.010625 0.06999099999999998
0 0.20890625 0.012295081967213115 0.009375000000000022 0.025372
0 0.2283203125 0.01639344262295082 0.026874999999999982 0.033246
0 0.3106640625 0.2454178907103825 0.080625 0.13560800000000006
0 0.554375 0.3212101693989071 0.06375000000000008 0.11985999999999998
0 0.6475 0.1627479289617486 0.06312499999999999 0.11286100000000004
0 0.79484375 0.15121960655737704 0.05500000000000005 0.08224000000000004
0 0.8158984375 0.4636346939890711 0.06125000000000003 0.17585299999999995
0 0.8468359375 0.2923852513661202 0.07687500000000003 0.14348199999999997
0 0.8810546875 0.8250107759562842 0.038124999999999964 0.1994749999999999
0 0.9445703125 0.2593838852459016 0.026874999999999982 0.06649100000000005
