0 0.06565599999999999 0.20203096238244517 0.033146 0.06526100000000001
0 0.06760912499999999 0.0648483510971787 0.03564799999999999 0.08233
0 0.10833725 0.3107095548589342 0.03939899999999999 0.07831399999999998
0 0.166421125 0.23685315673981192 0.036898000000000014 0.072289
0 0.1697454375 0.1261665642633229 0.030644000000000005 0.06124500000000001
0 0.22950900000000002 0.1333173605015674 0.03126899999999999 0.06626500000000003
0 0.26105243749999996 0.17002475862068966 0.030644000000000032 0.06927699999999999
0 0.29294743749999996 0.2708673605015674 0.029393000000000058 0.06827300000000001
0 0.336373875 0.10941536990595611 0.027517000000000014 0.05321300000000001
0 0.3479814375 0.1937533699059561 0.02939400000000003 0.053213000000000024
0 0.348958 0.35030715673981194 0.03189500000000001 0.074297
0 0.3786254375 0.2874947586206897 0.030644999999999978 0.06927699999999999
0 0.4074705625 0.10508156426332287 0.034396999999999955 0.062249000000000006
0 0.427680875 0.1784973605015674 0.028142 0.06626499999999996
0 0.4356135625 0.35118836050156743 0.03439599999999998 0.06827299999999997
0 0.4618024375 0.25010116614420064 0.029393999999999976 0.059237
0 0.4986243125 0.10106556426332287 0.02689199999999997 0.062248999999999985
0 0.5128109999999999 0.3451643605015674 0.03189500000000006 0.06827299999999997
0 0.5143354375 0.1905463605015674 0.030644000000000005 0.06626500000000002
0 0.56034 0.26773256426332287 0.03189500000000012 0.06224899999999997
0 0.5798481875 0.09548216614420064 0.021887999999999908 0.058233
0 0.5943083125 0.33267575862068965 0.026892000000000027 0.06927699999999999
0 0.6086933124999999 0.18427676802507836 0.02689100000000011 0.054215999999999966
0 0.651022 0.25122796238244516 0.03127000000000002 0.06325299999999995
0 0.668455875 0.32476655485893413 0.02814300000000003 0.07630500000000005
0 0.6699813124999999 0.0970495642633229 0.026892000000000027 0.06224899999999997
0 0.6963244375000001 0.17379516614420062 0.02939299999999989 0.059237
0 0.7319714374999999 0.0921523605015674 0.03001900000000013 0.06626500000000002
0 0.7383025625 0.3147255548589341 0.0343969999999999 0.07831400000000002
0 0.738577 0.23805216614420063 0.03189500000000001 0.057228999999999954
0 0.7595655625000001 0.15973916614420064 0.03502199999999989 0.05923700000000002
0 0.8232784375000001 0.23660756426332288 0.030644999999999922 0.06224900000000006
0 0.826757 0.07018715673981192 0.03314600000000012 0.07228899999999999
0 0.8282824375 0.3520695642633229 0.030644000000000116 0.06224899999999997
0 0.8379368749999999 0.15998475862068967 0.02814300000000003 0.06927699999999999
0 0.90633525 0.25749755485893416 0.0394000000000001 0.07630499999999996
0 0.921816 0.07018715673981192 0.03189500000000012 0.07228899999999999
