0 0.0301171875 0.37172901149425286 0.05437500000000001 0.09364599999999992
0 0.085078125 0.2719013699059561 0.03687499999999999 0.050835999999999985
0 0.1801171875 0.396522486938349 0.05437500000000001 0.07892900000000007
0 0.1975390625 0.23627955485893415 0.049375 0.07558499999999997
0 0.253359375 0.2561798265412748 0.04375000000000001 0.06688999999999998
0 0.2915234375 0.38803569070010446 0.06062500000000004 0.072241
0 0.3496875 0.2824770303030303 0.046875 0.06153800000000002
0 0.4262890625 0.40513462277951934 0.049375 0.07357799999999996
0 0.4459375 0.2669656907001045 0.04812500000000003 0.071572
0 0.5137109375 0.27733523406478583 0.04624999999999996 0.05484999999999993
0 0.5300390625 0.3838559623824451 0.04937500000000006 0.06354600000000003
0 0.5844921875 0.3662153699059561 0.05437500000000006 0.050836000000000076
0 0.5968359375 0.28297930198537097 0.04500000000000004 0.053512000000000025
0 0.6263671875 0.34493362277951933 0.05437500000000006 0.07357899999999999
0 0.65640625 0.28352196238244515 0.040000000000000036 0.06287600000000007
0 0.7812890625 0.3787545548589341 0.04937500000000006 0.07692300000000007
0 0.834375 0.34681428317659346 0.06374999999999997 0.08561800000000004
0 0.9072265625 0.3109863510971787 0.06562500000000004 0.08227399999999994
