0 0.035742687499999995 0.2494791666666667 0.037500000000000006 0.03749999999999994
0 0.0718745 0.18333333333333335 0.015625 0.04166700000000001
0 0.11015625 0.3932288333333333 0.07187500000000001 0.120834
0 0.0921875 0.15572916666666667 0.015625 0.03749999999999996
0 0.186328625 0.15807291666666665 0.020311999999999997 0.031249999999999983
0 0.2656245 0.14739616666666666 0.017188000000000037 0.03750000000000001
0 0.3515625 0.20260383333333332 0.017188000000000037 0.027084000000000035
0 0.3718745 0.1919270833333333 0.01718799999999998 0.03541700000000003
0 0.38124949999999996 0.16223991666666668 0.017188000000000037 0.031249999999999983
0 0.4119140625 0.1356770833333333 0.01874999999999999 0.03541700000000001
0 0.41367237500000004 0.13124966666666668 0.012498999999999927 0.02083400000000002
0 0.474608875 0.430208 0.05937500000000001 0.09583400000000004
0 0.4806640625 0.1916663333333333 0.01874999999999999 0.04375000000000003
0 0.4974609375 0.13593783333333334 0.014062000000000019 0.027082999999999968
0 0.6056640625 0.20364616666666668 0.018749999999999933 0.03749999999999998
0 0.67109375 0.2059895833333333 0.02499999999999991 0.050000000000000044
0 0.6687495 0.2151045 0.015625 0.04791599999999999
0 0.6798833125 0.15494825 0.026561999999999975 0.03958299999999996
0 0.6765625 0.15338575000000002 0.015625 0.024999999999999984
0 0.75078075 0.17578125 0.02500100000000005 0.039583
0 0.77734425 0.4684899166666667 0.071874 0.09166600000000003
0 0.85546875 0.23281283333333336 0.02343799999999996 0.058333
0 0.9873041875 0.25026075 0.021875999999999896 0.05625000000000002
