0 0.0558025 0.4799839047619048 0.016861000000000008 0.12450599999999998
0 0.0867015625 0.7854022380952381 0.06485099999999999 0.16600799999999996
0 0.11848568749999999 0.6588500952380952 0.068742 0.12845800000000002
0 0.18525931250000002 0.2951429523809524 0.05706899999999998 0.09486199999999996
0 0.21217587499999999 0.4527336666666667 0.05966300000000002 0.08498
0 0.24527325 0.8480851904761904 0.07133600000000001 0.13241100000000014
0 0.24914899999999998 0.6064669047619048 0.06355400000000003 0.12450499999999996
0 0.35808275 0.4177430952380953 0.05577199999999999 0.13043499999999997
0 0.3811245625 0.8189290952380952 0.06484999999999996 0.13043400000000002
0 0.4064236875 0.6143952857142857 0.06874199999999997 0.136363
0 0.40801062499999996 0.3366917142857143 0.051881000000000066 0.11857700000000003
0 0.49982393750000004 0.7848675714285714 0.07652399999999998 0.14426899999999995
0 0.500113875 0.6523620476190476 0.05966300000000008 0.09683800000000006
0 0.5412831875 0.2877492380952381 0.05447399999999991 0.10276700000000001
0 0.5860373125 0.39944480952380956 0.05836600000000003 0.12055300000000001
0 0.7060194375 0.8283221904761905 0.06225700000000001 0.13241099999999997
0 0.7228956875 0.48496047619047616 0.06874199999999997 0.142292
0 0.7384444375 0.2705212857142857 0.060960000000000014 0.134388
0 0.8930793750000001 0.26208161904761906 0.04409899999999989 0.11462399999999998
0 0.9355304375 0.6054199523809525 0.031128000000000045 0.09288500000000001
