0 0.0240234375 0.24885416666666668 0.030625 0.06916699999999998
0 0.2026953125 0.25713541666666667 0.05687500000000001 0.171667
0 0.25480468749999996 0.2905211666666667 0.038750000000000034 0.06916599999999991
0 0.5202734375 0.44385416666666666 0.12375000000000003 0.19333299999999998
0 0.5184375 0.22526041666666666 0.04874999999999996 0.07583299999999997
0 0.566953125 0.27765625 0.03562500000000002 0.07083299999999997
0 0.60765625 0.25614583333333335 0.040000000000000036 0.058333
0 0.6698046875 0.3028128333333333 0.03874999999999995 0.05750000000000003
0 0.678125 0.21953125000000004 0.03125 0.040832999999999973
0 0.7096484375 0.26156216666666665 0.030000000000000027 0.038334000000000014
0 0.8230078125 0.2799479166666667 0.04125000000000001 0.05999999999999998
0 0.874296875 0.19723958333333333 0.028125000000000067 0.05166700000000002
0 0.9206640625 0.2608850833333333 0.04937500000000006 0.06666700000000003
0 0.9721484375 0.19875 0.030625000000000013 0.0625
