0 0.166796875 0.4463545 0.06 0.11166600000000004
0 0.2123828125 0.51682325 0.07250000000000001 0.07166600000000001
0 0.264765625 0.19302083333333334 0.02124999999999999 0.026666999999999996
0 0.347265625 0.10046841666666667 0.019999999999999962 0.044999999999999984
0 0.4520703125 0.3283336666666667 0.057499999999999996 0.08500000000000003
0 0.4516796875 0.12317741666666666 0.007500000000000007 0.013333000000000003
0 0.51625 0.10557325 0.0012499999999999734 0.008333000000000016
0 0.533203125 0.1294795 0.0050000000000000044 0.016665999999999976
0 0.5448828125 0.0711455 0.011249999999999982 0.016666999999999998
0 0.654453125 0.3631770833333334 0.0675 0.09666699999999999
0 0.712890625 0.3663545000000001 0.05249999999999999 0.111666
0 0.9303125 0.1402600833333333 0.016249999999999987 0.03500000000000001
