0 0.058984375 0.43611088888888894 0.012500000000000004 0.02777799999999993
0 0.0771875 0.46687522222222216 0.015625 0.038889000000000076
0 0.0915625 0.46687522222222216 0.01625 0.038889000000000076
0 0.123359375 0.44326377777777776 0.011874999999999997 0.026666999999999972
0 0.12453125 0.4383328888888888 0.008125000000000007 0.02777800000000008
0 0.1569921875 0.4460416666666666 0.023125000000000007 0.05444400000000001
0 0.269609375 0.4857642222222222 0.012500000000000011 0.038889000000000076
0 0.3335546875 0.42965233333333325 0.007500000000000007 0.011112000000000134
0 0.4115625 0.44958311111111116 0.015625 0.03555599999999989
0 0.4279296875 0.5081254444444445 0.00687500000000002 0.04777699999999986
0 0.4430859375 0.4470134444444444 0.014999999999999958 0.04777800000000015
0 0.5323046875 0.4188197777777778 0.007499999999999951 0.02777699999999994
0 0.53515625 0.42263866666666666 0.009375000000000022 0.02333400000000004
0 0.7612890625 0.42826366666666665 0.018125000000000058 0.054445
