0 0.018828125 0.4341888195488723 0.036875 0.10394599999999991
0 0.116015625 0.4501902631578947 0.052500000000000005 0.085659
0 0.1799609375 0.4450765413533834 0.046249999999999986 0.09528399999999998
0 0.2887109375 0.42125557894736837 0.04625000000000001 0.10683300000000001
0 0.4087890625 0.36128185714285715 0.04999999999999999 0.11645799999999999
0 0.45484375 0.4292563007518797 0.024375000000000036 0.09624599999999996
0 0.4896875 0.44489533834586464 0.048750000000000016 0.10875899999999997
0 0.5919140625 0.3912383759398496 0.050000000000000044 0.120308
0 0.7653125 0.43118130075187977 0.046875 0.09817099999999991
0 0.92921875 0.38594530075187966 0.05500000000000005 0.09817100000000005
