0 0.1177734375 0.4280108604992658 0.03 0.04891799999999998
0 0.2757421875 0.5544814317180616 0.021874999999999978 0.044214999999999983
0 0.2973046875 0.5150404302496329 0.007500000000000007 0.02634000000000002
0 0.3143359375 0.5200421439060205 0.013749999999999984 0.016932999999999962
0 0.4056640625 0.5500761453744494 0.018125000000000002 0.035747999999999974
0 0.45828125 0.5008145726872247 0.008125000000000049 0.01881399999999995
0 0.4981640625 0.5411965741556535 0.01937500000000003 0.03857000000000007
0 0.567890625 0.5344967165932452 0.020625000000000004 0.0348070000000002
0 0.5786328125 0.47353257268722465 0.010000000000000009 0.01975599999999995
0 0.7038671875 0.6783597180616739 0.021874999999999978 0.055504000000000005
0 0.7276953125 0.5827034317180617 0.026874999999999982 0.04609599999999997
0 0.73828125 0.9085420044052863 0.04062500000000002 0.06208799999999999
0 0.8084375 0.5732964317180615 0.016874999999999973 0.04421400000000009
0 0.864140625 0.6743680029368576 0.020625000000000004 0.042333000000000016
