0 0.1539453125 0.35408461803713537 0.05687500000000001 0.09940499999999995
0 0.1818359375 0.48376505835543765 0.04625000000000001 0.08326199999999997
0 0.2465625 0.33535127851458885 0.04874999999999999 0.07646500000000002
0 0.362890625 0.33226383819628647 0.05124999999999996 0.09260799999999998
0 0.36859375 0.4865832785145888 0.05499999999999999 0.07646499999999999
0 0.4676171875 0.5163192785145888 0.05375000000000002 0.07476699999999994
0 0.4744140625 0.3090132785145889 0.04999999999999999 0.07476599999999999
0 0.4795703125 0.17854501856763927 0.05750000000000005 0.07306700000000003
0 0.557265625 0.31862849867374005 0.05125000000000002 0.06796899999999996
0 0.5950390625 0.487536798408488 0.04999999999999993 0.08156300000000004
0 0.67234375 0.3546230583554377 0.05499999999999994 0.08411199999999999
0 0.6744140625 0.16441257824933686 0.04999999999999993 0.08835999999999998
0 0.7221875 0.4797862785145888 0.04749999999999999 0.07646500000000006
0 0.7784375 0.35860183819628655 0.04874999999999996 0.09260799999999998
0 0.8683984375 0.4883236180371353 0.06062500000000004 0.09940599999999995
0 0.916171875 0.3446350981432361 0.06000000000000005 0.09515700000000005
