0 0.176015625 0.6264453125 0.01999999999999999 0.02562500000000001
0 0.2971875 0.3009765625 0.04812500000000003 0.065
0 0.425078125 0.2180859375 0.06812500000000005 0.07687500000000003
0 0.423515625 0.6196484375 0.020625000000000004 0.030625000000000013
0 0.488515625 0.630546875 0.020625000000000004 0.02750000000000008
0 0.5112890625 0.6195703125 0.018750000000000044 0.025624999999999898
0 0.633046875 0.4910546875 0.02749999999999997 0.03750000000000003
0 0.6503125 0.647265625 0.015625 0.020625000000000004
0 0.748515625 0.23390625 0.05125000000000002 0.071875
0 0.8900390625 0.6290234375 0.018750000000000044 0.02937500000000004
0 0.9443359375 0.629140625 0.015000000000000013 0.020625000000000004
