0 0.0234375 0.7458879267935578 0.046875 0.134958
0 0.041875 0.6074183806734992 0.064375 0.10215600000000004
0 0.0290234375 0.49167928843338216 0.029375 0.030928000000000018
0 0.1230859375 0.501108448023426 0.045624999999999985 0.05716899999999999
0 0.1844921875 0.6222370248901903 0.05375000000000002 0.11527600000000005
0 0.3262109375 0.29141090190336744 0.014374999999999971 0.02249300000000004
0 0.37171875 0.22574580380673503 0.024375000000000036 0.04217499999999998
0 0.3721875 0.23962744802342606 0.015625 0.05623199999999999
0 0.4137109375 0.5198524480234261 0.04500000000000004 0.05623199999999999
0 0.473203125 0.4847527613469986 0.09874999999999995 0.2015
0 0.5056640625 0.9530148653001463 0.111875 0.08903500000000007
0 0.49921875 0.23833967496339678 0.02437499999999998 0.0403
0 0.56609375 0.5936539941434846 0.05625000000000002 0.091846
0 0.62140625 0.5302057920937042 0.10249999999999992 0.223055
0 0.7101171875 0.36357590190336747 0.021874999999999978 0.022492999999999957
0 0.7093359375 0.3584800307467057 0.014375000000000027 0.026241000000000014
0 0.7381640625 0.3406730307467057 0.018125000000000058 0.02530399999999997
0 0.780546875 0.5098882825768668 0.06000000000000005 0.122775
0 0.845703125 0.49607167496339677 0.03562500000000002 0.038425999999999995
0 0.9222265625 0.41938127672035136 0.12812499999999993 0.21274600000000005
0 0.926015625 0.9485623806734993 0.05249999999999999 0.1002809999999999
