0 0.0117578125 0.6611773782991203 0.010625000000000002 0.016886000000000012
0 0.0336328125 0.6227163782991203 0.010624999999999999 0.015008999999999974
0 0.0542578125 0.6283443782991203 0.009999999999999995 0.015947999999999983
0 0.079609375 0.6517963782991202 0.013124999999999998 0.015010000000000034
0 0.0923046875 0.6540831026392963 0.007500000000000007 0.013132999999999912
0 0.1291796875 0.6283443782991203 0.0062500000000000056 0.015947999999999983
0 0.1448046875 0.6283443782991203 0.007500000000000007 0.015947999999999983
0 0.2323046875 0.5987361026392962 0.0062500000000000056 0.013132999999999912
0 0.2366796875 0.6465781026392962 0.006874999999999992 0.013133000000000079
0 0.2473046875 0.6526168269794722 0.007500000000000007 0.011256999999999934
0 0.301328125 0.6047738269794721 0.005624999999999991 0.011257000000000017
0 0.3154296875 0.6066498269794721 0.007500000000000007 0.011256999999999934
0 0.331328125 0.6081161026392962 0.0050000000000000044 0.013134000000000055
0 0.407578125 0.6311583782991202 0.0050000000000000044 0.01500999999999995
0 0.4535546875 0.7292476539589443 0.006249999999999978 0.01782399999999996
0 0.463984375 0.7631372052785923 0.011874999999999969 0.024390000000000096
0 0.503828125 0.6977633782991202 0.0050000000000000044 0.016885000000000035
0 0.5204296875 0.6944201026392962 0.006250000000000089 0.01313399999999997
0 0.5716796875 0.6925441026392962 0.006249999999999978 0.013132999999999912
0 0.5804296875 0.6831631026392961 0.006249999999999978 0.013134000000000055
0 0.610078125 0.6892018269794721 0.0050000000000000044 0.009381000000000037
