0 0.0535010113960114 0.8123170625 0.02339199999999999 0.019247000000000014
0 0.05792450997150997 0.9408006250000001 0.022222000000000006 0.020849999999999924
0 0.057414507122507126 0.8793299375000001 0.01520499999999999 0.015236999999999834
0 0.14041101994301997 0.45180118750000003 0.04210499999999998 0.022452999999999945
0 0.15123700854700856 0.9430310625 0.019882999999999974 0.017642999999999964
0 0.16267850712250712 0.809387375 0.015204000000000004 0.012028999999999956
0 0.16644200854700855 0.399500625 0.017544 0.02004800000000001
0 0.2512675185185185 0.4413761875 0.03859600000000004 0.022452999999999945
0 0.24429400569800572 0.8087609375 0.011695999999999988 0.015235999999999916
0 0.25401101424501427 0.9493433124999999 0.03040899999999999 0.027264999999999984
0 0.2546710113960114 0.395491625 0.02456100000000006 0.020850000000000035
0 0.2958615128205128 0.4065440625 0.02807000000000004 0.019245999999999985
0 0.3073020113960114 0.33998406249999996 0.024561999999999962 0.018444000000000016
0 0.3403055128205128 0.9487158750000001 0.028070999999999985 0.02886899999999981
0 0.34422000854700857 0.8059020625 0.019882999999999953 0.018444000000000016
0 0.3643120227920228 0.8952332500000001 0.04795400000000002 0.04009599999999991
0 0.3794125156695156 0.381303 0.03274800000000003 0.03207700000000002
0 0.3950220113960114 0.305675625 0.024560999999999937 0.02084999999999998
0 0.4016345156695157 0.593011 0.03274800000000003 0.03127500000000005
0 0.42879001709401715 0.8763683124999999 0.035088 0.027264999999999984
0 0.45482100569800565 0.806180375 0.012865000000000073 0.012029000000000067
0 0.46662151282051284 0.3783733125 0.02806999999999996 0.02566099999999999
0 0.49184250997150997 0.5900813125 0.02222299999999993 0.027265000000000095
0 0.5312040142450143 0.3727593125 0.02923999999999991 0.025662000000000018
0 0.5301840085470086 0.8695323749999999 0.017543999999999962 0.013633000000000006
0 0.5453890085470086 0.8116188125 0.01754399999999988 0.010424999999999907
0 0.5781380085470085 0.3792780625 0.019882999999999953 0.019245999999999985
0 0.5851550085470085 0.34479506249999997 0.019882999999999953 0.01924700000000007
0 0.6307690085470087 0.8724620624999999 0.01754399999999988 0.019246000000000096
0 0.6535010113960115 0.8071569375 0.024562000000000004 0.015236000000000027
0 0.6596045128205128 0.3727593125 0.02806999999999996 0.027266000000000012
0 0.6619435128205128 0.3242951875 0.025730999999999966 0.022452999999999945
0 0.6823365156695157 0.46801375 0.032747999999999944 0.02405799999999997
0 0.7189980113960115 0.8724620624999999 0.024562000000000004 0.017642000000000047
0 0.7241870142450142 0.35814975 0.030409000000000033 0.024058000000000024
0 0.7383720085470085 0.8052038125 0.017543000000000055 0.010425000000000018
0 0.7525115156695157 0.4585653125 0.03274899999999993 0.027265999999999957
0 0.7844950113960114 0.38112843750000003 0.02456199999999984 0.029671000000000003
0 0.8436350085470085 0.8091100625 0.017543999999999962 0.018444000000000016
0 0.8436350085470085 0.8695323749999999 0.017543999999999962 0.013633000000000006
0 0.9351175099715098 0.8756700624999999 0.021053000000000224 0.019246000000000096
0 0.9390310056980057 0.8065295 0.012866000000000138 0.016839999999999966
