0 0.415 0.17567708333333334 0.06312500000000004 0.09833300000000002
0 0.40578125 0.6306774166666668 0.008750000000000036 0.013332999999999892
0 0.4228125 0.6286455 0.016250000000000042 0.016666999999999987
0 0.440859375 0.4053125 0.013124999999999998 0.015832999999999986
0 0.4410546875 0.4078125000000001 0.007500000000000007 0.017499999999999922
0 0.451484375 0.4054166666666667 0.011875000000000024 0.022499999999999964
0 0.4524609375 0.62973925 0.014375000000000027 0.010000000000000083
0 0.47390625 0.4074475833333333 0.009375000000000022 0.019167000000000007
0 0.4761328125 0.40328158333333336 0.011249999999999982 0.020832999999999952
0 0.5655078125 0.6248434166666667 0.010624999999999996 0.014166999999999966
0 0.5825390625 0.6218753333333332 0.018125000000000058 0.012500000000000103
0 0.6104296875 0.16177116666666666 0.06999999999999995 0.130833
0 0.610234375 0.6202083333333334 0.011874999999999969 0.010832999999999945
