0 0.075859375 0.27327947058823526 0.105625 0.23330199999999998
0 0.2376953125 0.1667495294117647 0.12062500000000001 0.26998999999999995
0 0.6156640625 0.7100270588235295 0.018124999999999947 0.03668899999999996
0 0.666484375 0.7468891176470588 0.013124999999999942 0.02257700000000013
0 0.7165234375 0.24740376470588232 0.09312500000000001 0.21072399999999994
0 0.6905859375 0.7713481176470588 0.014375000000000027 0.021637000000000024
0 0.7631640625 0.7382490588235295 0.018124999999999947 0.03668899999999979
0 0.8284375 0.7448340588235295 0.015625 0.03668900000000005
0 0.9123046875 0.43331123529411764 0.09999999999999998 0.19285100000000002
0 0.9187109375 0.8236177058823528 0.015000000000000013 0.025400000000000072
