0 0.1660127059679767 0.254203125 0.077496 0.06799999999999998
0 0.24479133042212517 0.09396874999999999 0.09538000000000005 0.08700000000000002
0 0.2675620815138282 0.2864609375 0.05961300000000003 0.044999999999999984
0 0.3895941018922853 0.2733671875 0.07451599999999999 0.05399999999999999
0 0.48261620378457054 0.24440625 0.1460510000000001 0.133
0 0.6027091018922852 0.2390625 0.07302500000000003 0.08000000000000002
0 0.6741055181950509 0.2756015625 0.08494799999999995 0.034999999999999976
0 0.7385010815138283 0.2554140625 0.0611029999999999 0.049000000000000016
0 0.8083377059679766 0.25925 0.07600600000000006 0.06399999999999997
0 0.9093661426491995 0.2939921875 0.10432199999999985 0.08500000000000002
