0 0.047382812499999996 0.32242160761347 0.04187500000000001 0.08442799999999999
0 0.117265625 0.37154438067349926 0.051250000000000004 0.10131299999999999
0 0.1655859375 0.3106384787701318 0.046249999999999986 0.08067499999999998
0 0.2600390625 0.33518689604685215 0.05000000000000002 0.11256999999999992
0 0.3853515625 0.3825469267935578 0.06562499999999999 0.1350840000000001
0 0.617109375 0.3683616691068814 0.04375000000000007 0.12945600000000007
0 0.701640625 0.33079450951683753 0.05249999999999999 0.10318899999999995
0 0.7912890625 0.3089458345534407 0.018125000000000058 0.06566699999999996
0 0.8649609375 0.25693996339677894 0.04499999999999993 0.06754200000000002
0 0.870859375 0.4846587306002929 0.04437500000000005 0.17635999999999996
0 0.9677734375 0.4459250556368961 0.06187500000000001 0.13883600000000001
