0 0.008310249307479225 0.5382815 0.016630000000000002 0.015625
0 0.06346337396121884 0.513671875 0.02660699999999999 0.028905999999999987
0 0.08702141551246537 0.54609375 0.02882500000000001 0.02421899999999988
0 0.15769837396121883 0.53203075 0.02660700000000001 0.02343799999999996
0 0.3868876620498615 0.464063 0.11197299999999995 0.06406200000000001
0 0.4029674127423823 0.15253856249999997 0.09534299999999993 0.096094
0 0.6291532493074793 0.5343755 0.017738000000000045 0.015625
0 0.6491082493074792 0.5414065 0.01884700000000006 0.015625
0 0.6856904155124655 0.5337890625 0.02771699999999996 0.018749999999999933
0 0.7746622908587257 0.5615239375 0.01995500000000016 0.01484300000000005
