0 0.0078125 0.42347447058823534 0.0175 0.08286199999999999
0 0.3375390625 0.4886894117647059 0.01937500000000003 0.049906000000000006
0 0.3718359375 0.5119970588235294 0.013749999999999984 0.03672299999999989
0 0.4201171875 0.5082310588235295 0.021875000000000033 0.03672299999999997
0 0.4494140625 0.35272470588235294 0.04999999999999999 0.126177
0 0.617109375 0.4305940588235294 0.04437500000000005 0.08662899999999997
0 0.7476953125 0.4471422352941176 0.026874999999999982 0.04237300000000003
0 0.78171875 0.36326276470588237 0.05499999999999994 0.11016999999999998
0 0.8404296875 0.41230223529411764 0.03749999999999998 0.04237300000000003
0 0.9087109375 0.39616747058823526 0.04500000000000004 0.08286200000000003
0 0.9893359375 0.37138823529411763 0.013749999999999929 0.09133700000000004
