0 0.06343750000000001 0.40848924999999997 0.04699999999999999 0.07066700000000004
0 0.1143671875 0.5097295000000001 0.05299999999999999 0.07866599999999997
0 0.166578125 0.4247705 0.037000000000000005 0.04933399999999999
0 0.263578125 0.45245833333333335 0.035999999999999976 0.07333300000000002
0 0.465484375 0.5271871666666667 0.04299999999999998 0.06933400000000008
0 0.471484375 0.4312190833333333 0.043999999999999984 0.06666600000000004
0 0.598484375 0.52448925 0.04300000000000004 0.072
0 0.6075078125 0.45273958333333336 0.04200000000000004 0.05066700000000002
0 0.6476015625 0.43007258333333337 0.03400000000000003 0.05199999999999997
0 0.6936953125 0.4167705 0.026999999999999913 0.04933399999999999
0 0.7504140625 0.4950934166666667 0.050000000000000044 0.07733400000000001
0 0.7965078125 0.46848924999999997 0.041999999999999926 0.07066700000000004
0 0.8924609375 0.46591699999999997 0.04500000000000004 0.06400000000000006
0 0.974671875 0.4007705 0.028000000000000025 0.04933399999999999
