0 0.0078125 0.6754163333333333 0.015833 0.106667
0 0.08277343749999999 0.4877259166666666 0.06166700000000001 0.06000000000000005
0 0.075338875 0.2356595 0.02916600000000002 0.04777800000000002
0 0.09619825 0.5933164166666667 0.03916599999999999 0.07666600000000005
0 0.30598925 0.4140976666666667 0.07166700000000004 0.177777
0 0.3066279375 0.5510589166666667 0.046665999999999985 0.06111099999999999
0 0.38817675 0.5298958333333333 0.055833999999999995 0.12000000000000004
0 0.458958 0.4869960833333333 0.03250000000000003 0.0666670000000001
0 0.5700126875 0.6215455833333334 0.06916699999999998 0.11333300000000006
0 0.562890625 0.47592058333333337 0.05166700000000002 0.08333299999999995
0 0.6382421875 0.5489935 0.021667000000000103 0.0488879999999999
0 0.662004875 0.44454849999999996 0.02833399999999997 0.0477780000000001
0 0.6806767499999999 0.5201735 0.05500000000000005 0.07999999999999992
0 0.7780341875 0.5786458333333334 0.053333000000000075 0.057777999999999885
0 0.7874345625 0.4288369166666666 0.03500000000000003 0.06111100000000006
0 0.8647783125 0.6090104166666667 0.08833400000000002 0.13888900000000012
0 0.96953125 0.5032809166666666 0.03916700000000006 0.05999999999999998
0 0.97869825 0.5759550833333332 0.040000000000000036 0.09777800000000007
