0 0.060859375 0.4111455 0.013125000000000005 0.015833999999999977
0 0.1669140625 0.8369274166666667 0.049375 0.07749999999999997
0 0.278984375 0.45968783333333335 0.013124999999999998 0.027500000000000007
0 0.3959375 0.4416145833333333 0.015625 0.018333000000000006
0 0.3996875 0.44088575 0.015625 0.024165999999999983
0 0.43578125 0.43088575 0.009374999999999967 0.025832999999999995
0 0.58328125 0.458958 0.008750000000000036 0.03250000000000005
0 0.5842578125 0.4586455 0.010624999999999996 0.01750000000000007
0 0.604609375 0.45708366666666667 0.013124999999999942 0.022499999999999964
0 0.626484375 0.4607815833333333 0.013125000000000053 0.02083300000000003
0 0.6279296875 0.45921875 0.006249999999999978 0.024166999999999977
0 0.64640625 0.47338575 0.009375000000000022 0.02416600000000006
0 0.6485546875 0.47151041666666665 0.006249999999999978 0.013332999999999965
0 0.6917578125 0.4620836666666666 0.010000000000000009 0.022500000000000037
0 0.93296875 0.78411425 0.08687500000000004 0.10166699999999995
