0 0.0146484375 0.3047209847596718 0.03 0.09199999999999993
0 0.0747001875 0.20951465416178192 0.05333399999999999 0.07700000000000001
0 0.099296875 0.3453763188745604 0.059167 0.08900000000000004
0 0.11427050000000001 0.25896131301289566 0.048334 0.12199999999999997
0 0.239245125 0.22375732708089094 0.036665999999999976 0.03800000000000002
0 0.2541015625 0.1910339976553341 0.033333 0.016000000000000028
0 0.3624609375 0.30468698710433767 0.044999999999999984 0.07799999999999993
0 0.427838875 0.293031652989449 0.027500000000000024 0.083
0 0.5462626875000001 0.2876143024618992 0.1325 0.186
0 0.6224609375 0.19789331770222743 0.046667000000000014 0.09399999999999999
0 0.673776375 0.24613364595545134 0.07500000000000007 0.125
0 0.815754875 0.3608909730363424 0.09083399999999997 0.16299999999999998
0 0.8509375 0.3313399765533412 0.04833299999999996 0.14200000000000002
