0 0.3538671875 0.14202049780380674 0.679375 0.286116
0 0.0501171875 0.11677903074670572 0.021875 0.025328000000000003
0 0.06644531249999999 0.3086482210834553 0.026875000000000003 0.07504700000000004
0 0.1390234375 0.3475220922401171 0.030625 0.07129399999999997
0 0.1388671875 0.2486803191800879 0.023125000000000007 0.05347099999999991
0 0.1603125 0.1435010614934114 0.016250000000000014 0.048781000000000005
0 0.1947265625 0.4663163191800878 0.03437499999999999 0.055348000000000085
0 0.2075 0.32793634992679355 0.033125000000000016 0.076923
0 0.272109375 0.20294283455344073 0.04375000000000001 0.06660400000000002
0 0.3040625 0.4719193806734993 0.04874999999999996 0.100375
0 0.4640234375 0.018507546120058564 0.030624999999999958 0.036585
0 0.4837109375 0.4785996383601756 0.04562499999999997 0.10788000000000005
0 0.5193359375 0.5041561537335285 0.04624999999999996 0.1172610000000001
0 0.5308984375 0.36325879795021965 0.06187500000000001 0.13227099999999997
0 0.5460546875 0.03479731918008785 0.03749999999999998 0.054409000000000006
0 0.5942578125 0.17596634992679355 0.04125000000000001 0.07879900000000002
0 0.6020703125 0.06218567496339677 0.026874999999999982 0.040338
0 0.6384375 0.3749104480234261 0.04749999999999999 0.05628499999999996
0 0.65765625 0.25018860761346995 0.04062499999999991 0.082552
0 0.6704296875 0.5762748960468522 0.03875000000000006 0.1135079999999999
0 0.678203125 0.08673409224011713 0.036250000000000004 0.07035600000000002
0 0.745 0.1625347364568082 0.0625 0.08536600000000001
0 0.80890625 0.7025481844802343 0.07187499999999991 0.14165099999999992
0 0.84734375 0.22737699414348467 0.05625000000000002 0.09193200000000003
0 0.8487109375 0.4134156076134699 0.04625000000000001 0.08255200000000004
0 0.8698828125 0.303615448023426 0.041874999999999996 0.058162000000000054
0 0.9176953125 0.9502291229868229 0.08937499999999998 0.09568499999999996
0 0.928515625 0.41259186530014647 0.05125000000000002 0.08817999999999998
0 0.9786328125 0.4117681229868228 0.04125000000000001 0.09380800000000004
