0 0.2334765625 0.27872655056179774 0.06562499999999996 0.22482000000000002
0 0.3026953125 0.2282959213483146 0.026875000000000038 0.04046800000000002
0 0.39796875 0.21490782022471908 0.05625000000000002 0.09082699999999998
0 0.458125 0.2336919213483146 0.03187499999999999 0.040467000000000024
0 0.5159374999999999 0.3107262247191011 0.07812500000000006 0.13849
0 0.5355859375 0.14359139325842696 0.045624999999999916 0.054856999999999996
0 0.6688671875 0.2760588202247191 0.053750000000000075 0.08992799999999994
0 0.81921875 0.23531839325842696 0.024375000000000036 0.05575600000000001
0 0.8566015625 0.2890836853932584 0.06500000000000006 0.159172
0 0.9146484375 0.33104598876404495 0.09250000000000003 0.256295
