0 0.219140625 0.24375 0.114063 0.126563
0 0.3201166875 0.604296875 0.100001 0.09062500000000007
0 0.3306640625 0.1919921875 0.08124999999999999 0.115625
0 0.438671875 0.8564448125 0.12187500000000001 0.135938
0 0.4859375 0.6490229375 0.14218799999999998 0.17031300000000005
0 0.4822260625 0.1224609375 0.11250000000000004 0.139063
0 0.594921875 0.16640675 0.09062499999999996 0.11874899999999998
0 0.6095708125 0.7287114375 0.10468699999999997 0.09218700000000002
0 0.72578175 0.1357421875 0.087499 0.11718699999999999
0 0.7373046875 0.36269481249999996 0.10156200000000004 0.13593800000000006
0 0.76328125 0.620702625 0.10312500000000002 0.11406300000000003
