0 0.1675566875 0.3441771954674221 0.03840199999999999 0.07572399999999999
0 0.214199125 0.5031167648725213 0.03686600000000001 0.07126899999999994
0 0.2336086875 0.2550901954674221 0.03840200000000002 0.07572399999999999
0 0.271034125 0.3852814730878187 0.03686699999999998 0.064588
0 0.342396875 0.23929448725212465 0.029186000000000045 0.08463300000000001
0 0.350209375 0.5926039178470255 0.04301100000000002 0.08685999999999988
0 0.3541264375 0.3830544730878187 0.03072199999999997 0.064588
0 0.360962375 0.4889431954674221 0.04300999999999999 0.07572399999999999
0 0.44307712499999996 0.2275536260623229 0.03686700000000004 0.07795100000000006
0 0.44851937500000005 0.5450233484419263 0.043010999999999966 0.08908599999999994
0 0.46765512500000006 0.3761677648725213 0.036865999999999954 0.07127
0 0.541388125 0.22046120963172808 0.03532999999999997 0.095769
0 0.546697875 0.3605777648725212 0.029185999999999934 0.07127000000000004
0 0.6043573125 0.5689164872521246 0.05683599999999989 0.08463200000000004
0 0.6318748125 0.33951748725212466 0.04147500000000004 0.08240499999999996
0 0.630481125 0.2168177790368272 0.03686699999999998 0.09131399999999999
0 0.7128706874999999 0.21196262606232297 0.038403000000000076 0.07795099999999999
0 0.725719125 0.35065348725212464 0.03686699999999998 0.08240499999999996
0 0.7811614375 0.17572276487252125 0.030722000000000027 0.07349599999999998
0 0.8263993749999999 0.35956248725212464 0.04301100000000013 0.082405
