0 0.0232685625 0.27239549999999996 0.033333 0.08
0 0.06848925 0.30364549999999996 0.071667 0.14222300000000002
0 0.1596484375 0.26763933333333334 0.03 0.10666599999999993
0 0.19326856250000002 0.24718716666666665 0.034999999999999976 0.06888899999999998
0 0.23653612499999999 0.21960024999999997 0.068334 0.07111200000000002
0 0.30147168750000003 0.35536425 0.09999999999999998 0.16444500000000004
0 0.3434375 0.24328091666666665 0.04833299999999996 0.05999999999999998
0 0.3983203125 0.23208333333333334 0.058333000000000024 0.10444400000000002
0 0.468203125 0.24036458333333335 0.06666699999999998 0.08222199999999995
0 0.5274091875 0.17760383333333332 0.021665999999999963 0.08888900000000001
0 0.5744658125 0.20586849999999998 0.07333400000000001 0.14222200000000004
0 0.6263154375 0.13645833333333335 0.030000000000000027 0.07333299999999998
0 0.6895185625 0.14326433333333333 0.09666600000000003 0.137777
0 0.8583203125 0.20074675 0.05666700000000002 0.08666599999999998
0 0.96625 0.17199675 0.06333299999999997 0.14888900000000002
