0 0.034375 0.7650390625 0.064063 0.08125000000000004
0 0.1779296875 0.6767578125 0.03906200000000001 0.042188
0 0.2298823125 0.76875 0.05781300000000003 0.06406199999999995
0 0.27578075 0.9455078125 0.11875100000000002 0.10468799999999989
0 0.3421875 0.722265625 0.04843800000000004 0.051563000000000025
0 0.518358875 0.9443359375 0.12187499999999996 0.10781299999999994
0 0.5 0.759765625 0.06406199999999995 0.082812
0 0.54296925 0.7150390625 0.04062399999999999 0.04999999999999993
0 0.6345698125 0.865625 0.073438 0.125
0 0.63984375 0.77734375 0.05624999999999991 0.05468799999999996
0 0.7830073125 0.843359375 0.151563 0.19999999999999996
0 0.8748041875000001 0.7732421875 0.08437599999999978 0.08437500000000009
