0 0.0361328125 0.27458299999999997 0.07375 0.18916699999999997
0 0.09375 0.65192675 0.1875 0.36833399999999994
0 0.2389453125 0.1994795 0.08812500000000001 0.1425
0 0.4676171875 0.32697950000000003 0.148125 0.26583300000000004
0 0.5444921875 0.20817741666666667 0.05437500000000006 0.14
0 0.5640234375 0.09833366666666665 0.06062500000000004 0.084166
0 0.6228125 0.06697916666666666 0.046875 0.099167
0 0.6824609375 0.10260416666666666 0.07750000000000001 0.130833
0 0.7081640625 0.4583854166666667 0.11250000000000004 0.10833300000000001
0 0.7430859375 0.12880175000000002 0.04562500000000003 0.08833400000000002
0 0.8237109375 0.22645799999999996 0.07624999999999993 0.15666700000000003
