0 0.052734375 0.5294274166666667 0.106875 0.20166599999999998
0 0.0666796875 0.3269274166666667 0.03874999999999999 0.07583299999999997
0 0.12843749999999998 0.37458300000000005 0.016875000000000015 0.06499999999999995
0 0.278125 0.26333333333333336 0.03187499999999999 0.041666999999999975
0 0.309765625 0.3803125 0.08374999999999999 0.14083299999999999
0 0.367421875 0.21692708333333335 0.02749999999999997 0.03583299999999997
0 0.4333984375 0.22822916666666668 0.029374999999999984 0.03749999999999998
0 0.4495703125 0.33125033333333337 0.05812499999999998 0.106666
0 0.61109375 0.33994825 0.055625000000000036 0.10249999999999997
0 0.6187109375 0.21932291666666667 0.015000000000000013 0.02999999999999999
0 0.64609375 0.22640658333333333 0.024374999999999925 0.05000000000000001
0 0.7135546875 0.3471875 0.03875000000000006 0.11000000000000003
0 0.8998046875 0.2892190833333334 0.03875000000000006 0.06666599999999993
0 0.93171875 0.32651075 0.024374999999999925 0.055832999999999945
0 0.9353125 0.23083333333333333 0.016874999999999973 0.04166700000000001
