0 0.0126953125 0.3587409439528023 0.02625 0.16430600000000006
0 0.036250000000000004 0.36117723008849556 0.0325 0.07176599999999998
0 0.307578125 0.37362441887905606 0.06812500000000005 0.10481599999999999
0 0.412578125 0.3643064513274336 0.03562499999999996 0.06232300000000002
0 0.4698046875 0.30711852507374626 0.03750000000000003 0.06137900000000003
0 0.5267578125 0.4415590825958702 0.04125000000000001 0.07932000000000006
0 0.575625 0.36513359882005897 0.03249999999999997 0.05665800000000006
0 0.6603515625 0.3030996401179941 0.06562499999999993 0.09537299999999999
0 0.7091796875 0.317615197640118 0.03874999999999995 0.11237000000000004
0 0.769375 0.322641598820059 0.03312499999999996 0.056657000000000034
0 0.81046875 0.293664820058997 0.024375000000000036 0.04815900000000001
0 0.8708984375 0.26964374631268434 0.030625000000000013 0.051936000000000024
0 0.871875 0.3677328938053097 0.0318750000000001 0.04627
0 0.9276953125 0.28776511504424773 0.02562500000000001 0.036827
