0 0.226953125 0.26999999999999996 0.06749999999999998 0.125833
0 0.3178125 0.12192708333333334 0.01687500000000003 0.034167
0 0.323671875 0.07838508333333333 0.027500000000000024 0.06749999999999999
0 0.394609375 0.09953125 0.013124999999999998 0.03916700000000001
0 0.509609375 0.21505174999999999 0.011874999999999969 0.025834000000000024
0 0.520234375 0.21906216666666664 0.012499999999999956 0.038334000000000056
0 0.550078125 0.22223958333333335 0.036250000000000004 0.04999999999999997
0 0.5783203125 0.23380241666666665 0.026249999999999996 0.04666600000000002
0 0.6392578125 0.033854166666666664 0.04249999999999998 0.06916699999999999
0 0.7980078125 0.264167 0.07374999999999998 0.12749999999999997
0 0.9851953125 0.267708 0.026874999999999982 0.09499999999999997
