0 0.1621875 0.3025894339622642 0.048125 0.08541499999999995
0 0.2089453125 0.1892666037735849 0.05687499999999998 0.09991900000000001
0 0.2946875 0.30239298742138365 0.04812500000000003 0.07413299999999999
0 0.360859375 0.13291857232704402 0.04375000000000001 0.08058000000000001
0 0.44234375 0.26436229559748425 0.05499999999999999 0.08783300000000004
0 0.4878125 0.1381077106918239 0.046875 0.07896800000000001
0 0.59234375 0.25514515723270437 0.055625000000000036 0.089444
0 0.6361328125 0.11519157232704402 0.04249999999999998 0.081386
0 0.7419921875 0.2863747106918239 0.05312500000000009 0.07896899999999998
0 0.7803125 0.11413015723270441 0.048125000000000084 0.089444
0 0.8131640625 0.21994557232704404 0.04937500000000006 0.08138600000000006
0 0.87359375 0.32978998742138366 0.05500000000000005 0.07413400000000005
