0 0.217578125 0.6324141396648045 0.12937499999999996 0.22987499999999986
0 0.29792968750000004 0.24776593854748605 0.1 0.16100200000000003
0 0.3465625 0.6811074916201117 0.14187500000000003 0.22898
0 0.47015625 0.5293950111731843 0.10249999999999998 0.19946300000000003
0 0.4809375 0.2122553631284916 0.10999999999999999 0.19677999999999998
0 0.60390625 0.10162541899441341 0.10250000000000004 0.18783599999999998
0 0.6355078125 0.7048173072625699 0.13624999999999998 0.2048299999999999
0 0.7317578125 0.2862133072625698 0.1037499999999999 0.20572399999999996
0 0.8755859375 0.42050623463687153 0.10749999999999993 0.16547399999999998
0 0.886640625 0.5769103072625699 0.11375000000000002 0.20661899999999994
