0 0.5371875 0.583239 0.891875 0.40207200000000004
0 0.1003125 0.46932782352941177 0.015625 0.04425599999999995
0 0.1187109375 0.6126755882352942 0.046249999999999986 0.10546199999999999
0 0.1256640625 0.4736872941176471 0.018125000000000002 0.029189999999999994
0 0.1292578125 0.43737670588235295 0.01062500000000001 0.023541
0 0.1809765625 0.5303537647058824 0.03437500000000002 0.06026300000000007
0 0.1851171875 0.474099705882353 0.021875000000000006 0.025424
0 0.213984375 0.3995955294117646 0.012499999999999983 0.019774000000000104
0 0.2936328125 0.422310705882353 0.011249999999999982 0.026364999999999923
0 0.3494921875 0.45455805882352934 0.023125000000000007 0.036724000000000034
0 0.3822265625 0.7565218235294118 0.034375000000000044 0.046139999999999924
0 0.3717578125 0.4160159411764706 0.011249999999999982 0.01694899999999995
0 0.3989453125 0.48315658823529406 0.02562500000000001 0.05461300000000001
0 0.4155078125 0.8459758235294117 0.011249999999999982 0.045198000000000016
0 0.4590625 0.4346678823529412 0.01687500000000003 0.031073999999999977
0 0.4948828125 0.40377494117647056 0.010000000000000009 0.01600699999999996
0 0.5205078125 0.4286054705882352 0.010000000000000009 0.03295699999999997
0 0.5346875 0.4011822941176471 0.015625 0.029189999999999994
0 0.558515625 0.45791264705882356 0.020625000000000004 0.04048899999999996
0 0.562109375 0.41048211764705883 0.011874999999999969 0.021658000000000004
0 0.585 0.578619705882353 0.03187499999999999 0.024481999999999924
0 0.6005859375 0.43508129411764707 0.01375000000000004 0.027306999999999998
0 0.6230078125 0.4061865294117647 0.011249999999999982 0.01977400000000002
0 0.6896875 0.39929929411764703 0.016874999999999973 0.029190000000000077
0 0.6945703125 0.5019885882352942 0.02562500000000001 0.05461399999999982
0 0.724765625 0.412894705882353 0.020625000000000004 0.023539999999999933
0 0.7301171875 0.4503796470588235 0.022499999999999964 0.03860600000000005
0 0.7459375 0.5133514705882353 0.016874999999999973 0.03295699999999989
0 0.7580859375 0.41989911764705884 0.01375000000000004 0.020714999999999945
0 0.779140625 0.5567710588235295 0.02124999999999999 0.08568799999999997
0 0.8140625 0.4789238823529412 0.016874999999999973 0.031073999999999977
0 0.8203125 0.4194857058823529 0.016874999999999973 0.026366000000000073
0 0.874375 0.4808601764705882 0.03312499999999996 0.05743899999999998
0 0.9226953125 0.5575968823529412 0.02562500000000001 0.081921
