0 0.38727475 0.2740751875 0.02444400000000006 0.02333400000000002
0 0.3922565 0.3368359375 0.017777999999999922 0.014999999999999958
0 0.4169270833333334 0.5313154375 0.035556 0.030000000000000027
0 0.47263866666666665 0.276432625 0.022222000000000037 0.020000000000000018
0 0.4798434166666667 0.3371220625 0.01555600000000005 0.018334000000000017
0 0.4811455 0.406432625 0.017777999999999922 0.020000000000000018
0 0.5557815833333334 0.278098625 0.020000000000000018 0.020000000000000018
0 0.5607643333333333 0.40171875 0.011111000000000018 0.024999999999999967
0 0.5620664166666667 0.339765625 0.015554999999999911 0.019999999999999962
0 0.5986113333333334 0.548958 0.042221999999999905 0.031667
0 0.6370836666666667 0.3971220625 0.022222000000000037 0.018334000000000017
0 0.6353994166666667 0.279765625 0.015554999999999838 0.019999999999999962
0 0.6376214166666666 0.3354560625 0.013332999999999892 0.018332999999999988
0 0.7072747500000002 0.3354560625 0.02444399999999991 0.018332999999999988
