0 0.0921484375 0.22133755555555557 0.029375 0.073934
0 0.13425781250000002 0.476257925925926 0.04187500000000001 0.09383900000000006
0 0.1487109375 0.2885799259259259 0.046249999999999986 0.092891
0 0.2202734375 0.25937151851851853 0.030624999999999986 0.07772499999999999
0 0.2826953125 0.26943962962962964 0.02562500000000001 0.06066399999999998
0 0.403984375 0.2414881851851852 0.07437499999999997 0.13175400000000004
0 0.5471875 0.3525647777777777 0.07937499999999997 0.11848300000000003
0 0.680390625 0.2728804444444444 0.020625000000000004 0.08910000000000005
0 0.770703125 0.3362751851851852 0.0668749999999999 0.13080600000000003
0 0.8508984375 0.3584907037037037 0.06062499999999993 0.12796200000000002
0 0.940703125 0.3151132222222222 0.036250000000000004 0.04644500000000002
0 0.955625 0.4168931111111111 0.0318750000000001 0.06445499999999996
0 0.989140625 0.2910027037037037 0.020000000000000018 0.04834100000000006
