0 0.12734375 0.32547362664714496 0.149375 0.28986799999999996
0 0.28500000000000003 0.6319117920937043 0.1575 0.2251409999999999
0 0.3087109375 0.13671604978038066 0.10812499999999997 0.228893
0 0.511953125 0.18268204978038066 0.12937500000000002 0.23077000000000003
0 0.583828125 0.2562831420204978 0.12937500000000002 0.30018700000000004
0 0.650546875 0.4291887554904832 0.15375000000000005 0.2917450000000001
0 0.7740234375 0.18080604978038067 0.12437500000000001 0.22889299999999996
0 0.863671875 0.5919155651537334 0.18437500000000007 0.24296500000000013
0 0.8873828125 0.26002563836017567 0.1050000000000001 0.10694200000000002
0 0.97953125 0.21931120937042461 0.03937500000000005 0.25516
