0 0.017578125 0.30697883333333337 0.036875 0.05833399999999996
0 0.1478125 0.44817675 0.046875000000000014 0.05666699999999995
0 0.275078125 0.44317674999999995 0.036250000000000004 0.05666700000000002
0 0.3862109375 0.5119788333333334 0.044999999999999984 0.05833400000000003
0 0.5293359375 0.5496871666666666 0.04625000000000001 0.06916699999999998
0 0.55890625 0.29098925 0.039999999999999925 0.070834
0 0.6453125 0.484583 0.04875000000000007 0.06416699999999993
0 0.7026171875 0.26515591666666666 0.021874999999999978 0.030834000000000028
0 0.9090625 0.31328158333333334 0.07999999999999996 0.14333300000000002
0 0.91515625 0.5416666666666666 0.07125000000000004 0.08499999999999996
