0 0.0166015625 0.7315104166666666 0.0039059999999999997 0.014583000000000013
0 0.0255856875 0.6281253333333333 0.0070310000000000025 0.011458000000000043
0 0.033593250000000005 0.7270833333333334 0.009374999999999998 0.010416999999999899
0 0.0412106875 0.73932325 0.007031999999999997 0.010415999999999906
0 0.05312525 0.6169274166666666 0.008593999999999997 0.013541000000000025
0 0.089453125 0.6377604166666666 0.004688000000000012 0.014583000000000013
0 0.10058568749999999 0.7304684166666666 0.0062500000000000056 0.013542000000000165
0 0.129297125 0.6208333333333332 0.005467999999999973 0.010417000000000046
0 0.151953125 0.6250003333333334 0.004686999999999997 0.011457999999999894
0 0.1685546875 0.6182295 0.0062500000000000056 0.017708000000000057
0 0.1904296875 0.7088545 0.0062500000000000056 0.015625
0 0.19726512499999999 0.6117184166666666 0.005469000000000002 0.014584000000000078
0 0.22265625 0.7062503333333333 0.009374999999999994 0.01250000000000003
0 0.251953125 0.6169274166666666 0.005469000000000002 0.014583000000000013
0 0.26601512499999996 0.7093753333333334 0.003907000000000049 0.01250000000000003
0 0.731640875 0.8955725833333332 0.06015599999999999 0.11250000000000011
0 0.71406225 0.5101565833333334 0.007812999999999959 0.018750000000000044
0 0.8917973749999999 0.9190104166666666 0.04453100000000021 0.07604200000000017
0 0.9259768125000001 0.9106774166666667 0.042186999999999863 0.10729099999999987
