0 0.0126953125 0.7414059166666668 0.02625 0.09166699999999987
0 0.0961328125 0.44364549999999997 0.010000000000000009 0.015833999999999977
0 0.2248046875 0.77765625 0.037500000000000006 0.07083299999999992
0 0.2752734375 0.6884892499999999 0.030625000000000013 0.07083400000000006
0 0.34859375 0.934167 0.055625000000000036 0.12750000000000009
0 0.35234375 0.7620833333333333 0.05562499999999998 0.10499999999999998
0 0.4408203125 0.71875 0.026249999999999996 0.06416700000000002
0 0.5653125 0.831667 0.04812499999999997 0.12666599999999986
0 0.5598828125 0.45708366666666667 0.011249999999999982 0.022499999999999964
0 0.5873046875 0.6940624999999999 0.03749999999999998 0.07916699999999992
0 0.6084765625 0.43864549999999997 0.0031249999999999334 0.015834000000000053
0 0.634296875 0.6659899166666666 0.02749999999999997 0.03083299999999996
0 0.6546484375 0.71984375 0.030000000000000027 0.055000000000000014
0 0.6865625 0.6696878333333333 0.016875000000000084 0.027500000000000007
0 0.724765625 0.6798961666666666 0.020625000000000004 0.038332999999999874
0 0.7848828125 0.7208336666666666 0.04249999999999998 0.08583300000000005
0 0.8080078125 0.4687496666666666 0.010000000000000009 0.020834000000000092
0 0.8177734375 0.7512500000000001 0.030625000000000013 0.0625
0 0.8234765625 0.9213538333333333 0.03500000000000003 0.15333400000000008
0 0.850625 0.6947395833333334 0.032500000000000084 0.051666999999999984
0 0.8728125 0.6613538333333334 0.015625 0.027500000000000007
0 0.8944140625 0.703125 0.018125000000000058 0.03250000000000005
0 0.9301171875 0.688125 0.02312499999999995 0.0324999999999999
0 0.989609375 0.6418229166666666 0.013124999999999942 0.030833000000000037
