0 0.1724609375 0.35859408333333337 0.046094000000000024 0.06666599999999996
0 0.265234125 0.3671871666666666 0.036719 0.06979200000000003
0 0.323047125 0.3640625 0.035937 0.04791699999999999
0 0.386327875 0.38020799999999993 0.028907000000000016 0.0625
0 0.434766125 0.35338508333333335 0.03671800000000003 0.06666700000000003
0 0.532422125 0.3848958333333334 0.03671800000000003 0.05833299999999997
0 0.6267575625 0.383333 0.03359400000000001 0.0625
0 0.6912111875 0.3807295 0.021874999999999978 0.046875
0 0.720312 0.3875 0.03281300000000009 0.0625
0 0.7716799375 0.3875 0.04531200000000002 0.0625
