0 0.0309375 0.9577085555555556 0.04875 0.08111099999999993
0 0.0888671875 0.9473608888888888 0.053750000000000006 0.09333400000000008
0 0.131171875 0.8733337777777778 0.02812500000000001 0.058888
0 0.1572265625 0.9472918888888889 0.035 0.0600000000000001
0 0.1892578125 0.8802782222222222 0.04124999999999998 0.07222200000000001
0 0.209453125 0.9775003333333334 0.036250000000000004 0.04222199999999986
0 0.208359375 0.8678469999999999 0.012499999999999983 0.03444500000000003
0 0.2491796875 0.9545137777777778 0.03812499999999999 0.08777799999999994
0 0.25082031250000003 0.8460416666666667 0.02562499999999998 0.05444400000000006
0 0.3618359375 0.9806941111111112 0.04500000000000004 0.03555599999999989
0 0.41234375 0.9280552222222221 0.02437499999999998 0.07222300000000005
0 0.4658203125 0.9399305555555555 0.02562500000000001 0.08222199999999999
0 0.465390625 0.8831945555555554 0.020625000000000004 0.05000000000000002
0 0.5095703125 0.8403474444444444 0.026875000000000038 0.04555500000000004
0 0.5901953125 0.83125 0.02562500000000001 0.06333299999999999
0 0.6808984375 0.8891662222222223 0.030625000000000013 0.07111199999999979
0 0.7567578125 0.9684028888888889 0.04125000000000001 0.05999999999999991
0 0.783515625 0.8892362222222222 0.05124999999999991 0.10222199999999997
