0 0.081015625 0.5727896470588236 0.020625000000000004 0.038606999999999954
0 0.3914453125 0.5731391764705882 0.02562500000000001 0.05837999999999999
0 0.5622265625 0.8312593529411765 0.03437499999999993 0.062146999999999966
0 0.5546875 0.5312424705882354 0.016874999999999973 0.033897999999999984
0 0.6051171875 0.603567411764706 0.023125000000000062 0.048964000000000014
0 0.7403125 0.5534290588235293 0.015625 0.036723000000000054
0 0.7716796875 0.7194804117647059 0.06937499999999996 0.1487760000000001
0 0.8494921875 0.6062752352941176 0.021874999999999978 0.0433150000000001
0 0.9038671875 0.42736823529411766 0.022500000000000075 0.042372999999999945
0 0.9283203125 0.492985 0.026874999999999982 0.05273099999999991
0 0.945078125 0.7566158235294117 0.03687499999999999 0.14689299999999994
0 0.9620703125 0.45550005882352945 0.026874999999999982 0.03672299999999997
