0 0.005859375 0.3463540833333334 0.012695 0.03645799999999999
0 0.0205078125 0.7695314999999999 0.041992 0.049478999999999974
0 0.0136721875 0.43229125 0.022461000000000002 0.040364999999999984
0 0.024413625 0.2968751666666667 0.020508 0.037760000000000016
0 0.0351560625 0.25130175 0.018555000000000002 0.02343800000000003
0 0.044921375 0.213542 0.011719 0.03125
0 0.07128949999999999 0.22395791666666665 0.01757800000000001 0.028646000000000022
0 0.0751951875 0.3658854166666667 0.02246100000000001 0.044271000000000026
0 0.0976563125 0.28255216666666666 0.025390999999999997 0.03906200000000004
0 0.0957030625 0.2356775 0.018555000000000002 0.018228999999999978
0 0.1259761875 0.246094 0.021485000000000018 0.032552000000000025
0 0.1689451875 0.2708333333333333 0.021485000000000004 0.04166700000000001
0 0.181640625 0.24869791666666666 0.021484000000000003 0.028646000000000022
0 0.2099610625 0.2031248333333333 0.018555000000000016 0.027344000000000035
0 0.2216793125 0.2786456666666666 0.026368000000000003 0.05338600000000001
0 0.232421625 0.223958 0.020508 0.03125
0 0.23535106249999999 0.5156250833333332 0.01757900000000001 0.0364580000000001
0 0.2490231875 0.26171833333333333 0.022461000000000036 0.042969
0 0.2685544375 0.39453125 0.029297000000000017 0.040364999999999984
0 0.2666015 0.21744774999999997 0.015625 0.024740000000000022
0 0.2841801875 0.24479208333333335 0.02245999999999998 0.035156
0 0.28808562499999996 0.208333 0.02050800000000008 0.03125
0 0.303711375 0.27213533333333334 0.013670999999999989 0.042969
0 0.3203120625 0.35416625 0.01757900000000001 0.039062999999999924
0 0.3427731875 0.277344 0.02246100000000001 0.03255200000000006
0 0.34960918750000003 0.226563 0.02246100000000001 0.033854000000000016
0 0.3759765 0.20182291666666666 0.015625 0.029948000000000013
0 0.41210918750000003 0.24088524999999997 0.021485000000000032 0.039063000000000035
0 0.4404293125 0.30208325 0.026368000000000058 0.03906299999999996
0 0.4394535 0.24869791666666666 0.017577999999999983 0.029947999999999975
0 0.44335906249999996 0.17838508333333333 0.018555000000000044 0.03515700000000003
0 0.47070293750000003 0.16276058333333335 0.013672000000000017 0.020832999999999973
0 0.4785155 0.2382810833333333 0.017578000000000038 0.03515600000000004
0 0.49804681250000005 0.15755258333333336 0.01074200000000003 0.020833000000000008
0 0.5058595 0.24218775 0.017577999999999983 0.02604100000000002
0 0.5117190625 0.19921875 0.01855400000000007 0.024740000000000022
0 0.5214839375 0.2786461666666667 0.014649000000000023 0.039061999999999965
0 0.557617625 0.22005191666666665 0.021483999999999948 0.028646000000000022
0 0.567382625 0.2825520833333333 0.02050799999999997 0.03645799999999999
0 0.5771480625000001 0.19270858333333332 0.018554999999999988 0.02083299999999999
0 0.581054625 0.233073 0.02050799999999997 0.03125
0 0.5996097499999999 0.27083325 0.024414000000000047 0.040364999999999984
0 0.6074215000000001 0.2122395 0.015625 0.015625
0 0.6503910625 0.25390583333333333 0.019530999999999965 0.026042000000000048
0 0.6582030625 0.22005191666666665 0.018554999999999877 0.029948000000000013
0 0.667968625 0.28776033333333334 0.02050799999999997 0.04166699999999993
0 0.6738280625 0.20963491666666667 0.018554999999999877 0.029947999999999975
0 0.706054625 0.2356771666666667 0.02050799999999997 0.039062000000000006
0 0.729492625 0.19270883333333333 0.020507000000000053 0.028644999999999993
0 0.7470705 0.19531283333333335 0.016601000000000088 0.027342999999999968
0 0.749023375 0.27474 0.012695000000000012 0.03125
0 0.7568363124999999 0.3281246666666667 0.02636700000000003 0.052084000000000054
0 0.7666014375 0.53776025 0.030274000000000023 0.070313
0 0.7675780625 0.2708335 0.018554999999999877 0.016926999999999953
0 0.7919925 0.2513020833333333 0.017577999999999983 0.03645799999999999
0 0.80761675 0.42578166666666667 0.02343800000000007 0.053385000000000016
0 0.8095700625000001 0.31640625 0.019530999999999965 0.039062999999999994
0 0.8339841875 0.223958 0.021484999999999976 0.03255199999999999
0 0.8593746250000001 0.6458329166666666 0.019531999999999883 0.059896000000000026
0 0.8593745 0.235677 0.016601999999999895 0.03255199999999999
0 0.8662108749999999 0.365885 0.027344000000000035 0.0625
0 0.8652340625000001 0.276042 0.018554999999999877 0.033854000000000016
0 0.8759770625 0.191406 0.019531000000000076 0.03255199999999999
0 0.9082034999999999 0.2486978333333333 0.016601000000000088 0.027344000000000035
0 0.9267575625 0.365885 0.0341800000000001 0.0625
0 0.930663625 0.2786460833333333 0.02050799999999997 0.03645800000000007
0 0.9433589375 0.19661508333333333 0.014648999999999912 0.036458000000000025
0 0.9775395 0.23177100000000003 0.016601000000000088 0.03125
0 0.9843746250000001 0.28515625 0.019531999999999883 0.040364999999999984
0 0.9941402500000001 0.4518233333333333 0.008788999999999936 0.07552000000000003
