0 0.10765625 0.8179781497797357 0.039999999999999994 0.09971799999999985
0 0.174609375 0.7219324317180617 0.011874999999999997 0.046096000000000054
0 0.335625 0.7928078649045521 0.033125000000000016 0.1100660000000001
0 0.6845703125 0.5902294317180616 0.026874999999999982 0.04609599999999997
0 0.8398828125 0.387100430249633 0.010624999999999996 0.023518000000000008
0 0.86234375 0.6968070058737151 0.05500000000000005 0.08278499999999997
0 0.857734375 0.524033859030837 0.012499999999999956 0.02916300000000009
0 0.8655078125 0.3840487151248164 0.010624999999999996 0.01317000000000001
0 0.900234375 0.4825270014684287 0.012499999999999956 0.021637000000000104
0 0.91828125 0.25987171512481644 0.008124999999999938 0.012230000000000048
0 0.93765625 0.26322214390602056 0.008750000000000036 0.01599200000000002
0 0.9773828125 0.4316131439060206 0.010000000000000009 0.016932999999999962
0 0.9866796875 0.4950557151248164 0.006249999999999978 0.014111000000000033
