0 0.195702875 0.30860483081571 0.05937499999999998 0.137847
0 0.607812 0.4050382567975831 0.7820320000000001 0.13421999999999998
0 0.323827875 0.6553661842900302 0.028907000000000016 0.049577
0 0.3281245 0.5583296102719033 0.01562600000000003 0.045949000000000045
0 0.35625 0.7064574622356495 0.03125 0.03990299999999995
0 0.3533200625 0.5253800362537764 0.017969000000000013 0.04353099999999999
0 0.3572263125 0.5988357583081572 0.025782000000000027 0.05199499999999997
0 0.3685549375 0.4727855921450151 0.014061999999999963 0.024184000000000032
0 0.3732419375 0.5072457401812689 0.014062999999999992 0.030230000000000038
0 0.3830080625 0.5513798882175227 0.019530999999999965 0.03627499999999991
0 0.38144581250000004 0.5906797401812689 0.01171799999999995 0.030230000000000038
0 0.383984375 0.459786166163142 0.011719000000000035 0.02902099999999993
0 0.39804737500000004 0.4570665921450151 0.013280999999999987 0.02539299999999997
0 0.403515625 0.5102705921450151 0.020311999999999997 0.024184000000000032
0 0.4044921875 0.6925496102719033 0.022656000000000065 0.04715899999999995
0 0.4064450625 0.48367229607250756 0.018750000000000044 0.014509999999999981
0 0.4103513125 0.6290657583081571 0.026562999999999948 0.05199499999999997
0 0.4117185 0.5683041842900303 0.015625000000000056 0.049577
0 0.41660181249999995 0.4758067401812689 0.010156000000000054 0.03143899999999998
0 0.43515675000000004 0.5743501842900303 0.024218000000000017 0.049577
0 0.4330078125 0.4510205921450151 0.010938000000000059 0.024184000000000032
0 0.455077625 0.48910403625377646 0.020313000000000025 0.04353099999999999
0 0.4599609375 0.5389863141993958 0.014843999999999968 0.03385700000000003
0 0.46914087499999996 0.5664967401812688 0.02812500000000001 0.030229000000000075
0 0.47089868749999997 0.49273574018126887 0.007812000000000097 0.032648
0 0.47578125 0.45374387009063444 0.007813000000000014 0.015719999999999974
0 0.493359875 0.6387313504531723 0.028905999999999987 0.076179
0 0.48964793749999996 0.4114181661631419 0.014063000000000048 0.027812000000000073
0 0.49550806249999996 0.4425565921450151 0.01796800000000004 0.02539299999999997
0 0.50703175 0.4882040181268882 0.024218000000000073 0.022975000000000006
0 0.5070315 0.45676501812688824 0.017187000000000063 0.021765000000000014
0 0.51328075 0.5356598882175226 0.02500100000000005 0.03748499999999999
0 0.5142580625 0.5885596102719033 0.019531000000000076 0.04594899999999996
0 0.52499975 0.6420651842900302 0.02343799999999996 0.049577
0 0.5259768125 0.5631740181268882 0.011718000000000006 0.021765000000000014
0 0.5314458125 0.46402001812688826 0.011718000000000006 0.021765999999999893
0 0.5376950625 0.8201066465256798 0.019530999999999965 0.08947999999999987
0 0.5382815 0.5326387401812689 0.01640600000000003 0.03143899999999998
0 0.5556643124999999 0.6094171842900302 0.025781000000000054 0.048366999999999924
0 0.5531255 0.46432529607250755 0.017186999999999952 0.013300999999999955
0 0.5546875 0.5151038882175227 0.015625 0.03748499999999999
0 0.556640625 0.562567166163142 0.021093999999999946 0.02781199999999999
0 0.562109625 0.7224780362537765 0.020312000000000108 0.042322000000000054
0 0.5712890625 0.4619035921450151 0.019531000000000076 0.02539299999999997
0 0.57578075 0.5338450362537766 0.0242190000000001 0.04473999999999985
0 0.5804685 0.4927394441087613 0.015625 0.018138000000000022
0 0.582421625 0.7067590362537765 0.019531999999999994 0.04353000000000003
0 0.5800783749999999 0.4749067220543806 0.012500000000000067 0.010883000000000077
0 0.5947270625 0.5589401661631419 0.017968000000000095 0.02781100000000011
0 0.6005861874999999 0.6154631842900302 0.02187500000000009 0.048366999999999924
0 0.6023435 0.4609988700906345 0.015625 0.016928999999999913
0 0.6115231875 0.4906183141993958 0.021874999999999978 0.03385800000000008
0 0.6111330625 0.5701200362537765 0.017969000000000013 0.04353099999999999
0 0.6273435 0.48125059214501503 0.01640699999999995 0.026602000000000084
0 0.63828075 0.5480534622356495 0.02343800000000007 0.03990299999999987
0 0.6369140625 0.4422513141993958 0.0179689999999999 0.03385700000000003
0 0.6466801875 0.5120864441087613 0.02187399999999995 0.020556000000000074
0 0.6466799375 0.48155487009063447 0.014062000000000019 0.015719999999999974
0 0.6501948125 0.45978987009063443 0.010938000000000003 0.015719000000000007
0 0.6626950625 0.4948558700906344 0.019530999999999965 0.016929
0 0.667577875 0.612438332326284 0.027344000000000035 0.054412999999999934
0 0.6632815 0.4437692960725076 0.015625 0.014509999999999981
0 0.6705080625 0.5368688882175228 0.019531000000000076 0.03748499999999999
0 0.669921375 0.465832166163142 0.013281999999999905 0.027810999999999936
0 0.6802736875 0.4464888700906344 0.006249999999999978 0.015719000000000094
0 0.6845708125 0.4365142960725076 0.010156000000000054 0.014509999999999981
0 0.69921875 0.5598438882175226 0.02421899999999999 0.036276000000000044
0 0.69921825 0.4437692960725076 0.007812999999999959 0.013300999999999955
0 0.7064450625 0.6463027401812689 0.0179689999999999 0.032648
0 0.7089846249999999 0.4715728882175227 0.020312000000000108 0.03627599999999996
0 0.723437 0.5985341842900301 0.03125 0.049577
0 0.7177739375 0.719141498489426 0.01484300000000005 0.08343399999999995
0 0.7384770625 0.48881087009063445 0.018750000000000044 0.016927999999999947
0 0.7404301875 0.5389826102719033 0.02187399999999995 0.04594899999999987
0 0.7701171875 0.4957605921450151 0.02343699999999993 0.02418400000000012
0 0.774609875 0.5386884441087614 0.028124000000000038 0.020555999999999987
0 0.7749995 0.5816061842900302 0.017188000000000092 0.04957600000000004
0 0.808202625 0.6106298882175226 0.020313000000000025 0.03869400000000001
0 0.8091791875 0.47671146223564953 0.02187500000000009 0.039903000000000036
0 0.8150390625 0.5616560362537764 0.019530999999999965 0.04353100000000017
0 0.8431643125 0.5120790362537765 0.025780999999999943 0.04473999999999993
0 0.8455080625000001 0.5800956102719033 0.019530999999999854 0.045949000000000045
0 0.8519536249999999 0.4721797401812689 0.020312000000000108 0.03022899999999999
0 0.8791013124999999 0.5253837401812689 0.025781000000000165 0.03143899999999998
0 0.8970700625 0.4443714441087613 0.017969000000000013 0.02055700000000004
0 0.9011716249999999 0.5199371842900302 0.020313000000000137 0.048367000000000014
0 0.916015375 0.47187816616314204 0.013281000000000098 0.027810999999999936
0 0.9218745 0.5589364622356495 0.015625999999999918 0.041111999999999975
0 0.9414065 0.5078488882175226 0.015625 0.03627599999999996
0 0.9458979375000001 0.5574295921450151 0.014062999999999937 0.02418299999999998
0 0.9599611875 0.46492474018126884 0.021874999999999978 0.03022899999999999
0 0.9798830625 0.4957605921450151 0.017968000000000095 0.026601999999999997
0 0.9919919374999999 0.453740166163142 0.014063000000000159 0.027811000000000023
