0 0.07375000000000001 0.4861845625 0.064167 0.09666700000000006
0 0.10255175000000001 0.393671875 0.024166999999999994 0.029167
0 0.30171875 0.3393623125 0.02416700000000005 0.025832999999999995
0 0.4913935625 0.7117314375 0.06583300000000003 0.09250000000000003
0 0.51015625 0.928203125 0.07083300000000003 0.06666700000000003
0 0.684036125 0.8855595625 0.068334 0.06499999999999995
0 0.7294404375 0.6564453125 0.061666 0.089167
0 0.8649873125 0.804036125 0.05833299999999997 0.068334
0 0.88755175 0.142004875 0.02416700000000005 0.027499999999999997
0 0.92234375 0.561042 0.05499999999999994 0.09416599999999997
