0 0.005859375 0.4919795 0.011875 0.017499999999999998
0 0.03328125 0.4286455 0.009375000000000001 0.017499999999999922
0 0.0624609375 0.45374966666666666 0.015624999999999993 0.02083400000000002
0 0.07515625 0.4645836666666667 0.008750000000000008 0.022500000000000037
0 0.083359375 0.4671878333333333 0.013124999999999998 0.027500000000000007
0 0.114609375 0.32515591666666666 0.012499999999999997 0.029167000000000016
0 0.291015625 0.42770833333333336 0.176875 0.261667
0 0.4870703125 0.35401075000000004 0.213125 0.30666600000000005
0 0.4028125 0.3627600833333333 0.016874999999999973 0.03583400000000007
0 0.7416796875 0.2603125 0.006249999999999978 0.017499999999999998
0 0.7918359375 0.2428125 0.014374999999999916 0.015832999999999986
0 0.79953125 0.2304166666666667 0.008749999999999925 0.022500000000000003
0 0.818515625 0.24619825000000004 0.020625000000000004 0.03999999999999996
0 0.890859375 0.19994758333333332 0.012499999999999956 0.01999999999999998
0 0.9221875 0.19505175 0.015625 0.025834000000000024
0 0.939609375 0.23265591666666666 0.01187500000000008 0.02916699999999998
0 0.9846484375 0.1934375 0.02937500000000004 0.048332999999999994
