0 0.06875 0.8188020833333334 0.03125000000000001 0.12916699999999995
0 0.0930078125 0.1836455 0.010000000000000009 0.017500000000000033
0 0.12953125 0.18223925 0.008750000000000008 0.010000000000000009
0 0.196875 0.8640621666666667 0.031875000000000014 0.038334000000000014
0 0.4460546875 0.7220836666666667 0.007500000000000007 0.022499999999999964
0 0.4705859375 0.7230208333333333 0.014375000000000027 0.027500000000000153
0 0.5062890625 0.7204166666666666 0.019374999999999976 0.022500000000000114
0 0.523828125 0.7503125 0.0050000000000000044 0.01583300000000006
0 0.537109375 0.7319795 0.012499999999999956 0.016665999999999997
0 0.6362109375 0.7263538333333334 0.015000000000000013 0.027500000000000007
0 0.6756640625 0.8219270833333333 0.018125000000000058 0.03583299999999993
0 0.687734375 0.7228125 0.011874999999999969 0.015832999999999913
0 0.70546875 0.8578128333333334 0.024375000000000036 0.05833299999999989
0 0.7365625 0.7117187499999998 0.015625 0.025833000000000144
0 0.7510546875 0.7144795 0.006249999999999978 0.015832999999999913
0 0.7673828125 0.7144795 0.010000000000000009 0.017499999999999922
0 0.7885546875 0.7098434166666667 0.007499999999999951 0.013333999999999957
0 0.8348046875 0.72057325 0.006249999999999978 0.009166000000000007
0 0.888515625 0.7209899166666668 0.020625000000000004 0.029165999999999876
0 0.8991796875 0.7128125 0.0068749999999999645 0.01583300000000006
0 0.9353125 0.7165104166666666 0.015625 0.01416700000000004
0 0.9896875 0.8838017499999999 0.01749999999999996 0.08833399999999998
