0 0.0566401875 0.2737918960468521 0.053711 0.11127399999999997
0 0.113281625 0.3147875095168375 0.052734 0.10541700000000004
0 0.2294921875 0.2518301537335286 0.054686999999999986 0.11859399999999998
0 0.3300781875 0.04392360761346999 0.05371099999999995 0.083456
0 0.405273875 0.34846289604685216 0.05957000000000001 0.11273799999999992
0 0.4726565 0.1376278653001464 0.04882800000000004 0.08784799999999998
0 0.482422125 0.06442131918008785 0.037109 0.052708999999999985
0 0.49609331249999994 0.26354315373352855 0.057618 0.11859399999999998
0 0.53613275 0.6134700248901903 0.055663999999999936 0.11566600000000003
0 0.600585625 0.3089315095168375 0.05175799999999997 0.10541699999999996
0 0.6230465000000001 0.20497757686676427 0.046875 0.06002999999999996
0 0.6884765625 0.21229896339677892 0.035156000000000076 0.06734999999999998
0 0.730468625 0.24890228843338216 0.02050799999999997 0.03074599999999995
0 0.750976625 0.3294292518301611 0.05273400000000006 0.09809600000000002
0 0.7744144374999999 0.5944363806734992 0.06054700000000002 0.10248899999999997
0 0.7890626875 0.2547587364568082 0.03906200000000004 0.08638300000000002
0 0.82128875 0.27525647877013176 0.02343799999999996 0.07906300000000002
0 0.8808591875 0.43631070571010244 0.021484999999999976 0.06295700000000003
0 0.9335941875 0.3133235402635432 0.05468699999999993 0.128843
