0 0.038984375 0.6339274302496329 0.011874999999999997 0.023497000000000025
0 0.0734375 0.6234725726872247 0.01625 0.019736999999999925
0 0.1011328125 0.6099030014684287 0.011249999999999996 0.020677000000000056
0 0.17546875 0.6438548590308371 0.02437499999999998 0.02819600000000002
0 0.1796875 0.6161882878120412 0.016249999999999987 0.031014999999999925
0 0.1887109375 0.5298981439060205 0.014374999999999999 0.01691800000000002
0 0.2273046875 0.9008432907488987 0.037500000000000006 0.07330899999999992
0 0.2271875 0.5462277165932452 0.017500000000000016 0.032895000000000015
0 0.2377734375 0.9592321483113069 0.030624999999999986 0.0780070000000001
0 0.2819140625 0.8497964375917768 0.01874999999999999 0.1268800000000001
0 0.3309375 0.6183020029368576 0.016249999999999987 0.042294000000000075
0 0.3388671875 0.6829751468428781 0.023125000000000007 0.058271000000000066
0 0.3906640625 0.5200295741556534 0.019374999999999976 0.03853400000000006
0 0.545859375 0.41247386343612336 0.04437499999999994 0.08834600000000004
0 0.7611328125 0.6781592892804699 0.04125000000000001 0.052631000000000046
0 0.7701953125 0.4450762892804699 0.026875000000000093 0.051691
0 0.7988671875 0.6259978590308369 0.023125000000000062 0.027256000000000058
0 0.8499609375 0.47268500146842884 0.014375000000000027 0.021616999999999935
0 0.8678125 0.4729197165932453 0.016249999999999987 0.03477399999999996
0 0.8805078125 0.5707804346549192 0.041874999999999996 0.08646600000000003
0 0.9013671875 0.6269345800293686 0.053749999999999964 0.12124099999999996
0 0.9027734375 0.49911785903083705 0.030624999999999902 0.027255999999999975
0 0.8994140625 0.4685144302496329 0.018124999999999947 0.02537600000000005
0 0.9357421875 0.5035231453744494 0.021874999999999978 0.036653999999999964
0 0.9393359375 0.4547101439060206 0.014375000000000027 0.015038000000000013
0 0.9790625 0.4149434302496329 0.015625 0.02631499999999995
