0 0.0078125 0.3767422884333821 0.01625 0.030957
0 0.0358203125 0.3728760307467057 0.025625000000000002 0.026266999999999995
0 0.046406249999999996 0.44039209224011716 0.04062500000000001 0.07317099999999993
0 0.0749609375 0.3714119019033675 0.015 0.02251399999999995
0 0.0917578125 0.4913467057101025 0.04250000000000001 0.061914
0 0.1040234375 0.381660803806735 0.030625 0.042213999999999974
0 0.1374609375 0.3479599019033675 0.013750000000000012 0.02063799999999996
0 0.168671875 0.5078649941434846 0.06 0.09099400000000003
0 0.1643359375 0.3837211595900439 0.013750000000000012 0.02814300000000003
0 0.1712890625 0.35381641727672036 0.018125000000000002 0.03283299999999995
0 0.196796875 0.3954341903367496 0.028124999999999983 0.05159500000000004
0 0.20359375 0.4863580922401171 0.024375000000000008 0.07129500000000007
0 0.2165625 0.38582567496339676 0.017500000000000016 0.04033700000000005
0 0.2282421875 0.35340454612005856 0.021875000000000006 0.03658499999999998
0 0.25671875 0.5103803806734993 0.05499999999999999 0.10225200000000002
0 0.2846484375 0.4066911903367496 0.029374999999999984 0.05159500000000004
0 0.3239453125 0.36823019033674964 0.025624999999999953 0.051593999999999945
0 0.3211328125 0.27250103074670573 0.011250000000000038 0.02439000000000003
0 0.4218359375 0.2554057364568082 0.04625000000000001 0.08630400000000002
0 0.4385546875 0.503332411420205 0.06937500000000002 0.12476499999999992
0 0.6569140625 0.3297240307467057 0.01937500000000003 0.025329000000000018
0 0.668046875 0.37303444802342606 0.028124999999999956 0.05628500000000004
0 0.6915625 0.3707024172767204 0.016875000000000084 0.03470899999999994
0 0.835625 0.22254579795021964 0.0631250000000001 0.133209
0 0.89796875 0.36823019033674964 0.024375000000000036 0.051593999999999945
0 0.93 0.38200257686676425 0.03125 0.06003800000000004
0 0.9670703125 0.3654852884333821 0.026874999999999982 0.030957
0 0.9605078125 0.33295090190336746 0.010000000000000009 0.022513999999999992
0 0.9761328125 0.4200968653001464 0.04125000000000001 0.09005600000000005
