0 0.16 0.21791666666666665 0.06312499999999999 0.14666700000000002
0 0.220859375 0.23515591666666666 0.011874999999999997 0.030834000000000028
0 0.3467578125 0.31380175 0.04125000000000001 0.08750000000000002
0 0.4073828125 0.24911458333333333 0.009999999999999953 0.019167000000000007
0 0.4319140625 0.2461455 0.018125000000000002 0.016667000000000026
0 0.514296875 0.249375 0.05874999999999997 0.094167
0 0.581640625 0.23255174999999997 0.020625000000000004 0.02416700000000001
0 0.7394140625 0.2569270833333333 0.01937500000000003 0.035833000000000004
0 0.7907421875 0.24374966666666664 0.053749999999999964 0.14833400000000008
0 0.901953125 0.22734408333333334 0.036250000000000004 0.098333
0 0.9262109375 0.2251045 0.014999999999999902 0.048332999999999994
