0 0.1035546875 0.4816672627737226 0.069375 0.15686300000000003
0 0.2334765625 0.39243940875912414 0.06562499999999996 0.15312800000000001
0 0.335 0.33114020437956204 0.03312499999999996 0.07843100000000004
0 0.3720703125 0.3184753503649635 0.026874999999999982 0.07469700000000007
0 0.399765625 0.31093966423357666 0.020625000000000004 0.04761900000000003
0 0.5107421875 0.3026543722627737 0.021874999999999978 0.053221999999999985
0 0.573125 0.3093090802919708 0.03249999999999997 0.060691000000000064
0 0.6150390625 0.30866451824817515 0.01937500000000003 0.051354000000000094
0 0.645 0.3323626423357664 0.03312499999999996 0.06722700000000006
0 0.69265625 0.33202218248175175 0.04062500000000002 0.09710500000000011
0 0.735390625 0.3532087445255474 0.05125000000000002 0.107376
0 0.7927734375 0.3968189708029198 0.06187500000000001 0.16246500000000003
0 0.9005078125 0.5091670729927007 0.10375000000000001 0.20074699999999995
