0 0.0318359375 0.4146705833333333 0.015277999999999993 0.01851799999999996
0 0.124870125 0.4127898333333333 0.066666 0.08888800000000001
0 0.17970931250000002 0.41313649999999996 0.05833299999999997 0.07963000000000002
0 0.23747818750000002 0.3813078333333333 0.05416699999999999 0.08888900000000007
0 0.3102216875 0.40162000000000003 0.03749999999999998 0.064815
0 0.378428375 0.44386533333333333 0.04444500000000001 0.07407400000000004
0 0.47523893749999996 0.45908583333333336 0.04583300000000001 0.08888900000000007
0 0.5474609375 0.46053233333333327 0.04583300000000001 0.07407400000000004
0 0.6428815 0.4155384166666667 0.047223000000000015 0.07777799999999997
0 0.68984375 0.3511289166666667 0.05555600000000005 0.09259200000000001
0 0.76762175 0.4405668333333333 0.05555500000000002 0.08888900000000007
0 0.8373265000000001 0.40552625000000003 0.047221999999999986 0.07037099999999996
0 0.9369140625 0.393171 0.050000000000000044 0.09629700000000001
