0 0.009765625 0.2580155250737463 0.02 0.059490999999999974
0 0.0224609375 0.6313437227138643 0.045625 0.17186000000000007
0 0.1094921875 0.2803197876106195 0.05374999999999999 0.090651
0 0.1458203125 0.24279067256637168 0.02687500000000001 0.05476799999999998
0 0.2212890625 0.6749057551622419 0.08125000000000002 0.13031199999999993
0 0.2303515625 0.36554767256637166 0.03437500000000002 0.055713000000000006
0 0.25691406250000004 0.250875598820059 0.018124999999999974 0.05760099999999998
0 0.2921875 0.23458889380530976 0.016249999999999987 0.04626999999999996
0 0.389140625 0.5086030825958703 0.05249999999999999 0.077432
0 0.4077734375 0.656964755162242 0.06187500000000001 0.13125599999999987
0 0.485390625 0.5761154926253687 0.052499999999999936 0.10103900000000006
0 0.52171875 0.17190615634218287 0.024375000000000036 0.07554300000000004
0 0.6311328125 0.5227045663716814 0.135625 0.09915000000000002
0 0.7669140625 0.20472245132743366 0.01937499999999992 0.062322999999999976
