0 0.039062937500000006 0.5169275 0.045897999999999994 0.078125
0 0.1152345 0.5507814999999999 0.017577999999999996 0.049478999999999974
0 0.13964856250000002 0.5429689999999999 0.03418 0.06510399999999998
0 0.2119139375 0.5390624166666668 0.014648999999999995 0.04557299999999994
0 0.2294920625 0.529948 0.018554999999999988 0.06380200000000007
0 0.2597655625 0.52083325 0.035155999999999965 0.07031299999999992
0 0.375976625 0.5247391666666666 0.05175799999999997 0.06770899999999995
0 0.417968375 0.6132813333333332 0.04296899999999998 0.0742190000000001
0 0.42187506249999995 0.51171925 0.019531000000000076 0.040364000000000066
0 0.5146481249999999 0.497396 0.036133000000000026 0.06510399999999998
0 0.5556643124999999 0.5013025 0.027343000000000117 0.049478999999999974
0 0.5703121875 0.62239625 0.053711000000000064 0.10286400000000014
0 0.6542965625 0.5325515833333334 0.03417999999999999 0.05078199999999988
0 0.7666016875 0.6015625833333332 0.03906200000000004 0.0833330000000001
0 0.8359373125 0.50390675 0.02636700000000003 0.026041000000000054
0 0.842773875 0.7122395 0.02929599999999999 0.078125
0 0.9296876249999999 0.6171874166666668 0.05273400000000006 0.07552099999999988
0 0.97167925 0.5039064999999999 0.040039999999999965 0.07942699999999998
