0 0.1074609375 0.4579388102189781 0.04625 0.04575200000000002
0 0.1008203125 0.4547306642335766 0.02562500000000001 0.04761900000000007
0 0.1646875 0.5387783284671532 0.048750000000000016 0.09523900000000002
0 0.2146484375 0.36918478832116786 0.029374999999999984 0.06629300000000009
0 0.3040234375 0.3436186642335767 0.029374999999999984 0.04761900000000003
0 0.3026171875 0.43097951824817515 0.021874999999999978 0.05135400000000005
0 0.3864453125 0.4351226642335766 0.026874999999999982 0.04761900000000007
0 0.44796875 0.5857527664233577 0.05499999999999999 0.08590100000000005
0 0.5046875 0.36113691240875917 0.048750000000000016 0.08216699999999999
0 0.5307421875 0.6054794744525547 0.05437499999999995 0.09243699999999999
0 0.55859375 0.47988864233576645 0.05625000000000002 0.06722700000000002
0 0.6801953125 0.5818333722627738 0.057499999999999996 0.0550879999999999
0 0.8113671875 0.5406463284671533 0.021874999999999978 0.09617199999999981
