0 0.025073746312684365 0.1042578125 0.05099200000000001 0.042499999999999996
0 0.029912598820059 0.220234375 0.05665700000000001 0.044375
0 0.02979474631268437 0.5260546875000001 0.05099200000000001 0.07
0 0.05516571386430679 0.3678515625 0.09348400000000001 0.06624999999999998
0 0.10692134513274336 0.983125 0.10764899999999998 0.03187499999999999
0 0.09854837758112094 0.1120703125 0.06515599999999998 0.058124999999999996
0 0.1134226725663717 0.0223828125 0.054769000000000005 0.042499999999999996
0 0.11489759882005901 0.15734375 0.05665799999999999 0.056249999999999994
0 0.17598037758112095 0.19984375 0.06515499999999998 0.05500000000000002
0 0.20235786135693218 0.4087890625 0.08781800000000001 0.080625
0 0.2457405250737463 0.045234375 0.06137799999999995 0.044375000000000005
0 0.27081427138643066 0.768984375 0.11048099999999998 0.07499999999999996
0 0.3052930412979351 0.270625 0.04060399999999997 0.03125
0 0.3719701238938053 0.7286328125 0.11614700000000006 0.104375
0 0.36177067256637163 0.1359765625 0.05382400000000004 0.034375
0 0.4376642300884956 0.06394531249999999 0.07176599999999994 0.058125
0 0.4598506401179941 0.22625 0.09726200000000004 0.09562500000000002
0 0.5060581238938053 0.5366796875 0.11614799999999996 0.10062500000000002
0 0.5689745663716814 0.91265625 0.0982059999999999 0.10250000000000004
0 0.5451420412979351 0.022578125 0.03871600000000004 0.036250000000000004
0 0.605279820058997 0.4103515625 0.049102999999999994 0.06625000000000003
0 0.6431051563421828 0.2535546875 0.0745990000000001 0.07
0 0.6509563775811209 0.0412890625 0.06515600000000009 0.05
0 0.6911473038348083 0.1219140625 0.06987699999999997 0.049375
0 0.6925678938053097 0.23390625 0.046270000000000165 0.040624999999999994
0 0.7360674100294986 0.1166015625 0.02360699999999989 0.03375
0 0.8085355250737464 0.023359375 0.06137799999999983 0.044375
0 0.8699135250737462 0.0403125 0.0594910000000001 0.048125
0 0.9053752713864308 0.8034375 0.11142600000000001 0.11124999999999996
0 0.8815417463126843 0.2065234375 0.05099200000000004 0.030625000000000013
0 0.9356004513274337 0.242109375 0.06421199999999973 0.043125
0 0.930114820058997 0.535546875 0.049102999999999994 0.06000000000000005
0 0.9767978938053097 0.5230078125 0.044382000000000026 0.10437500000000005
0 0.9799281150442479 0.10875 0.035881999999999976 0.03249999999999999
