0 0.0068359375 0.7082664705882353 0.01375 0.032957000000000056
0 0.4931640625 0.604708 0.986875 0.20150699999999985
0 0.4990234375 0.5492913529411765 0.999375 0.1120519999999999
0 0.009609375 0.6201668823529412 0.0125 0.031074000000000143
0 0.0492578125 0.7144344705882353 0.041874999999999996 0.08286299999999998
0 0.0484375 0.6235214705882353 0.016875 0.03484000000000006
0 0.0821875 0.6505951176470588 0.0175 0.022599000000000095
0 0.0848046875 0.5733831176470588 0.007499999999999993 0.022597999999999945
0 0.1068359375 0.6025731176470589 0.015 0.022598999999999925
0 0.1244140625 0.6888304117647058 0.04999999999999999 0.0979290000000001
0 0.147890625 0.6115767058823529 0.020625000000000004 0.02636500000000009
0 0.1928125 0.9822784705882353 0.079375 0.03295599999999999
0 0.1750390625 0.6172257058823528 0.019375000000000003 0.023541000000000166
0 0.1982421875 0.7907693529411765 0.05374999999999999 0.062146999999999966
0 0.1849609375 0.5217102941176471 0.013749999999999984 0.02918999999999991
0 0.1974609375 0.595156294117647 0.014374999999999999 0.027306999999999998
0 0.2072265625 0.672834 0.03437500000000002 0.05178899999999992
0 0.2359375 0.6314668823529412 0.016250000000000014 0.031072999999999993
0 0.26625 0.6688356470588236 0.03125 0.03860599999999988
0 0.2668359375 0.5312424705882354 0.015000000000000013 0.033897999999999984
0 0.28546875 0.6233414117647059 0.02437499999999998 0.04802200000000002
0 0.2895703125 0.7034945882352941 0.026875000000000038 0.05367300000000007
0 0.3201953125 0.6146863529411765 0.02562500000000001 0.06214700000000005
0 0.363828125 0.6747702941176471 0.03562500000000002 0.07909599999999992
0 0.3574609375 0.6069848823529412 0.014374999999999971 0.0320149999999999
0 0.379765625 0.6145178823529411 0.020625000000000004 0.031072999999999993
0 0.4008203125 0.6457603529411764 0.026874999999999982 0.062145999999999986
0 0.4190234375 0.784463 0.06125000000000003 0.10263699999999992
0 0.436015625 0.6170456470588236 0.020625000000000004 0.04049000000000003
0 0.4405078125 0.5744402941176471 0.010000000000000009 0.02918999999999991
0 0.454296875 0.6709510000000001 0.02812500000000001 0.051788999999999835
0 0.4546875 0.6055142941176471 0.015625 0.028248000000000002
0 0.4730859375 0.563966117647059 0.013749999999999984 0.022598999999999925
0 0.491953125 0.6808327058823529 0.03562500000000002 0.0753290000000001
0 0.5106640625 0.595156294117647 0.018125000000000058 0.027306999999999998
0 0.5885546875 0.8172922352941177 0.06937500000000008 0.14218499999999978
0 0.5656640625 0.6419410588235294 0.018124999999999947 0.036723000000000054
0 0.599375 0.6610692941176471 0.03249999999999997 0.02730699999999991
0 0.6094140625 0.5953886470588236 0.01937500000000003 0.038606999999999954
0 0.6383984375 0.6158084117647059 0.02937499999999993 0.049906000000000006
0 0.6557421875 0.7120334705882353 0.021874999999999978 0.03484000000000006
0 0.6842578125 0.7492744705882353 0.04125000000000001 0.08286199999999999
0 0.683515625 0.6143378235294118 0.020625000000000004 0.04613900000000003
0 0.7278125 0.6323449999999999 0.01750000000000007 0.051789
0 0.7708203125 0.6143378235294118 0.025624999999999898 0.04613900000000003
0 0.7997265625 0.707674 0.034375000000000044 0.051789
0 0.823046875 0.6311067647058823 0.028125000000000067 0.05932199999999998
0 0.842578125 0.8264758823529412 0.06687500000000002 0.130885
0 0.8570703125 0.6143378235294118 0.026874999999999982 0.04613900000000003
0 0.8769140625 0.724676294117647 0.04999999999999993 0.07721200000000002
0 0.9071875 0.6890220588235294 0.01749999999999996 0.03672299999999997
0 0.9366015625 0.686017 0.03374999999999995 0.0508470000000001
0 0.9343359375 0.5788520588235295 0.015000000000000013 0.03672299999999997
0 0.9537109375 0.657715705882353 0.015000000000000013 0.025424
0 0.9744140625 0.570674294117647 0.018125000000000058 0.028248000000000002
