0 0.0421875 0.01911764705882353 0.04875 0.039548
0 0.05796875 0.1632273529411765 0.05500000000000001 0.113936
0 0.108125 0.09037382352941177 0.06375 0.09510300000000002
0 0.135390625 0.3233546470588235 0.0825 0.140302
0 0.196953125 0.039705882352941174 0.06687499999999999 0.080038
0 0.2937109375 0.41012199999999993 0.04625000000000001 0.052731000000000076
0 0.372421875 0.31511300000000003 0.08999999999999997 0.1506589999999999
0 0.375234375 0.078249 0.07437499999999997 0.10263600000000002
0 0.4466015625 0.11498258823529413 0.03500000000000003 0.055555999999999994
0 0.6471875 0.11032688235294116 0.016249999999999987 0.08098
0 0.7484375 0.34919105882352947 0.07937499999999997 0.136535
0 0.8248046875 0.10473017647058824 0.06874999999999998 0.10734499999999998
