0 0.1006640625 0.51838575 0.018125000000000002 0.025832999999999995
0 0.331328125 0.19484375 0.036250000000000004 0.05499999999999997
0 0.3333203125 0.74703125 0.02562500000000001 0.040832999999999973
0 0.4534375 0.35453158333333334 0.04812500000000003 0.080833
0 0.5284375 0.6416663333333333 0.015625 0.04416700000000007
0 0.57765625 0.77567675 0.040000000000000036 0.05666700000000002
0 0.6508203125 0.7648961666666666 0.025624999999999898 0.03750000000000009
0 0.6715625 0.7158333333333333 0.015625 0.04250000000000013
0 0.729140625 0.7633333333333333 0.020625000000000004 0.04333299999999992
0 0.758203125 0.7784892500000001 0.036250000000000004 0.07166699999999986
0 0.8132421875 0.7540621666666666 0.023125000000000062 0.038334000000000014
0 0.8299609375 0.6299475833333333 0.015000000000000013 0.020000000000000018
0 0.8758203125 0.77119825 0.02562500000000001 0.03916599999999996
0 0.875390625 0.732292 0.020625000000000004 0.03333299999999998
0 0.9311328125 0.7074475833333334 0.010624999999999996 0.020000000000000018
0 0.965546875 0.7701045 0.02749999999999997 0.04750000000000002
0 0.978359375 0.68088575 0.011874999999999969 0.025832999999999995
