0 0.1604296875 0.3655294480234261 0.037500000000000006 0.05722299999999994
0 0.1970703125 0.49349538067349924 0.02562499999999998 0.10131299999999999
0 0.29359375 0.49386309224011715 0.05625000000000002 0.0712949999999999
0 0.3147265625 0.3883420614934114 0.03500000000000003 0.04784200000000008
0 0.4287890625 0.4027548345534407 0.018125000000000002 0.06566600000000007
0 0.4519140625 0.4066911903367496 0.01937500000000003 0.05159500000000004
0 0.5084375 0.23847557686676427 0.015625 0.05910000000000003
0 0.538671875 0.25764944802342604 0.028124999999999956 0.056285
0 0.589140625 0.4246726076134699 0.05125000000000002 0.08442800000000003
0 0.6455078125 0.5797993806734991 0.04249999999999998 0.10037500000000009
0 0.7955078125 0.5636680248901903 0.04125000000000001 0.1153840000000001
0 0.8382421875 0.4113552518301611 0.053749999999999964 0.09943800000000005
