0 0.024453125 0.8487480689655172 0.035625000000000004 0.0723740000000001
0 0.0254296875 0.028965517241379312 0.038125 0.058252000000000005
0 0.030859375 0.1724458275862069 0.043125 0.06089999999999998
0 0.0599609375 0.26876144827586207 0.045000000000000005 0.06884300000000002
0 0.0675390625 0.6386860689655173 0.05 0.07413999999999996
0 0.0893359375 0.43380944827586204 0.04625 0.06707900000000007
0 0.1167578125 0.047721758620689655 0.04125000000000001 0.070609
0 0.1257421875 0.5160030689655172 0.053750000000000006 0.07237400000000004
0 0.1584375 0.26032113793103445 0.046875 0.06354800000000006
0 0.168515625 0.7242462413793104 0.05249999999999999 0.09267399999999991
0 0.1687109375 0.17205913793103447 0.04500000000000001 0.06443100000000002
0 0.2137890625 0.38085244827586207 0.05000000000000002 0.06707899999999999
0 0.26949218750000004 0.4727550689655173 0.05374999999999999 0.07237400000000004
0 0.272734375 0.05908513793103448 0.04375000000000001 0.063548
0 0.287890625 0.2499513793103448 0.05124999999999996 0.07590400000000001
0 0.316015625 0.7480194482758622 0.05249999999999999 0.06707899999999992
0 0.3659375 0.13030206896551724 0.04874999999999996 0.07413900000000001
0 0.3962109375 0.3287784482758621 0.044999999999999984 0.06884399999999996
0 0.4094140625 0.4931656896551724 0.04999999999999999 0.07766999999999998
0 0.4065234375 0.013793103448275862 0.02937500000000004 0.030009
0 0.435234375 0.1967731379310345 0.044375 0.065313
0 0.4849609375 0.05869944827586208 0.04625000000000001 0.06884399999999999
0 0.5265625 0.3526094482758621 0.04749999999999999 0.06796099999999997
0 0.581015625 0.6869550000000001 0.05249999999999999 0.08119999999999993
0 0.5830859375 0.2121628275862069 0.04499999999999993 0.0609
0 0.6344140625 0.04595675862068965 0.050000000000000044 0.070609
0 0.64171875 0.5193696206896551 0.055625000000000036 0.08826100000000012
0 0.6971875 0.2644590689655172 0.04749999999999999 0.07237400000000004
0 0.8196875 0.461889 0.04874999999999996 0.08031799999999992
0 0.8246875 0.031724137931034485 0.046875 0.06354800000000001
0 0.828515625 0.19660868965517242 0.05125000000000002 0.07766999999999998
0 0.9156640625 0.3600561379310345 0.050000000000000044 0.06531299999999991
0 0.9637109375 0.13206706896551726 0.04499999999999993 0.07413899999999998
