0 0.097890625 0.43245048091603056 0.021250000000000005 0.049902999999999996
0 0.304375 0.2955069389312977 0.03249999999999997 0.078277
0 0.3861328125 0.7941549923664122 0.04250000000000004 0.260274
0 0.4213671875 0.41256963358778626 0.023125000000000007 0.05968700000000001
0 0.467890625 0.5475641145038168 0.020625000000000004 0.10958900000000002
0 0.5389453125 0.4260317633587787 0.02562500000000001 0.04696699999999987
0 0.594609375 0.3892800458015267 0.013125000000000053 0.044031
0 0.637421875 0.37354806870229007 0.028124999999999956 0.06653600000000003
0 0.757578125 0.4115146564885496 0.03562500000000002 0.08023500000000011
0 0.8808203125 0.4642342213740458 0.02562500000000001 0.07436399999999999
0 0.929609375 0.44282565648854966 0.04312500000000008 0.0821919999999999
