0 0.178359375 0.36026008333333337 0.011875000000000024 0.03416699999999998
0 0.2365625 0.33468783333333335 0.016875 0.027500000000000007
0 0.33265625 0.5965100833333333 0.040000000000000036 0.09833400000000007
0 0.3528125 0.335625 0.01687500000000003 0.03249999999999997
0 0.3764453125 0.4490625 0.026249999999999996 0.07916699999999999
0 0.386484375 0.36166633333333337 0.013124999999999998 0.041666999999999975
0 0.4253125 0.3409899166666666 0.01687500000000003 0.029166000000000025
0 0.479609375 0.3154166666666667 0.013124999999999998 0.022500000000000003
0 0.4983984375 0.43661491666666663 0.030000000000000027 0.06083300000000006
0 0.548984375 0.2886455 0.013125000000000053 0.017500000000000033
0 0.615078125 0.4083850833333333 0.036250000000000004 0.0658340000000001
0 0.6144140625 0.3396878333333333 0.01937500000000003 0.02750000000000008
0 0.8634375 0.4511975833333333 0.048125000000000084 0.080834
