0 0.12181578294573643 0.205873 0.05647900000000002 0.063442
0 0.5313765064599483 0.3427734375 0.8737550000000001 0.68593
0 0.13870481395348835 0.2914421875 0.04900299999999999 0.053391999999999995
0 0.28709878294573643 0.294371875 0.05647799999999998 0.05967399999999995
0 0.32807281395348836 0.097763875 0.04734199999999996 0.060301999999999994
0 0.3512366485788114 0.643756125 0.08803999999999995 0.06658299999999995
0 0.501291803617571 0.08359631249999999 0.04983400000000004 0.057789000000000014
0 0.6482097312661499 0.4023388125 0.06976699999999994 0.073492
0 0.6746027726098192 0.11032687499999999 0.05813999999999993 0.059674000000000005
0 0.7550757932816538 0.2719109375 0.05232499999999985 0.013819000000000026
0 0.8036178036175711 0.09184131250000001 0.049834000000000114 0.027009999999999992
0 0.8743077829457365 0.0243449375 0.056478000000000014 0.046483000000000003
0 0.9388147519379845 0.313285 0.06312300000000004 0.063442
