0 0.125546875 0.3187890625 0.06 0.08187499999999998
0 0.1945703125 0.120703125 0.05687499999999998 0.06812500000000002
0 0.2987890625 0.3248046875 0.049375 0.06874999999999998
0 0.3451171875 0.1018359375 0.05437500000000001 0.076875
0 0.3817578125 0.5295703125 0.07374999999999998 0.08875
0 0.4388671875 0.11890625 0.05437500000000001 0.07187500000000001
0 0.4663671875 0.3068359375 0.05437500000000001 0.07687500000000003
0 0.485390625 0.14070312499999998 0.020625000000000004 0.03624999999999999
0 0.6281640625 0.120703125 0.04937499999999995 0.06812500000000002
0 0.6665625 0.5138281250000001 0.0787500000000001 0.09937499999999994
0 0.6626953125 0.3375390625 0.05812499999999998 0.080625
0 0.7256640625 0.165859375 0.04937499999999995 0.07499999999999998
0 0.8440234375 0.09816406250000001 0.06187500000000001 0.080625
0 0.874453125 0.3501171875 0.0668749999999999 0.08500000000000002
