0 0.16276041666666666 0.1304296875 0.07750000000000001 0.07
0 0.3666149166666666 0.12828125 0.061666 0.07125
0 0.5280725833333334 0.12742187500000002 0.04999999999999997 0.059999999999999984
0 0.62953125 0.1444140625 0.040832999999999973 0.05000000000000002
0 0.6913538333333333 0.16 0.027500000000000007 0.0325
0 0.8206774166666667 0.1547265625 0.014166000000000048 0.03437499999999999
0 0.83505175 0.0945703125 0.02499999999999991 0.025624999999999995
0 0.9023434166666666 0.1212109375 0.013334000000000104 0.013749999999999984
0 0.9286455 0.118359375 0.015834000000000053 0.012499999999999997
0 0.9443753333333333 0.1130859375 0.01083299999999987 0.015
0 0.9736454999999999 0.1084375 0.016667000000000137 0.015625
