0 0.1420703125 0.5945367057101025 0.02687500000000001 0.06379000000000003
0 0.199765625 0.6186550307467057 0.020625000000000004 0.026266000000000022
0 0.238125 0.6321739633967789 0.0325 0.06754200000000002
0 0.27734375 0.6016989326500731 0.02437499999999998 0.0459670000000001
0 0.3125390625 0.5995954172767203 0.019374999999999976 0.032832999999999994
0 0.3208984375 0.7630499326500731 0.02999999999999997 0.045966000000000125
0 0.52828125 0.601357159590044 0.008749999999999925 0.028142999999999946
0 0.5930078125 0.6059339019033676 0.010624999999999996 0.02157599999999989
0 0.655859375 0.5824819019033675 0.012499999999999956 0.022514000000000034
0 0.6749609375 0.6045840307467057 0.01375000000000004 0.023451999999999928
