0 0.0078125 0.5130211666666668 0.015625 0.06916599999999991
0 0.0928515625 0.4697395833333333 0.03375 0.05166700000000005
0 0.1109765625 0.43364583333333334 0.03499999999999999 0.05750000000000003
0 0.267265625 0.5532295 0.05249999999999999 0.079166
0 0.4305859375 0.5106253333333334 0.04562499999999997 0.07416599999999995
0 0.4453515625 0.3044788333333333 0.03375 0.059167000000000046
0 0.5429296875 0.47328091666666666 0.03874999999999995 0.06166700000000006
0 0.69359375 0.4355725833333333 0.025000000000000022 0.05166700000000005
0 0.72125 0.47234375 0.0318750000000001 0.05666700000000002
0 0.889296875 0.5201045000000001 0.028750000000000053 0.048333000000000036
0 0.96015625 0.4338541666666667 0.039999999999999925 0.06916699999999991
