0 0.106875 0.3754931764705882 0.06375 0.158192
0 0.117578125 0.6188435882352942 0.06812499999999999 0.15442599999999992
0 0.2280078125 0.467137 0.04125000000000001 0.10169499999999992
0 0.3080078125 0.6366812941176471 0.07375000000000004 0.12900199999999992
0 0.3256640625 0.47049158823529413 0.04999999999999999 0.10357799999999992
0 0.33859375 0.9569706470588235 0.02437499999999998 0.040490000000000116
0 0.383125 0.5562424705882353 0.03187499999999999 0.08474599999999997
0 0.499609375 0.46565582352941176 0.07499999999999996 0.14595099999999986
0 0.513203125 0.35415458823529417 0.03687499999999999 0.05555499999999992
0 0.6515234375 0.4146916470588235 0.06187500000000001 0.13841800000000007
0 0.688828125 0.4840231176470588 0.03687499999999999 0.12146899999999995
0 0.870859375 0.6934755294117647 0.043749999999999956 0.11958499999999989
0 0.889375 0.4707239411764706 0.06437499999999996 0.11581899999999988
0 0.9340625 0.5104625882352942 0.04749999999999999 0.0536729999999999
