0 0.103359375 0.42531299414348467 0.043125 0.09193199999999992
0 0.1691796875 0.4043332210834553 0.03749999999999998 0.075047
0 0.2335546875 0.4475994787701318 0.03812499999999999 0.07973700000000002
0 0.2485546875 0.38657931918008787 0.037500000000000006 0.054408999999999964
0 0.3430078125 0.35683299414348457 0.04125000000000001 0.091932
0 0.3498046875 0.45780422108345536 0.03750000000000003 0.07504699999999988
0 0.383125 0.3979505768667643 0.033125000000000016 0.060037000000000035
0 0.4175 0.44309283455344073 0.03187500000000004 0.06566599999999999
0 0.438671875 0.3994147057101025 0.02812500000000001 0.061913999999999955
0 0.481953125 0.42373460761347 0.036250000000000004 0.08442800000000003
0 0.4946484375 0.3683434480234261 0.030625000000000013 0.05722399999999991
0 0.540625 0.43787570571010254 0.03187499999999999 0.061914
0 0.590078125 0.4483089633967789 0.03687499999999999 0.06754200000000002
0 0.6058984375 0.3950223191800879 0.029999999999999916 0.054409000000000006
0 0.66875 0.4141260922401171 0.03312500000000007 0.07035600000000003
0 0.7154296875 0.37067547877013174 0.038124999999999964 0.080676
0 0.755078125 0.45739234992679356 0.036250000000000004 0.07692299999999992
0 0.82515625 0.3823453499267936 0.03937499999999994 0.07879899999999995
0 0.8886328125 0.4648963499267935 0.04125000000000001 0.07880000000000001
