0 0.009765625 0.6640628333333334 0.021484 0.027342999999999968
0 0.0244140625 0.9283849166666668 0.050781 0.09114599999999988
0 0.0566410625 0.5937499166666668 0.018553999999999994 0.028645999999999876
0 0.068359375 0.6354163333333332 0.011719000000000007 0.041667000000000044
0 0.10253862500000001 0.6184894166666667 0.05078199999999998 0.07682300000000002
0 0.17773443749999998 0.5924483333333334 0.029297000000000017 0.04427000000000003
0 0.215820625 0.6406252499999999 0.051758000000000026 0.071614
0 0.2304683125 0.8802080833333333 0.056641 0.09765699999999988
0 0.26074243750000003 0.5885420833333334 0.030273000000000022 0.036457999999999956
0 0.30371062499999996 0.9440105 0.08203200000000005 0.109375
0 0.3339843125 0.5781247500000001 0.02636700000000003 0.054687999999999924
0 0.36718781250000004 0.6184893333333333 0.04296799999999995 0.0729169999999999
0 0.37109393749999997 0.51953075 0.01464800000000005 0.02343799999999992
0 0.417968375 0.5039064999999999 0.01269600000000004 0.015625
0 0.449218375 0.5273435833333334 0.01171899999999998 0.02083300000000003
0 0.48339837500000005 0.8789058333333334 0.07519500000000001 0.11979200000000005
0 0.4736333125 0.5403641666666666 0.02636700000000003 0.037760999999999934
0 0.5107419375 0.6119795833333334 0.04589899999999997 0.08333299999999995
0 0.5664058750000001 0.6015629166666666 0.02832099999999993 0.06119700000000009
0 0.6162111874999999 0.55859375 0.022461000000000064 0.024739999999999984
0 0.6542966875 0.5664059166666666 0.03808599999999995 0.061198000000000086
0 0.7500000625 0.5195309166666666 0.018554999999999988 0.0286460000000001
0 0.8173826875 0.571615 0.03808599999999995 0.06510399999999998
0 0.8183595625 0.7578122500000001 0.03417999999999999 0.039062999999999924
0 0.8398439375 0.49999975 0.014647999999999994 0.02473999999999991
0 0.87890625 0.6575520833333334 0.03906299999999996 0.06770799999999995
0 0.8828125 0.48828075 0.016602000000000006 0.024740000000000057
0 0.9335941875 0.7096353333333334 0.08496000000000004 0.1354169999999999
0 0.9599608125000001 0.561198 0.04101599999999994 0.0625
0 0.9931638125 0.49349 0.01074200000000003 0.03125
