0 0.3447265625 0.5039130011890606 0.06473200000000001 0.07880400000000005
0 0.359375 0.17188069797859692 0.0625 0.06793500000000001
0 0.36579212499999997 0.6676347586206898 0.06696500000000005 0.07065199999999995
0 0.36272350000000003 0.3403586979785969 0.046875 0.06793499999999998
0 0.40094837499999997 0.8420580618311534 0.07589299999999999 0.08152200000000007
0 0.478515625 0.17188069797859692 0.051339000000000024 0.06793500000000001
0 0.481305375 0.33764169797859694 0.044643000000000044 0.06793499999999995
0 0.518135875 0.5283690011890607 0.06026799999999999 0.07880500000000003
0 0.5249718125 0.8697433650416172 0.07366099999999998 0.09510799999999997
0 0.5316688125 0.6876773650416171 0.07366000000000006 0.09510899999999987
0 0.6717350625 0.37126833412604043 0.04910799999999993 0.05434799999999997
