0 0.0341796875 0.2792184166666667 0.06875 0.10749999999999997
0 0.1208984375 0.25078125 0.061875 0.10333299999999997
0 0.1980078125 0.4926565833333334 0.073125 0.11333299999999998
0 0.3765625 0.5497395833333334 0.11124999999999996 0.176667
0 0.4285546875 0.20973925000000002 0.10062500000000002 0.134167
0 0.4834765625 0.2932288333333333 0.09687499999999999 0.12166700000000001
0 0.477890625 0.09723958333333332 0.08374999999999999 0.05166700000000002
0 0.5755859375 0.7501559166666666 0.01375000000000004 0.029167000000000016
0 0.5944921875 0.7518229166666668 0.021874999999999978 0.03083299999999989
0 0.6498828125 0.20822949999999998 0.07374999999999998 0.079166
0 0.652265625 0.336875 0.05125000000000002 0.09500000000000004
0 0.7405078125 0.14354199999999998 0.073125 0.09500000000000001
0 0.7456640625 0.37072883333333334 0.08125000000000004 0.12166699999999997
0 0.773828125 0.25661425 0.09812500000000002 0.10333400000000004
0 0.8723046875 0.634792 0.06874999999999998 0.15833299999999997
0 0.8943359375 0.4704690833333333 0.07750000000000001 0.12916600000000003
