0 0.04559125 0.22302325183016106 0.07130399999999999 0.09908699999999997
0 0.09083524999999999 0.2998070922401171 0.039131 0.07170700000000002
0 0.092147 0.3842108653001464 0.032173999999999994 0.0886569999999999
0 0.13084875 0.37542609224011714 0.024347999999999995 0.07301199999999997
0 0.18399931249999998 0.3040593191800879 0.02695700000000001 0.05475899999999991
0 0.3875969375 0.38676830161054176 0.13999999999999996 0.325946
0 0.3686545 0.12722670571010247 0.04782599999999998 0.06388500000000001
0 0.48355856249999996 0.48036960761347 0.03478200000000009 0.0834419999999999
0 0.51780575 0.5222717057101025 0.024348000000000036 0.06388600000000001
0 0.5463806875 0.18669834992679354 0.03739099999999995 0.07692300000000002
0 0.561685 0.5276268653001464 0.06260899999999991 0.08865700000000007
0 0.6644275625 0.1821458345534407 0.03391299999999997 0.06649300000000001
0 0.8738725 0.6895951537335285 0.047826000000000035 0.11994799999999993
0 0.910607625 0.49144112298682285 0.051304999999999934 0.09387299999999997
0 0.9540731250000001 0.6129714421669106 0.06782599999999983 0.14732800000000015
