0 0.0087890625 0.3865359326500732 0.018125 0.04404800000000002
0 0.062109375 0.35724841727672035 0.013125000000000005 0.032803
0 0.1044921875 0.3901676749633968 0.023125000000000007 0.03842599999999991
0 0.122734375 0.3631660307467057 0.012499999999999983 0.026241000000000014
0 0.1921875 0.38360767496339676 0.015625 0.04029900000000003
0 0.2669140625 0.40088754612005856 0.01874999999999999 0.03655099999999993
0 0.3118359375 0.3933895461200585 0.013749999999999984 0.036551000000000014
0 0.351484375 0.3810892884333822 0.011874999999999969 0.030927999999999976
0 0.4273046875 0.24162264421669108 0.007500000000000007 0.01499499999999998
0 0.4298046875 0.39315603074670563 0.007500000000000007 0.025305000000000022
0 0.4373046875 0.20882064421669108 0.006249999999999978 0.016868999999999988
0 0.4373046875 0.3902277730600292 0.006249999999999978 0.019682000000000026
0 0.48328125 0.4055173865300146 0.00874999999999998 0.009372000000000068
0 0.56890625 0.3522126442166911 0.008750000000000036 0.015933
0 0.8228125 0.48406503074670576 0.016250000000000098 0.024367999999999935
0 0.863984375 0.4913856749633968 0.011874999999999969 0.03842599999999991
