0 0.15429700000000002 0.29427041666666665 0.06347599999999999 0.10807299999999997
0 0.2617191875 0.31119741666666667 0.054686999999999986 0.10677099999999995
0 0.328125 0.4778645000000001 0.063477 0.11067699999999998
0 0.38769549999999997 0.3424480833333334 0.046875 0.09765600000000003
0 0.4833984375 0.48437541666666667 0.06054700000000002 0.1080720000000001
0 0.601562 0.4986975 0.063477 0.1106779999999999
0 0.6093750625 0.35026 0.050781000000000076 0.09505299999999998
0 0.7382810625 0.3216145 0.050780999999999965 0.11067699999999996
0 0.7597653750000001 0.5286460000000001 0.07519599999999993 0.12630199999999991
0 0.880859125 0.3177086666666667 0.06738299999999997 0.11718699999999997
