0 0.1884765625 0.32216629074889863 0.03375 0.0733770000000001
0 0.291953125 0.38654886196769456 0.036250000000000004 0.06961399999999998
0 0.333203125 0.35697329074889866 0.03562500000000002 0.07149599999999999
0 0.380703125 0.42305400587371517 0.03562500000000002 0.08466600000000003
0 0.3975 0.331229718061674 0.03249999999999997 0.055503000000000025
0 0.4260546875 0.3630308619676946 0.03750000000000003 0.06961400000000006
0 0.48390625 0.36348929221732745 0.04062500000000002 0.09219200000000002
0 0.5479296875 0.3288661483113069 0.03749999999999998 0.07714000000000006
0 0.5986328125 0.38136329221732745 0.04249999999999998 0.09125100000000004
0 0.70328125 0.315328436123348 0.040000000000000036 0.10630299999999998
0 0.8137890625 0.330379436123348 0.04999999999999993 0.10630300000000002
