0 0.033203125 0.5264156998535872 0.066875 0.1538469999999999
0 0.016484375000000002 0.2600775153733529 0.012499999999999999 0.013133999999999982
0 0.02078125 0.22079277306002928 0.009374999999999998 0.018760999999999993
0 0.0230078125 0.28199628843338215 0.010625000000000002 0.030955999999999984
0 0.0606640625 0.2824081595900439 0.018749999999999996 0.02907999999999999
0 0.0585546875 0.2428939019033675 0.006249999999999999 0.021576000000000015
0 0.0903125 0.33921928843338217 0.01625 0.030956999999999957
0 0.1030859375 0.28950028843338216 0.014374999999999999 0.030956999999999957
0 0.1180078125 0.25707915959004396 0.011249999999999996 0.02720500000000001
0 0.1501953125 0.35937531918008786 0.02562499999999998 0.05347099999999999
0 0.157265625 0.2740794172767203 0.020625000000000004 0.03470899999999998
0 0.1681640625 0.3271375461200586 0.018750000000000017 0.036586000000000035
0 0.184765625 0.43814838067349926 0.05125000000000002 0.10037500000000009
0 0.171484375 0.24728628843338213 0.012500000000000011 0.030957
0 0.1898828125 0.23644215959004394 0.010000000000000009 0.027203999999999957
0 0.1993359375 0.28991215959004396 0.014374999999999999 0.029080999999999965
0 0.2276171875 0.28075967496339677 0.02312499999999998 0.03846199999999999
0 0.2915234375 0.33509857686676425 0.02937500000000004 0.06003800000000004
0 0.286484375 0.2481110307467057 0.011874999999999969 0.025328000000000003
0 0.3181640625 0.31130480380673503 0.01874999999999999 0.042213999999999974
0 0.352578125 0.6421684114202051 0.06812499999999999 0.12476599999999989
0 0.3428125 0.2957686749633968 0.016249999999999987 0.03846199999999999
0 0.3493359375 0.24875041727672034 0.014999999999999958 0.032833000000000036
0 0.370234375 0.2508107730600293 0.012500000000000011 0.01782399999999999
0 0.380234375 0.27966325768667644 0.013124999999999998 0.007504999999999988
0 0.394765625 0.3315299326500732 0.020000000000000018 0.044090999999999984
0 0.3936328125 0.2077730307467057 0.011250000000000038 0.02345200000000001
0 0.4061328125 0.20296877306002928 0.010624999999999996 0.019700000000000023
0 0.433359375 0.4956689941434847 0.044375 0.09193299999999997
0 0.4205078125 0.2861601595900439 0.011249999999999982 0.02720500000000001
0 0.4528125 0.2936651595900439 0.016874999999999973 0.027204
0 0.4669921875 0.27513167496339674 0.021875000000000033 0.038461000000000016
0 0.4655859375 0.324437803806735 0.014375000000000027 0.04221400000000006
0 0.475234375 0.2190300307467057 0.012500000000000011 0.025328000000000003
0 0.4794140625 0.3296539326500732 0.018125000000000002 0.04409000000000001
0 0.5030859375000001 0.2700989019033675 0.013749999999999984 0.022513999999999992
0 0.52578125 0.2212046442166911 0.008750000000000036 0.016884999999999997
0 0.5480859375 0.2222569019033675 0.015000000000000013 0.02251399999999995
0 0.5612890625 0.30586015959004387 0.018125000000000058 0.02814300000000003
0 0.57296875 0.3344581903367496 0.024374999999999925 0.051594999999999995
0 0.587109375 0.45656760761347004 0.04312499999999997 0.08255199999999992
0 0.6176171875 0.7787175402635432 0.08437499999999998 0.126642
0 0.583828125 0.20191651537335284 0.0050000000000000044 0.013133000000000011
0 0.61046875 0.5706458960468522 0.05500000000000005 0.11350899999999996
0 0.6043359375 0.20841341727672033 0.015000000000000013 0.032832999999999994
0 0.6342578125 0.20736115959004392 0.010000000000000009 0.029081000000000048
0 0.6475 0.4003527057101025 0.03187499999999999 0.06285199999999998
0 0.6553125 0.26229628843338215 0.016249999999999987 0.030956999999999957
0 0.6536328125 0.20672077306002928 0.009999999999999898 0.019700000000000023
0 0.6931640625 0.2629356749633968 0.018125000000000058 0.04033799999999998
0 0.7299609375 0.2665744172767203 0.013749999999999929 0.03377100000000001
0 0.7399609375 0.2021450307467057 0.014375000000000027 0.02532799999999996
0 0.759765625 0.4896291229868229 0.05125000000000002 0.09568499999999996
0 0.757109375 0.2222569019033675 0.012500000000000067 0.020636999999999985
0 0.775234375 0.3258759941434846 0.043749999999999956 0.09099400000000003
0 0.8275390625 0.23145354612005858 0.01937500000000003 0.03658499999999998
0 0.93875 0.38522944802342607 0.03312500000000007 0.05628499999999996
0 0.9529296875 0.28680054612005856 0.006250000000000089 0.03658499999999998
