0 0.0263671875 0.5389743761969904 0.053125 0.15600399999999992
0 0.1273828125 0.3847046497948017 0.04250000000000001 0.089395
0 0.22515625 0.49248247469220247 0.070625 0.13321600000000008
0 0.21203125 0.36078579206566347 0.04000000000000001 0.05433800000000009
0 0.26957031249999996 0.4246775403556771 0.05750000000000002 0.11744100000000003
0 0.261171875 0.285028781121751 0.028749999999999998 0.056091
0 0.3149609375 0.3907745731874145 0.04625000000000001 0.10779999999999998
0 0.4222265625 0.5289715403556772 0.06562499999999999 0.11744099999999995
0 0.591171875 0.4836755731874145 0.05874999999999997 0.10779999999999994
0 0.71859375 0.44188560601915183 0.05625000000000002 0.10078900000000009
0 0.8530859375 0.13317064979480164 0.04625000000000001 0.089396
0 0.954453125 0.3582627701778386 0.036250000000000004 0.05959700000000011
