0 0.0234375 0.318333 0.046875 0.12583400000000008
0 0.0421484375 0.20572916666666666 0.030625000000000003 0.03750000000000001
0 0.13089843750000002 0.26651075 0.029999999999999985 0.05499999999999997
0 0.161328125 0.28302116666666666 0.03562500000000002 0.06916599999999999
0 0.237421875 0.24473958333333334 0.02812500000000001 0.051666999999999984
0 0.2737890625 0.35161491666666667 0.049375 0.06000000000000005
0 0.3523828125 0.29901041666666667 0.010625000000000051 0.013332999999999965
0 0.4946875 0.47609408333333336 0.01687500000000003 0.03416599999999992
0 0.5937890625 0.4483857500000001 0.018125000000000058 0.025832999999999995
0 0.7014453125 0.6038024166666668 0.026874999999999982 0.04666599999999995
0 0.7011328125 0.40328158333333336 0.010624999999999996 0.018332999999999933
0 0.717734375 0.44098991666666665 0.011874999999999969 0.029166000000000025
0 0.87875 0.759375 0.06437499999999996 0.0949999999999999
0 0.9608203125 0.4677600833333333 0.02562500000000001 0.03416700000000006
