0 0.02578158333333333 0.149765625 0.018333000000000006 0.020624999999999977
0 0.03494758333333333 0.190234375 0.018334000000000003 0.011874999999999997
0 0.08114550000000001 0.0707421875 0.016666999999999998 0.021875000000000006
0 0.1111455 0.2324609375 0.015834000000000015 0.015000000000000013
0 0.1269795 0.2412109375 0.015833000000000003 0.015000000000000013
0 0.15328158333333333 0.233515625 0.018333000000000006 0.020625000000000004
0 0.17187533333333335 0.0325390625 0.01166599999999999 0.018750000000000003
0 0.20828091666666668 0.399296875 0.06166699999999999 0.06
0 0.25677083333333334 0.6911328125 0.08916700000000004 0.135
0 0.2752604166666666 0.1665625 0.07750000000000005 0.17375000000000002
0 0.308125 0.43765625 0.031667 0.03937499999999999
0 0.3726045 0.296796875 0.04750000000000002 0.06
0 0.40786425 0.435859375 0.04083400000000004 0.043125000000000024
0 0.4972913333333333 0.6244921875 0.07500000000000002 0.05437499999999995
0 0.7291145833333333 0.434375 0.018333000000000006 0.03249999999999997
0 0.7463538333333334 0.423203125 0.027500000000000007 0.03562499999999996
0 0.7512496666666667 0.5959765625 0.020833999999999946 0.03375000000000006
0 0.9030204999999999 0.6755078125 0.11166700000000003 0.10375000000000001
0 0.8773961666666666 0.42734375 0.03833300000000003 0.023749999999999993
0 0.8947920000000001 0.3671484375 0.0324999999999999 0.030625000000000013
