0 0.0281640625 0.42391766423357663 0.01875 0.049487
0 0.0861328125 0.670890496350365 0.041874999999999996 0.07282899999999988
0 0.1479296875 0.6376336204379561 0.03875000000000001 0.08963500000000006
0 0.1711328125 0.4050062481751825 0.010624999999999996 0.03641500000000001
0 0.259765625 0.5956312846715328 0.05249999999999999 0.13445399999999996
0 0.3105859375 0.4002195401459854 0.013749999999999984 0.03174600000000002
0 0.3603125 0.3493913941605839 0.016250000000000042 0.03268000000000007
0 0.38859375 0.5317018102189781 0.02437499999999998 0.04388399999999992
0 0.4457421875 0.5352807445255475 0.085625 0.10737699999999983
0 0.4782421875 0.3916458102189781 0.021874999999999978 0.04575199999999998
0 0.54515625 0.49261918248175174 0.07187500000000002 0.09804000000000007
0 0.5715234375 0.9424954525547445 0.12312500000000004 0.11204500000000012
0 0.9133984375 0.5832038467153285 0.09187499999999993 0.14379099999999997
