0 0.0482421875 0.45824641666666666 0.022917 0.04444500000000007
0 0.06295606249999999 0.36414908333333335 0.018750000000000003 0.036111000000000004
0 0.0992841875 0.7232643333333334 0.054166000000000006 0.136111
0 0.0897783125 0.460069 0.02708400000000001 0.033333999999999975
0 0.11647168749999999 0.4058160833333333 0.03750000000000002 0.036111000000000004
0 0.13522168750000002 0.4526914166666667 0.03749999999999999 0.04444399999999993
0 0.1930341875 0.9631080833333332 0.05416599999999999 0.06666600000000011
0 0.24348925 0.7641497500000001 0.07083400000000001 0.11944399999999981
0 0.2642578125 0.6427949166666668 0.04166700000000004 0.09166700000000001
0 0.2671875 0.5427086666666666 0.047917000000000015 0.052777
0 0.463411125 0.4216149166666667 0.03541700000000003 0.06111099999999999
0 0.4981123125 0.47178775 0.027082999999999968 0.055556000000000015
0 0.51328125 0.7665800833333334 0.039582999999999924 0.12777799999999986
0 0.5182295 0.4098961666666667 0.01666599999999996 0.03888900000000003
0 0.5349609375 0.6048613333333334 0.04583300000000001 0.105555
0 0.54765625 0.9557295 0.07083300000000003 0.08055499999999993
0 0.557421875 0.43237824999999996 0.029167000000000054 0.07222200000000001
0 0.6749345625 0.57734375 0.033334000000000086 0.055556000000000084
0 0.785026375 0.4052955833333334 0.012499999999999956 0.04999999999999997
0 0.805598625 0.35269141666666665 0.02083400000000002 0.044444000000000004
0 0.839713875 0.9660589166666668 0.060415999999999914 0.061110999999999915
0 0.844661125 0.4049479166666667 0.03541700000000003 0.06111099999999999
0 0.8787109375 0.5382809166666668 0.04583300000000001 0.061110999999999915
0 0.909504875 0.38211816666666665 0.029167000000000054 0.03888900000000003
0 0.9474609375 0.7251734999999999 0.0458329999999999 0.08055600000000007
0 0.97786425 0.532986 0.039584000000000064 0.09444500000000011
