0 0.05 0.3229035768667643 0.064375 0.05909899999999997
0 0.0951171875 0.29446296339677897 0.023124999999999993 0.06754199999999998
0 0.171015625 0.3030202210834554 0.05249999999999999 0.075046
0 0.2380078125 0.2310848345534407 0.04124999999999998 0.06566600000000003
0 0.31 0.30009196339677896 0.033125000000000016 0.06754199999999998
0 0.430859375 0.33879098243045386 0.13687500000000002 0.273921
0 0.60765625 0.32232557101024895 0.07062499999999994 0.15196999999999997
0 0.7806640625 0.3438055344070278 0.11250000000000004 0.217636
0 0.8491015625 0.30370376720351394 0.03500000000000003 0.10975599999999995
0 0.9677734375 0.31598708638360173 0.06187500000000001 0.16228899999999996
