0 0.017578125 0.7805676017569547 0.035625 0.174484
0 0.4990234375 0.4992679355783309 0.999375 0.9990620000000001
0 0.0299609375 0.5721541844802343 0.045625 0.14071300000000012
0 0.024648437500000002 0.4358163499267935 0.029375 0.07692300000000009
0 0.0740625 0.8110685710102489 0.0475 0.15197000000000005
0 0.068671875 0.43664009224011713 0.028125000000000004 0.07129399999999993
0 0.5259765625 0.22840409956076135 0.94 0.4577859999999999
0 0.1130859375 0.40888302489019035 0.045 0.11538499999999999
0 0.1448828125 0.8754979575402635 0.0725 0.159475
0 0.1678125 0.5911706383601757 0.016249999999999987 0.10787899999999999
0 0.2223046875 0.6007973748169839 0.06875000000000003 0.190431
0 0.27453125 0.900572503660322 0.10249999999999998 0.19512200000000016
0 0.24703125 0.40382531332357247 0.04000000000000001 0.14634099999999994
0 0.3771484375 0.607276055636896 0.06125000000000003 0.13789800000000005
0 0.4482421875 0.9417160248901904 0.11624999999999996 0.11444700000000009
0 0.4363671875 0.38293285944363104 0.085625 0.17917399999999992
0 0.5140625 0.6218904055636897 0.11062499999999997 0.21388399999999996
0 0.7483203125 0.6425725651537335 0.11937500000000001 0.24108799999999997
0 0.9485546875 0.6518575285505124 0.10062499999999996 0.30956800000000007
