0 0.0380078125 0.5912729281767956 0.073125 0.167993
0 0.1587890625 0.8034794806629835 0.081875 0.12290000000000001
0 0.162265625 0.6407914806629834 0.05124999999999999 0.12290000000000001
0 0.3452734375 0.21427553038674033 0.12437500000000001 0.237842
0 0.4703125 0.6196279723756907 0.04874999999999996 0.10344899999999996
0 0.5946875 0.5580607127071823 0.07937499999999997 0.164457
0 0.66484375 0.41234518784530394 0.05625000000000002 0.1069849999999999
0 0.7360546875 0.6447152651933701 0.06874999999999998 0.119363
0 0.875 0.5777381270718231 0.06437499999999996 0.13174099999999994
0 0.892421875 0.7899391270718232 0.05874999999999997 0.13174200000000003
0 0.906328125 0.6633397569060773 0.0668749999999999 0.10168000000000012
