0 0.0448828125 0.38234375 0.041875 0.05666700000000002
0 0.1196484375 0.3818229166666667 0.029375 0.029167000000000016
0 0.1565625 0.44817675 0.015625 0.05666699999999995
0 0.18 0.45151075 0.031875000000000014 0.055000000000000014
0 0.191015625 0.38213541666666667 0.020625000000000004 0.04666699999999994
0 0.2556640625 0.3832815833333334 0.018125000000000002 0.019165999999999943
0 0.2596875 0.4193229166666667 0.016874999999999973 0.029167000000000016
0 0.3182421875 0.6596354166666666 0.05437500000000001 0.046667000000000014
0 0.3487890625 0.39375033333333337 0.050624999999999976 0.10499999999999998
0 0.440390625 0.45411425 0.05250000000000005 0.10333399999999997
0 0.4348046875 0.37119825 0.03749999999999998 0.03999999999999996
0 0.5583984375 0.3863020833333333 0.06125000000000003 0.12916699999999995
0 0.723046875 0.28744791666666664 0.09062500000000007 0.185833
0 0.9049609375 0.39421875 0.01375000000000004 0.024166999999999977
0 0.93046875 0.5908850833333333 0.024375000000000036 0.0658340000000001
