0 0.0365625 0.4326917515451174 0.017499999999999998 0.020586000000000045
0 0.0442578125 0.5003386576019777 0.011250000000000003 0.01900300000000013
0 0.0626171875 0.4802949394313968 0.021875 0.025336000000000004
0 0.0836328125 0.35069565760197774 0.009999999999999995 0.019001999999999984
0 0.1019921875 0.17743569097651424 0.021875000000000006 0.045131000000000004
0 0.103984375 0.4458038454882571 0.011874999999999997 0.02454499999999998
0 0.3637109375 0.43862150309023484 0.015000000000000013 0.039587999999999963
0 0.372734375 0.47475193943139676 0.013124999999999998 0.026127999999999964
0 0.39765625 0.47782275154511744 0.009375000000000022 0.02058499999999997
0 0.4574609375 0.42145322126081586 0.015000000000000013 0.03325400000000001
0 0.5106640625000001 0.5540893213844252 0.050624999999999976 0.11559799999999998
0 0.5112890625 0.3279280333745364 0.018750000000000044 0.029295000000000078
0 0.6161328125 0.28640912731767615 0.010624999999999996 0.030877999999999958
0 0.6637109375 0.4799470333745365 0.015000000000000013 0.028503999999999984
0 0.7888671875 0.4094800333745364 0.02187500000000009 0.027712000000000025
0 0.916796875 0.43906559703337456 0.028125000000000067 0.04275600000000001
