0 0.0858984375 0.030791788856304986 0.030000000000000013 0.061914
0 0.1221484375 0.09123951319648094 0.030000000000000013 0.060037
0 0.218671875 0.026156859237536658 0.027500000000000024 0.041275
0 0.28046875 0.10079313489736069 0.025000000000000022 0.04690500000000002
0 0.2971484375 0.26050423753665686 0.030000000000000027 0.05816200000000008
0 0.3296875 0.3240581348973607 0.04874999999999996 0.045028000000000026
0 0.3533984375 0.0343076862170088 0.030000000000000027 0.052532999999999996
0 0.405625 0.3458151671554252 0.03249999999999997 0.076923
0 0.5167578125000001 0.70886357771261 0.04124999999999995 0.1238270000000001
0 0.5221484375 0.28929406451612905 0.030000000000000027 0.06566599999999999
0 0.55046875 0.2868347184750733 0.025000000000000022 0.08255100000000003
0 0.559921875 0.06579296187683285 0.02749999999999997 0.054409
0 0.5823828125 0.9128457126099707 0.07250000000000001 0.1688559999999999
0 0.6223046875 0.22761616715542524 0.03749999999999998 0.07692399999999999
0 0.6233984375 0.1493370322580645 0.030000000000000027 0.03377100000000001
0 0.6244921875 0.0857841348973607 0.022499999999999964 0.045028000000000026
0 0.67671875 0.07206778885630499 0.023749999999999938 0.06379
0 0.71046875 0.07282375659824047 0.02375000000000005 0.030018999999999987
0 0.736484375 0.34728144281524925 0.04375000000000007 0.08067599999999994
0 0.8201953125 0.10225941055718474 0.026249999999999996 0.048781
0 0.873046875 0.4995520263929619 0.06000000000000005 0.11819799999999994
0 0.870625 0.3326186862170088 0.03249999999999997 0.05065699999999998
0 0.98671875 0.04638413489736071 0.02375000000000005 0.04502799999999999
0 0.9887890625 0.3896139941348974 0.018750000000000044 0.086304
