0 0.09140625 0.15019484548104955 0.07125000000000001 0.141791
0 0.16062500000000002 0.3520408163265306 0.09499999999999999 0.205224
0 0.193046875 0.10162731195335277 0.05875 0.11567200000000001
0 0.2940625 0.5120262390670554 0.14125 0.274254
0 0.2875390625 0.21281129737609325 0.08124999999999999 0.147388
0 0.32109375 0.05393586005830904 0.05624999999999997 0.10820899999999999
0 0.37171875 0.3400312682215743 0.08625 0.210821
0 0.3773046875 0.030612244897959183 0.03749999999999998 0.063433
0 0.4365234375 0.16366211953352772 0.06125000000000003 0.139926
0 0.5378515625 0.6592398688046647 0.16000000000000003 0.28918000000000005
0 0.519140625 0.31508078717201166 0.11499999999999999 0.270523
0 0.5674609375 0.02040816326530612 0.04499999999999993 0.042910000000000004
0 0.704765625 0.25094607580174927 0.14500000000000002 0.23507500000000003
0 0.7349609375 0.6167976763848396 0.17125 0.313433
0 0.776640625 0.04472169679300291 0.05125000000000002 0.06903
0 0.816015625 0.31490118658892124 0.08250000000000002 0.19216400000000003
0 0.830078125 0.1805136530612245 0.09875 0.16604400000000002
0 0.8819140625 0.03620924489795919 0.04999999999999993 0.061567000000000004
0 0.8816015625 0.11655231195335275 0.03500000000000003 0.11567200000000002
0 0.9473046875 0.5214085422740525 0.10125000000000006 0.20895599999999992
0 0.9731640625 0.0759761195335277 0.050000000000000044 0.139925
