0 0.0126953125 0.5271005833333332 0.026667000000000003 0.11333300000000006
0 0.0557939375 0.48763933333333337 0.045 0.10666599999999993
0 0.224765625 0.426806 0.01999999999999999 0.06444400000000002
0 0.270625 0.42880241666666663 0.031667 0.044444000000000004
0 0.4896484375 0.3908678333333333 0.030000000000000027 0.05777800000000003
0 0.6505078125 0.3875693333333334 0.04166700000000001 0.07333299999999994
0 0.6788935625 0.5283336666666667 0.06500000000000006 0.0844439999999999
0 0.7542841875 0.78762175 0.11666599999999994 0.18000000000000002
0 0.7702216875 0.42810808333333333 0.03833300000000006 0.06666599999999996
0 0.9350390625 0.63421875 0.08166699999999993 0.1488889999999999
