0 0.1499609375 0.6326270579710145 0.044999999999999984 0.06499500000000005
0 0.218203125 0.6502680579710146 0.03562499999999999 0.06406699999999993
0 0.2748828125 0.6159140579710145 0.04125000000000001 0.06406700000000001
0 0.3396484375 0.6231159565217391 0.029374999999999984 0.052925000000000035
0 0.413203125 0.597638231884058 0.03562500000000002 0.0575669999999999
0 0.441875 0.7619151594202899 0.03312499999999996 0.07799399999999981
0 0.4879296875 0.5918856086956522 0.03749999999999998 0.07056599999999992
0 0.498984375 0.7369587101449275 0.043125000000000024 0.08356499999999993
0 0.5393359375 0.8025430579710144 0.04500000000000004 0.06592400000000004
0 0.5549609375 0.6110894347826087 0.04500000000000004 0.08078000000000009
0 0.6298828125 0.5943764347826087 0.04249999999999998 0.07985199999999988
0 0.6879296875 0.7127041594202898 0.03749999999999998 0.07613799999999997
0 0.7311328125 0.6052923333333333 0.04250000000000009 0.06871
0 0.80203125 0.6560651594202899 0.04062500000000002 0.07613799999999989
0 0.863828125 0.6336686086956521 0.036250000000000004 0.07242300000000011
