0 0.0087890625 0.26319455555555554 0.019375 0.05000000000000002
0 0.0566015625 0.23569400000000001 0.034374999999999996 0.06444499999999999
0 0.235 0.3722223333333334 0.0625 0.166667
0 0.44109375 0.40041622222222223 0.05499999999999999 0.13444500000000006
0 0.4646484375 0.3250698888888889 0.030625000000000013 0.060000000000000005
0 0.4658984375 0.1585421111111111 0.02937500000000004 0.06666600000000002
0 0.4855078125 0.15590244444444443 0.009999999999999953 0.04777800000000002
0 0.5045703125000001 0.19048566666666666 0.026875000000000038 0.05444499999999998
0 0.5446875 0.3771532222222222 0.04749999999999999 0.1644440000000001
0 0.5615234375 0.082361 0.030000000000000027 0.06333300000000001
0 0.568671875 0.197917 0.028124999999999956 0.064444
0 0.6601171875 0.07347200000000001 0.02312499999999995 0.063334
0 0.665 0.230139 0.03125 0.06333299999999993
0 0.7358984375 0.2442363333333334 0.030625000000000013 0.073333
0 0.9095703125 0.05701344444444445 0.02562500000000001 0.047778
