0 0.00390625 0.05824931918008784 0.00875 0.054408999999999985
0 0.0048828125 0.2617000614934114 0.01 0.047841999999999996
0 0.0126953125 0.5484564480234262 0.025625 0.05816099999999987
0 0.018515625 0.37227980380673503 0.020624999999999998 0.042213999999999974
0 0.0214453125 0.09922670571010249 0.025625000000000002 0.06379000000000001
0 0.0276953125 0.7174257057101026 0.026875000000000003 0.06378999999999978
0 0.0287109375 0.8982481903367496 0.015 0.05159499999999995
0 0.0358203125 0.3003895768667643 0.026875000000000003 0.06097599999999998
0 0.0477734375 0.1667697057101025 0.029375 0.061913
0 0.0502734375 0.24575206149341147 0.030625000000000006 0.046904999999999954
0 0.0476171875 0.5357353191800879 0.023125 0.055346999999999945
0 0.05484375 0.47986219033674965 0.024375000000000008 0.05065699999999998
0 0.0602734375 0.3831690922401171 0.03 0.07035599999999999
0 0.0626953125 0.08961819033674963 0.025624999999999995 0.05253299999999998
0 0.0826953125 0.8219655768667644 0.025624999999999995 0.06097600000000002
0 0.091796875 0.6392670922401171 0.028124999999999997 0.0712940000000001
0 0.10109375 0.29453306149341146 0.024375000000000008 0.049718999999999965
0 0.1153515625 0.11160606149341142 0.03437499999999999 0.04784300000000001
0 0.116171875 0.1667697057101025 0.028124999999999997 0.063789
0 0.1239453125 0.240947803806735 0.025624999999999995 0.042214000000000015
0 0.134921875 0.518665963396779 0.028749999999999998 0.06941800000000005
0 0.1351953125 0.41648406149341144 0.02562500000000001 0.049719000000000006
0 0.1465234375 0.017569546120058566 0.029375000000000012 0.036585
0 0.1726953125 0.9782838038067351 0.02687500000000001 0.041276
0 0.1750390625 0.15382006149341143 0.019375000000000003 0.047841999999999954
0 0.187421875 0.39877431918008777 0.028750000000000026 0.054409000000000006
0 0.187421875 0.7399397057101026 0.028750000000000026 0.06378999999999978
0 0.19484375 0.3194491903367496 0.02437499999999998 0.05253300000000002
0 0.2395703125 0.40147506149341133 0.02562500000000001 0.04878000000000006
0 0.2465234375 0.7292789326500732 0.029374999999999984 0.04596600000000004
0 0.2456640625 0.18061219033674963 0.019374999999999976 0.051594999999999995
0 0.25082031250000003 0.2835035768667643 0.02687500000000001 0.06097599999999998
0 0.2620703125 0.4021144480234261 0.026874999999999982 0.05816199999999997
0 0.2691796875 0.6365663499267935 0.03875000000000001 0.07879899999999995
0 0.2771484375 0.5655699633967789 0.030625000000000013 0.06848
0 0.2812890625 0.7658639326500734 0.018125000000000002 0.04408999999999993
0 0.3026171875 0.4955115768667643 0.021874999999999978 0.05909900000000001
0 0.3065234375 0.34031470571010247 0.030625000000000013 0.06285199999999998
0 0.3133203125 0.2502587057101025 0.026875000000000038 0.06191400000000004
0 0.336875 0.01171303074670571 0.03187500000000004 0.026266
0 0.3391015625 0.6656473499267936 0.03375 0.07692299999999992
0 0.333515625 0.08170131918008784 0.020625000000000004 0.05534699999999999
0 0.353046875 0.5880839633967789 0.02812500000000001 0.06941799999999997
0 0.3558203125 0.29821496339677894 0.026874999999999982 0.06941899999999998
0 0.363203125 0.9782838038067351 0.036250000000000004 0.041276
0 0.3627734375 0.8817049633967788 0.030624999999999958 0.06941800000000005
0 0.379765625 0.39062993265007323 0.020625000000000004 0.04409000000000005
0 0.385625 0.29704944802342603 0.033125000000000016 0.057223000000000024
0 0.3851953125 0.46707096339677895 0.026874999999999982 0.06847999999999992
0 0.3901953125 0.21168344802342604 0.02562500000000001 0.05816100000000002
0 0.415703125 0.861022803806735 0.036250000000000004 0.04221399999999989
0 0.424921875 0.1524000922401171 0.02812500000000001 0.07035600000000003
0 0.422265625 0.0434678345534407 0.020625000000000004 0.065666
0 0.4364453125 0.10510915959004392 0.026874999999999982 0.027205
0 0.4337890625 0.6567924787701317 0.01937500000000003 0.08161300000000005
0 0.4416015625 0.3613655768667643 0.03500000000000003 0.06003699999999995
0 0.447578125 0.758404092240117 0.036250000000000004 0.0712940000000001
0 0.46 0.4718752210834554 0.03312499999999996 0.07504699999999988
0 0.4576171875 0.19584970571010252 0.021874999999999978 0.061913999999999976
0 0.474765625 0.8138211903367496 0.02062499999999995 0.05159399999999999
0 0.4814453125 0.038663576866764277 0.026874999999999982 0.06097499999999999
0 0.4844921875 0.19667444802342604 0.021874999999999978 0.05816099999999998
0 0.490625 0.8775410922401172 0.03187499999999999 0.07316999999999979
0 0.4926953125 0.46830657686676425 0.02562500000000001 0.059099999999999986
0 0.5154296875 0.9755840614934114 0.03875000000000001 0.04690400000000019
0 0.5131640625 0.10181319033674964 0.01937500000000003 0.051594999999999995
0 0.5408984375 0.34470709224011714 0.030625000000000013 0.07317099999999997
0 0.5412890625 0.7706691903367495 0.01937500000000003 0.05253199999999996
0 0.5444140625 0.9782838038067351 0.018749999999999933 0.041276
0 0.5471875 0.2339699326500732 0.01749999999999996 0.04596599999999996
0 0.55859375 0.10309296339677891 0.024375000000000036 0.06941899999999998
0 0.560546875 0.7164435461200586 0.028124999999999956 0.036586000000000035
0 0.564453125 0.9242165768667643 0.03687499999999999 0.06097600000000002
0 0.56859375 0.21866231918008783 0.024375000000000036 0.05347099999999999
0 0.56984375 0.02635431918008785 0.024375000000000036 0.053471000000000005
0 0.5865625 0.4551034787701318 0.016874999999999973 0.08067599999999987
0 0.5919921875 0.9732951903367495 0.021874999999999978 0.05065700000000023
0 0.5983984375 0.7452700922401172 0.030000000000000027 0.07317099999999993
0 0.6052734375 0.24083454612005858 0.02937500000000004 0.03658499999999998
0 0.6090234375 0.6658307057101025 0.02937500000000004 0.06379000000000003
0 0.62125 0.3961878345534407 0.03125 0.06566699999999996
0 0.6276953125 0.1630167057101025 0.026874999999999982 0.06378999999999997
0 0.6243359375 0.9361139633967789 0.013749999999999929 0.06941800000000005
0 0.6268359375 0.7840998038067349 0.01375000000000004 0.04221400000000006
0 0.637421875 0.09700893265007321 0.028124999999999956 0.045966000000000014
0 0.649140625 0.5462386749633968 0.02124999999999999 0.03846099999999993
0 0.6494140625 0.7218881903367497 0.018750000000000044 0.05159500000000004
0 0.6563671875 0.027818448023426062 0.021874999999999978 0.058161000000000004
0 0.6612109375 0.11348206149341142 0.014374999999999916 0.046905000000000016
0 0.6722265625 0.9664305768667643 0.03374999999999995 0.0590999999999999
0 0.6708203125 0.2718347057101025 0.02562500000000001 0.06285199999999998
0 0.70875 0.6725119633967789 0.03312499999999996 0.06941799999999997
0 0.7333984375 0.531387092240117 0.030625000000000013 0.07317000000000004
0 0.733671875 0.073968803806735 0.028125000000000067 0.043152
0 0.7451953125 0.6095457057101025 0.026874999999999982 0.06379000000000011
0 0.7484375 0.23959793265007323 0.016249999999999987 0.04408999999999997
0 0.7683203125 0.3341605768667643 0.026874999999999982 0.06003799999999992
0 0.777265625 0.37550667496339674 0.020000000000000018 0.038460999999999974
0 0.782265625 0.17123119033674963 0.020625000000000004 0.050657
0 0.7868359375 0.39584606149341134 0.014375000000000027 0.04971900000000005
0 0.7985546875 0.9208063499267934 0.03874999999999995 0.07879899999999995
0 0.79296875 0.2615157057101025 0.024375000000000036 0.061913999999999955
0 0.7971484375 0.6552140922401172 0.030625000000000013 0.07035699999999992
0 0.7944921875 0.03614719033674963 0.02187500000000009 0.052533
0 0.79671875 0.755062963396779 0.024374999999999925 0.06941899999999994
0 0.8075 0.13716257686676425 0.03312499999999996 0.060037000000000035
0 0.8251171875 0.8329940614934116 0.023125000000000062 0.04878099999999994
0 0.843359375 0.7922451903367497 0.013124999999999942 0.052532000000000044
0 0.87875 0.2080447057101025 0.03249999999999997 0.06378999999999999
0 0.8778125 0.02635431918008785 0.01749999999999996 0.053471000000000005
0 0.8951953125 0.7571233191800879 0.026875000000000093 0.054408999999999964
0 0.8991015625 0.9095493499267936 0.034375000000000044 0.07692299999999984
0 0.9035546875 0.6032773191800879 0.03749999999999998 0.05534700000000003
0 0.9170703125 0.2821537057101025 0.026874999999999982 0.06378999999999999
0 0.92875 0.38188931918008784 0.032500000000000084 0.05347099999999999
0 0.9433984375 0.1457889326500732 0.030625000000000013 0.045966999999999994
0 0.9419921875 0.4579875768667643 0.021874999999999978 0.06097600000000002
0 0.9521484375 0.6072578345534406 0.030625000000000013 0.06566599999999999
0 0.9609765625 0.943618963396779 0.034375000000000044 0.06941800000000005
0 0.9665234375 0.029282576866764276 0.030625000000000013 0.060038
0 0.9720703125 0.7105610922401172 0.026874999999999982 0.07317100000000001
0 0.9745703125 0.5380673499267935 0.02562500000000001 0.076923
0 0.9882421875 0.4549892210834553 0.021874999999999978 0.07504700000000004
0 0.99390625 0.027818448023426062 0.009375000000000022 0.058161000000000004
