0 0.0563671875 0.6236944607046071 0.053750000000000006 0.09280100000000002
0 0.14109375000000002 0.4285504607046071 0.05500000000000001 0.09366899999999993
0 0.2371484375 0.460749487804878 0.06062500000000001 0.09800499999999995
0 0.2851953125 0.6531275555555556 0.057499999999999996 0.11361600000000009
0 0.3251953125 0.4343505013550136 0.057499999999999996 0.10060700000000003
0 0.387421875 0.6148575284552845 0.05874999999999997 0.10667800000000008
0 0.45359375 0.23931552845528453 0.05499999999999999 0.10667800000000004
0 0.46375 0.6618005555555556 0.06437500000000002 0.11188200000000008
0 0.538515625 0.49576556910569103 0.05249999999999999 0.11535100000000012
0 0.57015625 0.6714485826558266 0.07062499999999994 0.11881999999999994
0 0.59796875 0.4729463929539296 0.055624999999999925 0.07979199999999996
0 0.6284765625 0.43180440650406504 0.034375000000000044 0.083261
0 0.6426953125 0.6877115284552845 0.057499999999999996 0.106678
0 0.691015625 0.4715913794037941 0.05125000000000002 0.07805799999999993
0 0.72890625 0.7669596097560977 0.07062500000000005 0.12402499999999997
0 0.748125 0.5396185826558265 0.06312499999999999 0.11795299999999997
0 0.823046875 0.47028948780487806 0.05875000000000008 0.09887300000000002
0 0.9083984375 0.593554514905149 0.0618749999999999 0.10320900000000002
