0 0.141875 0.513958 0.095 0.15833399999999997
0 0.2770703125 0.4309895833333333 0.05812500000000001 0.11249999999999998
0 0.3555859375 0.3650524166666667 0.04625000000000001 0.10833299999999997
0 0.3929296875 0.40124999999999994 0.03749999999999998 0.0625
0 0.4546484375 0.349583 0.02999999999999997 0.0625
0 0.5307421875 0.24833333333333332 0.02312499999999995 0.04416699999999999
0 0.58484375 0.33197883333333333 0.024375000000000036 0.05833400000000003
0 0.6570703125 0.26723958333333336 0.026874999999999982 0.04999999999999997
0 0.6583203125 0.3648437500000001 0.026874999999999982 0.05499999999999994
0 0.6962109375 0.3663541666666667 0.04562500000000003 0.06833299999999998
0 0.7568359375 0.3795315833333333 0.04562500000000003 0.08250000000000002
0 0.8165234375 0.37171841666666666 0.06062500000000004 0.108334
0 0.8516796875 0.5018753333333333 0.06937499999999996 0.13749999999999996
