0 0.11078125 0.47385857709251095 0.040624999999999994 0.08082700000000007
0 0.16015625 0.6435600058737151 0.04000000000000001 0.08458600000000002
0 0.1751953125 0.43215300440528637 0.026874999999999982 0.06391000000000002
0 0.26773437499999997 0.405249577092511 0.043125 0.08082700000000002
0 0.3487890625 0.655307436123348 0.04999999999999999 0.10714199999999993
0 0.3648828125 0.4152938634361233 0.04250000000000004 0.09022500000000001
0 0.5396484375 0.4367930058737151 0.030000000000000027 0.08270600000000002
0 0.5512890625 0.6850298634361234 0.04937500000000006 0.08834599999999995
0 0.6498828125 0.39285472099853164 0.041874999999999996 0.09398499999999994
0 0.8016015625 0.39126843465491923 0.03374999999999995 0.08740599999999998
0 0.8310546875 0.33987114831130694 0.038124999999999964 0.07706700000000001
0 0.983125 0.3807535785609398 0.03187499999999999 0.10150400000000004
