0 0.0972265625 0.3552304502923977 0.06562499999999999 0.13763999999999996
0 0.1840234375 0.4213645204678363 0.06125 0.12078699999999998
0 0.214765625 0.3372266842105264 0.05250000000000002 0.08052399999999997
0 0.32046875 0.40457660233918125 0.05499999999999999 0.10018700000000004
0 0.31765625 0.30885783625731 0.040000000000000036 0.04213399999999993
0 0.3999609375 0.36033864912280705 0.04625000000000001 0.08895199999999995
0 0.4698828125 0.3980226023391813 0.04124999999999995 0.10018700000000012
0 0.5191796875 0.36689364912280703 0.03749999999999998 0.088015
0 0.558203125 0.42857567251461987 0.03687499999999999 0.08427000000000005
0 0.6396875 0.43067862573099414 0.04749999999999999 0.09644200000000004
0 0.71140625 0.4154676725146199 0.04062500000000002 0.08239699999999994
0 0.7933984375 0.40270360233918123 0.06062499999999993 0.10206000000000005
0 0.923203125 0.38080648538011697 0.06812499999999999 0.129214
