0 0.001953125 0.09114633333333333 0.004883 0.011718000000000006
0 0.017578375 0.0963545 0.011719 0.015625000000000017
0 0.029297375 0.14322958333333335 0.012694999999999998 0.019530999999999982
0 0.03613325 0.23567666666666665 0.009765000000000003 0.022136000000000045
0 0.09667943749999999 0.5000003333333334 0.124024 0.20052000000000003
0 0.0439448125 0.2825525 0.010743000000000003 0.018228999999999978
0 0.0458986875 0.23177075 0.0078119999999999995 0.02343800000000003
0 0.05371125 0.2760415 0.008789000000000005 0.015625
0 0.0595708125 0.2682293333333334 0.010742000000000002 0.01171899999999996
0 0.061523249999999995 0.2408855 0.007813000000000007 0.016926999999999987
0 0.06542993750000001 0.22135441666666666 0.01367199999999999 0.013021000000000024
0 0.0654296875 0.1145835 0.0078119999999999995 0.015625
0 0.0996093125 0.1979165833333333 0.026366999999999988 0.05208299999999999
0 0.105468375 0.2669275 0.011718999999999993 0.015625
0 0.11523412499999999 0.2669274166666667 0.004883000000000012 0.013020999999999986
0 0.1357419375 0.19010375 0.014648999999999995 0.02343800000000003
0 0.17089837500000002 0.27994825 0.043944999999999984 0.07161400000000002
0 0.24804675 0.6783855833333332 0.08691400000000002 0.1445310000000001
0 0.349609625 0.6835939166666666 0.08300800000000003 0.1223960000000001
0 0.400390625 0.3255205833333334 0.05175799999999997 0.08203199999999995
0 0.4082030625 0.48567758333333333 0.019530999999999965 0.052082999999999956
0 0.5312496874999999 0.4309891666666667 0.06836000000000003 0.13020899999999994
0 0.6699218125 0.27734383333333334 0.07324200000000003 0.12109400000000003
0 0.8769527500000001 0.4557291666666667 0.023437999999999848 0.039062000000000006
