0 0.0200390625 0.21216541727672034 0.019375 0.032832999999999994
0 0.0487890625 0.19310580380673495 0.019374999999999996 0.042213999999999995
0 0.1015625 0.21122741727672034 0.016875 0.032833000000000036
0 0.1476953125 0.20916706149341144 0.026874999999999982 0.049718999999999965
0 0.228984375 0.21715403074670572 0.013124999999999998 0.024389999999999988
0 0.279140625 0.22166067496339678 0.020625000000000004 0.038461000000000016
0 0.2805859375 0.21861815959004394 0.014375000000000027 0.027204
0 0.35671875 0.2168736383601757 0.055625000000000036 0.10787999999999996
0 0.408671875 0.22376419033674963 0.028124999999999956 0.05065700000000002
0 0.45671875 0.2089567672035139 0.05499999999999999 0.10975600000000002
0 0.54859375 0.22815657686676427 0.024375000000000036 0.060038
0 0.6886328125 0.19289550951683748 0.041874999999999996 0.104128
0 0.7264453125 0.21873241727672035 0.026874999999999982 0.034709000000000025
0 0.8774609375 0.23236560761347 0.04500000000000004 0.08442699999999993
0 0.9666015625 0.21731144802342606 0.034375000000000044 0.056285999999999975
