0 0.03515625 0.6094642380952381 0.07125 0.16571399999999997
0 0.0400390625 0.41267828571428566 0.080625 0.13523800000000005
0 0.09546875 0.9161312380952382 0.14875000000000002 0.1647619999999998
0 0.1034375 0.18547623809523808 0.140625 0.22857100000000002
0 0.1249609375 0.49428609523809525 0.1075 0.19333300000000003
0 0.224921875 0.19601204761904764 0.09125 0.159047
0 0.2259375 0.39708323809523816 0.07937499999999997 0.16571399999999997
0 0.2440234375 0.646369380952381 0.09250000000000003 0.201904
0 0.2564453125 0.8554764761904763 0.08937500000000001 0.20476200000000006
0 0.321171875 0.2896427619047619 0.09125 0.15047599999999997
0 0.326640625 0.5124404285714286 0.083125 0.172381
0 0.3248046875 0.05654761904761905 0.06874999999999998 0.11523800000000001
0 0.3484765625 0.9247615714285715 0.09750000000000003 0.14571499999999982
0 0.4125390625 0.18714333333333333 0.08187499999999998 0.169523
0 0.419921875 0.5939285238095238 0.09000000000000002 0.17428600000000005
0 0.4136328125 0.3628575714285714 0.073125 0.14476099999999997
0 0.418203125 0.7983329523809524 0.06687500000000002 0.156191
0 0.4930078125 0.9076784285714284 0.07312500000000005 0.17142900000000016
0 0.504140625 0.2849999523809524 0.08250000000000002 0.15619099999999997
0 0.5126953125 0.48595195238095235 0.08812500000000001 0.156191
0 0.5080859375 0.6922020476190477 0.07687500000000003 0.16000000000000006
0 0.5878515625 0.8855360476190477 0.09624999999999995 0.1580950000000001
0 0.59859375 0.3044638571428572 0.08687499999999992 0.15238100000000002
0 0.611015625 0.12196442857142856 0.083125 0.17047600000000002
0 0.6098828125 0.5552979047619047 0.073125 0.1228570000000001
0 0.6864453125 0.3562504285714286 0.08875 0.170476
0 0.6808984375 0.9199407142857142 0.06125000000000003 0.11714300000000002
0 0.6871484375 0.5705947619047619 0.06125000000000003 0.15047700000000008
0 0.717265625 0.1574408095238095 0.083125 0.18190400000000004
0 0.751328125 0.8261304761904762 0.06812499999999999 0.14190500000000017
0 0.7523046875 0.6482738571428571 0.06937499999999996 0.15238100000000002
0 0.7644921875 0.4722020476190476 0.08562499999999995 0.15809599999999996
0 0.8009375 0.2845237142857143 0.078125 0.18000000000000002
0 0.836875 0.6434525238095239 0.09499999999999997 0.17333300000000001
0 0.8341015625 0.820833380952381 0.06499999999999995 0.13809500000000002
0 0.8421484375 0.44047580952380955 0.06125000000000003 0.120953
0 0.908359375 0.9485710476190476 0.10625000000000007 0.09809599999999988
0 0.901484375 0.350357380952381 0.07562499999999994 0.138095
0 0.899375 0.509880619047619 0.06312499999999999 0.11523800000000006
0 0.924375 0.129762 0.09562500000000007 0.25142800000000004
0 0.9366015625 0.7410114285714284 0.09749999999999992 0.17047700000000007
0 0.9690234375 0.511369238095238 0.06062500000000004 0.16666600000000006
0 0.972890625 0.28136900000000004 0.051875000000000004 0.189524
