0 0.0044531250000000005 0.4443543865300146 0.004999999999999999 0.011257000000000017
0 0.0169140625 0.5025605461200585 0.019375 0.03658500000000006
0 0.02140625 0.4427069019033675 0.009374999999999998 0.020638
0 0.027734375 0.5033141903367496 0.011875000000000004 0.05065700000000006
0 0.0536328125 0.42529477306002933 0.009999999999999995 0.019700000000000023
0 0.077109375 0.4215427730600293 0.01187500000000001 0.017823999999999906
0 0.638359375 0.7918063806734993 0.04312500000000008 0.10037599999999998
0 0.7860546875 0.43373777306002925 0.006250000000000089 0.019700000000000023
0 0.82671875 0.5156935461200586 0.024375000000000036 0.03658500000000006
0 0.8348046875 0.4281097730600293 0.007499999999999951 0.018760999999999993
0 0.897734375 0.5171576749633967 0.01187500000000008 0.0384610000000001
0 0.89828125 0.4285216442166911 0.009375000000000022 0.016884999999999956
0 0.94703125 0.5003859326500731 0.009375000000000022 0.04502800000000007
