0 0.020125 0.07796875 0.030108999999999993 0.05499999999999999
0 0.11893599999999999 0.08003906250000001 0.038437 0.049999999999999996
0 0.22507500000000003 0.073046875 0.04548399999999998 0.06
0 0.479524 0.21125 0.03459300000000002 0.03125
0 0.510992 0.11828125 0.038437000000000124 0.03937499999999999
0 0.547226 0.208203125 0.04163999999999999 0.036250000000000004
0 0.589866 0.309609375 0.04228100000000006 0.044375
0 0.616975 0.1192578125 0.036514999999999985 0.04249999999999998
0 0.662459 0.009765625 0.036514999999999874 0.02
0 0.6725840000000001 0.20328125 0.047404999999999975 0.03937499999999999
0 0.730989 0.049140625 0.06982699999999989 0.08374999999999999
0 0.8703770000000001 0.064375 0.038436999999999895 0.03125
0 0.8665799999999999 0.2377734375 0.02434400000000005 0.029375000000000012
0 0.955298 0.3036328125 0.04035900000000004 0.04249999999999998
