0 0.2793359375 0.9394099326500732 0.014374999999999971 0.044089999999999845
0 0.4293359375 0.5574687364568083 0.04500000000000004 0.08724199999999988
0 0.471796875 0.7893600922401173 0.02812500000000001 0.07317099999999993
0 0.6277734375 0.6881613499267935 0.029999999999999916 0.07692300000000009
0 0.6690234375 0.6084934480234261 0.030625000000000013 0.05628599999999989
0 0.73640625 0.6672948345534406 0.039999999999999925 0.06472800000000001
0 0.7652734375 0.6545036076134699 0.030625000000000013 0.08442800000000003
0 0.77359375 0.7410361229868229 0.024375000000000036 0.09474699999999998
0 0.83828125 0.8892541229868229 0.07062500000000005 0.09568399999999999
0 0.87375 0.6728537364568082 0.03312499999999996 0.0853660000000001
