0 0.0894921875 0.2954165555555555 0.023124999999999993 0.05000000000000007
0 0.365390625 0.3426392222222222 0.05124999999999996 0.13333300000000003
0 0.388671875 0.3371524444444444 0.02812500000000001 0.11111100000000003
0 0.59890625 0.29090255555555555 0.008125000000000049 0.01888900000000006
0 0.6210546875 0.2886805555555556 0.007499999999999951 0.01888899999999991
0 0.6609375 0.3851388888888889 0.0475000000000001 0.09333299999999999
0 0.6862109375 0.29437477777777776 0.014375000000000027 0.02555600000000001
0 0.7299609375 0.30006900000000003 0.015000000000000013 0.034444999999999934
0 0.83828125 0.2842365555555555 0.008750000000000036 0.017777000000000057
0 0.8629296875 0.2797915555555555 0.007500000000000062 0.020000000000000018
0 0.91390625 0.2626386666666667 0.008749999999999925 0.021110999999999977
