0 0.0420703125 0.17531185923753667 0.026875000000000003 0.042214000000000015
0 0.0908203125 0.1543826862170088 0.026874999999999996 0.05253300000000002
0 0.12699218750000002 0.14957413489736068 0.023124999999999993 0.045966000000000014
0 0.2105859375 0.16669623753665688 0.015000000000000013 0.05816100000000004
0 0.33390625 0.1765746744868035 0.10249999999999998 0.222327
0 0.4959765625 0.2352565395894428 0.09625000000000006 0.17636
0 0.5983984375 0.19724251319648095 0.030000000000000027 0.060038000000000015
0 0.66875 0.23154178885630503 0.0318750000000001 0.06378999999999997
0 0.7523046875 0.248018064516129 0.03749999999999998 0.06566600000000003
0 0.8477734375 0.22833488563049853 0.09250000000000003 0.15947400000000003
