0 0.0801171875 0.6511970124740124 0.022499999999999992 0.02528200000000011
0 0.0853125 0.7906255135135136 0.015625 0.027278999999999862
0 0.0855859375 0.6871250124740125 0.014374999999999999 0.025281999999999992
0 0.0875390625 0.7523280124740125 0.018125000000000002 0.025281999999999874
0 0.10359375 0.6524440103950103 0.023750000000000007 0.021956000000000107
0 0.1037890625 0.7892955135135135 0.019375000000000003 0.02727899999999998
0 0.1087890625 0.6851290124740125 0.01937499999999999 0.025947999999999933
0 0.1131640625 0.7513715135135135 0.019375000000000003 0.027277999999999903
0 0.1263671875 0.6512800145530145 0.022499999999999992 0.029274000000000053
0 0.1253125 0.7915820124740125 0.017500000000000016 0.025282999999999948
0 0.1356640625 0.7493755135135136 0.018125000000000002 0.027943999999999965
0 0.1394140625 0.6860855114345115 0.018750000000000017 0.023951999999999904
0 0.147890625 0.6492010124740125 0.02124999999999999 0.025947999999999933
0 0.1487890625 0.7906255135135136 0.019374999999999976 0.027278999999999862
0 0.1669921875 0.7544070145530146 0.022499999999999992 0.030604999999999983
0 0.1662890625 0.6883720103950104 0.019375000000000003 0.02195599999999999
0 0.170390625 0.6501575114345114 0.02125000000000002 0.023952000000000022
0 0.175390625 0.7892955135135135 0.02125000000000002 0.02860899999999995
0 0.1918359375 0.6860855114345115 0.014374999999999999 0.023951999999999904
0 0.1918359375 0.7533675135135135 0.014374999999999999 0.02860899999999995
0 0.1918359375 0.7906255135135136 0.014374999999999999 0.027278999999999862
0 0.194765625 0.6502405135135135 0.020625000000000004 0.02727800000000002
0 0.2140625 0.7420565135135135 0.017500000000000016 0.02727899999999998
0 0.2159375 0.6681215114345114 0.015625 0.023952000000000022
0 0.2159375 0.7768620103950105 0.015625 0.02195599999999999
0 0.2418359375 0.7422650103950104 0.014375000000000027 0.02195599999999999
0 0.2437109375 0.6700345093555095 0.014374999999999971 0.019959999999999957
0 0.2480078125 0.7060455114345114 0.01125000000000001 0.023952000000000022
0 0.2681640625 0.6710740103950105 0.019374999999999976 0.02195599999999999
0 0.274609375 0.7766535135135135 0.013124999999999998 0.02727899999999998
0 0.2909375 0.6667905114345115 0.016249999999999987 0.023952000000000022
0 0.2898828125 0.7006395093555093 0.011250000000000038 0.02062600000000002
0 0.2918359375 0.7390210124740125 0.014375000000000027 0.02594800000000005
0 0.297890625 0.7759055114345115 0.02124999999999999 0.023952000000000022
0 0.3225390625 0.6668735135135135 0.01937500000000003 0.02727899999999998
0 0.3225390625 0.7736180124740124 0.01937500000000003 0.025949000000000128
0 0.3246875 0.7410170124740125 0.016249999999999987 0.025282999999999948
0 0.33078125 0.7017620124740125 0.008124999999999993 0.025947999999999933
0 0.3442578125 0.7028015135135135 0.010000000000000009 0.02727899999999998
0 0.3481640625 0.6701175114345115 0.018125000000000002 0.023952000000000022
0 0.3480859375 0.7401860083160083 0.014375000000000027 0.01862900000000003
0 0.3490625 0.7801060083160083 0.017500000000000016 0.0172980000000001
0 0.3734375 0.6690780103950104 0.015625 0.02195599999999999
0 0.3796875 0.7413085114345114 0.017500000000000016 0.023952000000000022
0 0.38390625 0.7040495114345114 0.009375000000000022 0.023952000000000022
0 0.4021875 0.6690780103950104 0.017500000000000016 0.02195599999999999
0 0.405390625 0.7798975114345114 0.02124999999999999 0.023952000000000022
0 0.4043359375 0.7389380103950104 0.014374999999999971 0.02195599999999999
0 0.46125 0.7004705384615385 0.0625 0.07717899999999993
