0 0.042265625 0.1536097672035139 0.083125 0.10975599999999999
0 0.5080859375 0.41159505710102484 0.9825 0.6153840000000002
0 0.177734375 0.6465176383601757 0.075625 0.10694100000000001
0 0.339140625 0.6458071537335286 0.05125000000000002 0.11819899999999992
0 0.52125 0.37783870571010253 0.03125 0.06378999999999999
0 0.539375 0.29153470571010254 0.03312499999999996 0.061913999999999955
0 0.5684765625 0.4978695461200585 0.03500000000000003 0.03658599999999995
0 0.6059765625 0.24579622108345534 0.034375000000000044 0.075047
0 0.614140625 0.1305955768667643 0.020625000000000004 0.059099999999999986
0 0.62796875 0.10691606149341142 0.024375000000000036 0.04690400000000002
0 0.693828125 0.11993480380673499 0.03562500000000002 0.042213999999999995
0 0.8251171875 0.11869919033674962 0.023125000000000062 0.05159400000000001
0 0.8457421875 0.12391531918008784 0.023125000000000062 0.055346999999999986
0 0.9487890625 0.12181080380673501 0.018125000000000058 0.042213999999999974
0 0.9839453125 0.1748699326500732 0.026875000000000093 0.045966
