0 0.077148875 0.4830725833333333 0.059570000000000005 0.05078200000000003
0 0.15625 0.4544266666666667 0.06445300000000001 0.05208399999999994
0 0.17773387499999999 0.6093751666666666 0.09082100000000001 0.070312
0 0.34375025 0.5416664166666667 0.07226500000000002 0.04557300000000001
0 0.41308625000000004 0.6640620833333334 0.10253899999999994 0.06640700000000004
0 0.44824212500000005 0.5117189999999999 0.06835899999999989 0.0625
0 0.5537104375 0.56640625 0.030273999999999912 0.039062999999999924
0 0.5908203125 0.6263025 0.05761700000000003 0.04817700000000006
0 0.606445 0.56380175 0.06445299999999998 0.054687999999999994
0 0.6982425624999999 0.5065106666666667 0.06640600000000008 0.05338500000000009
