0 0.06328125 0.38456834017595315 0.04000000000000001 0.06754199999999998
0 0.091875 0.5827031935483871 0.09375000000000001 0.19512200000000013
0 0.1599609375 0.7727328797653957 0.1075 0.24390200000000015
0 0.206484375 0.2398672375366569 0.04375000000000001 0.056285
0 0.234296875 0.35361975073313784 0.060000000000000026 0.11632300000000005
0 0.404140625 0.2996204750733138 0.05125000000000002 0.11257100000000002
0 0.4503515625 0.5825295718475073 0.09749999999999998 0.20825500000000005
0 0.53109375 0.2891839237536657 0.05499999999999994 0.10694200000000006
0 0.6018359375 0.4314891612903226 0.07750000000000001 0.163227
0 0.67703125 0.2751669941348973 0.040000000000000036 0.086304
0 0.70453125 0.167342064516129 0.039999999999999925 0.06566600000000003
0 0.741484375 0.5641148152492669 0.10625000000000007 0.18011200000000002
0 0.77140625 0.4098422697947214 0.07125000000000004 0.09005600000000005
0 0.772890625 0.18657726979472145 0.05249999999999999 0.09005599999999994
0 0.8205078125 0.15379934017595306 0.04249999999999998 0.06941800000000002
0 0.9184375 0.1763133401759531 0.04749999999999999 0.069419
0 0.9389453125 0.3933828152492669 0.08875 0.180113
