0 0.05328091666666667 0.47859375 0.06083399999999999 0.05499999999999999
0 0.04317741666666666 0.3394921875 0.013333000000000012 0.021875000000000033
0 0.06531250000000001 0.3218359375 0.015833000000000003 0.013749999999999984
0 0.21401041666666665 0.3426171875 0.013333000000000003 0.02250000000000002
0 0.43859408333333333 0.333828125 0.034165999999999995 0.036250000000000004
0 0.49005174999999995 0.3985546875 0.02500000000000006 0.03875000000000001
0 0.5094270833333333 0.37015625 0.03416699999999998 0.03937499999999999
0 0.5828649166666667 0.7299609375 0.12333299999999998 0.20124999999999993
0 0.5621354166666667 0.3692578125 0.04583300000000001 0.04125000000000001
0 0.5963541666666666 0.3916796875 0.06833299999999998 0.07
0 0.7040621666666667 0.4696484375 0.036667000000000005 0.06187499999999996
0 0.7607815833333333 0.3483203125 0.020832999999999952 0.026874999999999982
