0 0.1174609375 0.15230311940298505 0.04500000000000001 0.09080000000000002
0 0.1687109375 0.2106154776119403 0.04500000000000001 0.11111100000000002
0 0.240703125 0.17074844776119402 0.03625000000000003 0.08841099999999996
0 0.3304296875 0.24071411940298504 0.038124999999999964 0.09079999999999998
0 0.3715234375 0.14484043283582088 0.029374999999999984 0.07646300000000003
0 0.47375 0.278798776119403 0.03187499999999999 0.08363200000000003
0 0.4884765625 0.19300641791044776 0.03437499999999999 0.06451599999999999
0 0.58375 0.17261411940298507 0.03125 0.08960499999999999
0 0.664375 0.16089576119402985 0.03187499999999999 0.07287900000000001
0 0.7235546875 0.18030544776119406 0.03750000000000009 0.08841099999999996
0 0.86703125 0.19703244776119402 0.04062500000000002 0.08841100000000002
