0 0.033203125 0.7286811290322581 0.0675 0.1294560000000001
0 0.1365625 0.6095991994134898 0.07999999999999999 0.10881799999999996
0 0.2216796875 0.8398016744868037 0.13124999999999998 0.22138799999999995
0 0.2487109375 0.5890713401759531 0.04625000000000001 0.069418
0 0.24828125 0.5127316862170088 0.03999999999999998 0.05065699999999998
0 0.320625 0.46371458357771256 0.03125 0.039400000000000046
0 0.3400390625 0.4441331348973608 0.01874999999999999 0.04690399999999996
0 0.396875 0.49308675659824047 0.03250000000000003 0.030019000000000007
0 0.4283984375 0.44266685923753674 0.02999999999999997 0.04315199999999992
0 0.4703515625 0.5061096158357771 0.03375 0.07317100000000001
0 0.5169921875 0.4601986862170089 0.022500000000000075 0.0506569999999999
0 0.628671875 0.4760281348973607 0.028750000000000053 0.045027999999999985
0 0.7308203125 0.5485056480938416 0.057499999999999996 0.10506500000000002
0 0.7605078125 0.6711659560117302 0.04125000000000001 0.14071300000000003
0 0.8017578125 0.4723386158357771 0.04125000000000001 0.07317100000000001
0 0.85609375 0.5079856158357772 0.05500000000000005 0.07129499999999996
0 0.9419140625 0.6811471231671554 0.11250000000000004 0.21576
