0 0.015267175572519083 0.44846356249999997 0.0325 0.034548999999999996
0 0.4961832061068702 0.4742214375 0.9925 0.90499
0 0.08988549618320611 0.86377575 0.13125 0.11804300000000001
0 0.16401717557251907 0.404301 0.03250000000000002 0.03262900000000002
0 0.19263358778625952 0.47917356250000004 0.01625000000000001 0.033588999999999924
0 0.24959605597964377 0.8747858749999999 0.09874999999999998 0.0604610000000001
0 0.28151717557251904 0.38983775 0.03125 0.023992000000000013
0 0.37020038167938935 0.672020875 0.02499999999999997 0.02783100000000005
0 0.40944020356234095 0.8440593125 0.08125000000000002 0.05758199999999991
0 0.5190617048346056 0.7929594375 0.03625000000000001 0.030710000000000015
0 0.5327449109414758 0.5069704375 0.029999999999999978 0.029750999999999972
0 0.7765394402035624 0.6528775625000001 0.0337499999999999 0.03454899999999994
0 0.8170069974554708 0.818198 0.08749999999999997 0.06333999999999995
0 0.8677671755725191 0.5558306249999999 0.03125 0.02111300000000005
0 0.8676781170483461 0.3389065 0.02249999999999993 0.016315000000000024
