0 0.0498046875 0.3573565194805195 0.1 0.29075799999999996
0 0.1984375 0.4864757012987013 0.10999999999999999 0.15368599999999993
0 0.1801171875 0.03752777922077922 0.021875000000000006 0.059190000000000006
0 0.197109375 0.06575589610389611 0.012499999999999983 0.044652
0 0.227890625 0.08535414285714286 0.020624999999999977 0.038422
0 0.284375 0.28711172727272727 0.09437499999999999 0.20664599999999997
0 0.2507421875 0.08308702597402597 0.021875000000000033 0.05503700000000001
0 0.320625 0.10249515584415583 0.03125 0.064382
0 0.4793359375 0.3557654545454545 0.07687499999999997 0.15991700000000003
0 0.4615625 0.05880876623376624 0.015625 0.035307
0 0.5315234375 0.07945903896103895 0.030625000000000013 0.07995899999999999
0 0.6155078125 0.3703758441558441 0.073125 0.19003100000000006
0 0.641484375 0.15389014285714284 0.013125000000000053 0.038422000000000026
0 0.7213671875 0.3000123246753247 0.08562500000000006 0.150572
0 0.687734375 0.01461038961038961 0.011874999999999969 0.031152999999999993
0 0.6909375 0.12079189610389611 0.016874999999999973 0.042575999999999996
0 0.772578125 0.5253372987012986 0.06812499999999999 0.09968800000000007
0 0.881640625 0.2419337142857143 0.08374999999999999 0.18068499999999996
