0 0.0597265625 0.44691493265007315 0.034375 0.044090000000000094
0 0.148671875 0.5629393191800879 0.027499999999999997 0.05347099999999999
0 0.21109375 0.16601506149341144 0.024375000000000008 0.04784299999999997
0 0.321640625 0.16180703074670572 0.020625000000000004 0.02439000000000001
0 0.32609375 0.23531980380673498 0.02437499999999998 0.04315199999999999
0 0.391171875 0.1861970307467057 0.02812500000000001 0.025328000000000003
0 0.4371484375 0.08023719033674963 0.030625000000000013 0.050657000000000015
0 0.438515625 0.26398793265007325 0.020625000000000004 0.04596699999999997
0 0.46734375 0.16203454612005858 0.02437499999999998 0.036585999999999994
0 0.5451953125 0.41032993265007317 0.02562500000000001 0.04409000000000001
0 0.762734375 0.14841957686676427 0.012500000000000067 0.05909899999999997
0 0.9482421875 0.05355931918008785 0.021874999999999978 0.05534699999999999
0 0.9801171875 0.1902217057101025 0.021874999999999978 0.06379000000000003
0 0.9894140625 0.150891803806735 0.018750000000000044 0.042213999999999974
