0 0.0493994606741573 0.644921875 0.019785 0.02749999999999997
0 0.07058895505617978 0.69609375 0.02428 0.02375000000000005
0 0.09166646067415732 0.6546875 0.01978399999999999 0.016874999999999973
0 0.19349734831460672 0.8684765625 0.07823700000000003 0.06499999999999995
0 0.21076496629213484 0.650859375 0.01888499999999997 0.011874999999999969
0 0.3128894606741573 0.6565234375 0.019784 0.030625000000000013
0 0.495887415730337 0.365 0.044065000000000076 0.03250000000000003
0 0.6108844269662921 0.6733203125 0.03687000000000008 0.02562500000000001
0 0.7227384831460674 0.6615234375 0.00989199999999996 0.02937500000000004
0 0.8094538988764045 0.669140625 0.052157999999999954 0.05124999999999991
0 0.8274893483146067 0.86125 0.07823800000000004 0.12687500000000007
0 0.8450404831460674 0.677421875 0.00989200000000012 0.02750000000000008
0 0.9045044719101124 0.6613671875 0.015287999999999947 0.021874999999999978
0 0.9882484606741572 0.65765625 0.020684000000000098 0.03937499999999994
