0 0.062265625 0.27734375 0.020624999999999998 0.05666700000000002
0 0.0954296875 0.2990621666666667 0.037500000000000006 0.03749999999999998
0 0.2 0.27770866666666666 0.03125 0.053333
0 0.2217578125 0.39270866666666665 0.04249999999999998 0.053333
0 0.2475390625 0.28005175 0.01812500000000003 0.025833999999999985
0 0.2503125 0.2682291666666667 0.01687500000000003 0.03749999999999998
0 0.356015625 0.28234375 0.020625000000000004 0.05583299999999999
0 0.41796875 0.358125 0.023749999999999993 0.03249999999999997
0 0.5253125 0.3388024166666667 0.015625 0.045000000000000005
0 0.5883203125 0.3133333333333333 0.025624999999999898 0.041667000000000044
0 0.6775390625 0.41838574999999995 0.018125000000000058 0.025832999999999995
0 0.7833203125 0.330625 0.026249999999999996 0.03249999999999997
0 0.7922265625 0.327292 0.03374999999999995 0.03249999999999994
