0 0.0937109375 0.18828091666666666 0.04500000000000001 0.06249999999999998
0 0.1017578125 0.5278645833333333 0.042499999999999996 0.080833
0 0.177578125 0.3524479166666667 0.036250000000000004 0.05999999999999998
0 0.2075390625 0.722083 0.050625 0.06333400000000007
0 0.23390625 0.5341666666666667 0.04000000000000001 0.08416700000000003
0 0.261953125 0.3277086666666667 0.03562500000000002 0.053332999999999964
0 0.3348046875 0.3764065833333334 0.03750000000000003 0.04999999999999997
0 0.3486328125 0.5532809166666667 0.04249999999999998 0.06083399999999998
0 0.4385546875 0.33140658333333334 0.03750000000000003 0.05166599999999999
0 0.4542578125 0.5438541666666666 0.04124999999999995 0.06833299999999998
0 0.494453125 0.3546354166666667 0.03687500000000005 0.045000000000000005
0 0.527890625 0.7402604166666666 0.051875000000000004 0.07583299999999997
0 0.5758203125 0.3665621666666667 0.026874999999999982 0.03750000000000001
0 0.5836328125 0.5226562499999999 0.04125000000000001 0.070833
0 0.678125 0.3841663333333334 0.03249999999999997 0.04333399999999991
0 0.6899609375 0.7374479166666666 0.04562500000000003 0.06083299999999999
0 0.7048828125 0.544583 0.04250000000000009 0.063334
0 0.7822265625 0.38786424999999997 0.03500000000000003 0.040000000000000036
0 0.8035546875 0.5497395833333334 0.03874999999999995 0.051666999999999984
0 0.8694921875 0.72375 0.05312499999999998 0.06499999999999995
0 0.868671875 0.35890658333333336 0.028750000000000053 0.04999999999999997
0 0.9330859375 0.5553128333333334 0.04625000000000001 0.05750000000000003
