0 0.1390625 0.3036077306002928 0.04874999999999999 0.17823600000000003
0 0.1825390625 0.3626453499267936 0.05000000000000002 0.076923
0 0.22859375 0.3259720307467057 0.02437499999999998 0.026266000000000022
0 0.238046875 0.38522944802342607 0.02812500000000001 0.05628499999999996
0 0.2625390625 0.368527803806735 0.01937500000000003 0.04315200000000007
0 0.3201171875 0.3462413191800878 0.022499999999999964 0.05534800000000004
0 0.4238671875 0.34999431918008783 0.023125000000000007 0.05347100000000003
0 0.5795703125 0.34290119033674965 0.02562500000000001 0.051594999999999995
0 0.70671875 0.3250781903367496 0.024375000000000036 0.05065600000000001
0 0.7895703125 0.3616631903367496 0.02562500000000001 0.052532999999999976
0 0.8589453125 0.3522821903367497 0.026875000000000093 0.05159499999999995
0 0.9251953125 0.322561803806735 0.02562500000000001 0.04221400000000006
0 0.9584765625 0.2962247057101025 0.03374999999999995 0.061914
