0 0.1154296875 0.25 0.03749999999999999 0.06458299999999999
0 0.12695362500000001 0.3166663333333333 0.020311999999999997 0.043749999999999956
0 0.178516125 0.5197913333333334 0.067187 0.13749999999999996
0 0.27578074999999996 0.2617184166666667 0.023438000000000014 0.04583400000000004
0 0.44589893750000004 0.2731770833333333 0.014061999999999963 0.03541700000000003
0 0.47128956250000004 0.4281253333333333 0.03437399999999996 0.07500000000000002
0 0.4869140625 0.229167 0.04999999999999993 0.06458300000000002
0 0.5470703125 0.35364616666666665 0.057813 0.10000000000000002
0 0.6857426875 0.35338575 0.03906200000000004 0.08749999999999998
0 0.9005864374999999 0.594792 0.06093700000000013 0.15833300000000014
0 0.9851557500000001 0.4611979166666667 0.02500099999999983 0.06041699999999994
