0 0.09964843749999999 0.2982610992167102 0.12375 0.29490400000000005
0 0.223125 0.46888366057441255 0.033125000000000016 0.05346699999999997
0 0.2579296875 0.46794269451697124 0.03875000000000001 0.047619000000000085
0 0.3194921875 0.3941162532637076 0.05437499999999995 0.115288
0 0.326953125 0.3979260078328982 0.03562499999999996 0.07685899999999998
0 0.6133984375 0.4104570078328981 0.030625000000000013 0.07769400000000005
0 0.6299609375 0.4929568041775457 0.04625000000000001 0.10860499999999997
0 0.713046875 0.38586721932114887 0.09000000000000008 0.12113600000000004
0 0.8540234375 0.41714100783289815 0.030000000000000027 0.07602300000000005
0 0.936875 0.3854029216710182 0.125 0.24310800000000005
