0 0.25765625000000003 0.6648859416909622 0.071875 0.13059700000000007
0 0.34421875 0.7001543411078718 0.02437499999999998 0.05223900000000002
0 0.401640625 0.7234779562682215 0.05250000000000005 0.09794799999999997
0 0.4753515625 0.7996765189504375 0.03437499999999999 0.059701999999999776
0 0.54140625 0.6898364227405248 0.040000000000000036 0.07089499999999997
0 0.6051171875 0.6805653411078718 0.023125000000000062 0.05223799999999998
0 0.6825 0.7365974897959183 0.06437499999999996 0.125
0 0.82625 0.7049953265306121 0.03187499999999999 0.08209
0 0.8619921875 0.6518207113702623 0.02187500000000009 0.03544800000000005
0 0.8670703125 0.6406267113702624 0.02562500000000001 0.03638099999999997
0 0.8968359375 0.738694778425656 0.04500000000000004 0.08768599999999994
0 0.92578125 0.6678556967930029 0.04062500000000002 0.069963
0 0.9549609375 0.620746889212828 0.015000000000000013 0.04570900000000003
