0 0.1462890625 0.293333 0.08062500000000002 0.125834
0 0.247265625 0.29578125 0.05125000000000002 0.10333300000000001
0 0.2891796875 0.31098925 0.03749999999999998 0.07250000000000001
0 0.36609375 0.26380241666666665 0.025000000000000022 0.04666600000000002
0 0.44234375 0.2868229166666667 0.023749999999999993 0.02916699999999998
0 0.4719140625 0.3634378333333334 0.050624999999999976 0.09083299999999994
0 0.500625 0.25916633333333333 0.03249999999999997 0.04416699999999999
0 0.5223828125 0.32807258333333333 0.04250000000000009 0.051666999999999984
0 0.5883203125 0.298125 0.025624999999999898 0.03333299999999998
0 0.6330859375 0.4216149166666667 0.04625000000000001 0.05999999999999998
0 0.691484375 0.38348925 0.04312499999999997 0.07250000000000001
0 0.696875 0.2768229166666667 0.03125 0.02916699999999998
0 0.7639453125 0.31171908333333337 0.026874999999999982 0.06749999999999996
0 0.7993359375 0.35859341666666666 0.04562500000000003 0.07583400000000003
0 0.8740625 0.3861461666666666 0.04749999999999999 0.10083300000000002
