0 0.1375 0.2862194926253687 0.06375000000000001 0.10292699999999999
0 0.209453125 0.28091323008849556 0.036250000000000004 0.07176499999999998
0 0.269765625 0.32617571386430677 0.05125000000000002 0.09253999999999996
0 0.3475 0.29673152507374634 0.03187500000000004 0.06137899999999999
0 0.38578125 0.3428221563421829 0.03999999999999998 0.075543
0 0.44875 0.30682230383480824 0.03187500000000004 0.06987700000000001
0 0.5037109375 0.34158093510324483 0.044999999999999984 0.08309800000000003
0 0.583125 0.29378167256637167 0.03187499999999999 0.055713000000000006
0 0.6205859375 0.4190129351032449 0.04499999999999993 0.08309699999999999
0 0.6937109375 0.36253530383480825 0.04500000000000004 0.06798900000000004
0 0.6955078125 0.4663437876106195 0.04125000000000001 0.09065199999999994
0 0.7519140625 0.5150788702064897 0.08124999999999993 0.167139
0 0.7666796875 0.35498130383480825 0.038124999999999964 0.067988
0 0.7996875 0.4050826401179941 0.04874999999999996 0.09442900000000004
0 0.9369140625 0.4673974601769912 0.08187500000000003 0.1416429999999999
