0 0.1919140625 0.63546875 0.050625 0.08749999999999998
0 0.2690234375 0.6977083333333334 0.09312499999999999 0.13666699999999996
0 0.3117578125 0.535417 0.041874999999999996 0.06416599999999995
0 0.3838671875 0.62078125 0.05437500000000001 0.10166699999999995
0 0.4425390625 0.53765625 0.049375 0.07250000000000001
0 0.4512890625 0.47802083333333334 0.018125000000000002 0.027500000000000007
0 0.491875 0.5030725833333333 0.03250000000000003 0.04999999999999997
0 0.7009375 0.5536975833333334 0.046875 0.08083399999999992
0 0.6945703125 0.48453125 0.026874999999999982 0.040832999999999973
0 0.7285546875 0.6481246666666666 0.07000000000000006 0.11666700000000008
0 0.7262890625 0.45588575000000003 0.01937499999999992 0.024165999999999983
0 0.7444140625 0.4632815833333333 0.01937500000000003 0.020832999999999952
0 0.8030078125 0.5125520833333334 0.04125000000000001 0.06750000000000005
0 0.876015625 0.58875 0.051875000000000004 0.06416700000000002
