0 0.3666015625 0.023333333333333334 0.03500000000000003 0.041667
0 0.410703125 0.18875 0.036250000000000004 0.06333299999999997
0 0.458828125 0.14505208333333333 0.036250000000000004 0.0675
0 0.4921484375 0.14078091666666667 0.03062500000000007 0.06166699999999999
0 0.5058984375 0.21843749999999998 0.029374999999999984 0.049166999999999995
0 0.6028515625 0.17067675000000002 0.03499999999999992 0.05499999999999999
0 0.6803515625 0.18859341666666665 0.09687500000000004 0.20166699999999996
0 0.7965234375 0.1551045 0.030625000000000013 0.048332999999999994
0 0.808828125 0.5083850833333333 0.036250000000000004 0.0674999999999999
0 0.834296875 0.2126045 0.028124999999999956 0.04750000000000002
0 0.846328125 0.3578128333333333 0.036250000000000004 0.05749999999999996
0 0.883984375 0.477917 0.043749999999999956 0.06333300000000001
0 0.896875 0.149583 0.03187499999999999 0.06500000000000002
0 0.938203125 0.32494791666666667 0.03562500000000002 0.05999999999999998
0 0.9568359375 0.5219274166666666 0.04562500000000003 0.07750000000000005
0 0.9776953125 0.1997395833333333 0.02562500000000001 0.050000000000000044
