0 0.0185546875 0.45154558333333333 0.038333 0.11333300000000006
0 0.0707939375 0.2576038333333333 0.046667 0.09111100000000001
0 0.1949873125 0.42979133333333336 0.058332999999999996 0.07333400000000001
0 0.2007939375 0.3066494166666667 0.046667000000000014 0.07777799999999997
0 0.33033887500000003 0.7622744166666666 0.02833299999999994 0.10888900000000001
0 0.37171875 0.24527733333333335 0.025000000000000022 0.042222999999999976
0 0.4024609375 0.46442741666666665 0.044999999999999984 0.07555500000000004
0 0.412578125 0.23914908333333332 0.036667000000000005 0.035556
0 0.5971748125 0.2897913333333333 0.04166599999999998 0.07333400000000001
0 0.609817375 0.5029687500000001 0.043333999999999984 0.08666699999999998
0 0.6443623125 0.5139231666666667 0.026665999999999968 0.09999999999999994
0 0.7021748125 0.24871483333333333 0.04166599999999998 0.088889
0 0.7924609375 0.23093783333333331 0.046667000000000014 0.088889
0 0.8016533125 0.7197392499999999 0.05666699999999991 0.13333400000000006
0 0.8097001875 0.31315983333333336 0.053334000000000104 0.09111100000000001
0 0.8763154375 0.26887141666666664 0.030000000000000027 0.07555600000000003
0 0.9263671875 0.3127776666666667 0.053332999999999964 0.08444499999999999
