0 0.14438136363636364 0.7680859375 0.20954599999999995 0.04562500000000003
0 0.14134663636363637 0.6903515625 0.11408599999999999 0.06500000000000006
0 0.333783 0.1855859375 0.16181700000000004 0.076875
0 0.34652336363636366 0.5660546875 0.13038399999999997 0.07000000000000006
0 0.35816536363636364 0.87078125 0.128055 0.07187500000000002
0 0.4036450909090909 0.355234375 0.10477300000000003 0.044375
0 0.5251471818181819 0.552109375 0.12456400000000005 0.07499999999999996
0 0.4886401818181818 0.4383203125 0.04423700000000002 0.02562500000000001
0 0.5050038181818182 0.3226953125 0.076833 0.05812499999999998
0 0.5286401818181818 0.8617578125 0.12456300000000003 0.07374999999999998
0 0.5287310000000001 0.434140625 0.04074500000000006 0.020000000000000018
0 0.5879586363636363 0.4508203125 0.034923999999999955 0.02562500000000001
0 0.6190898181818182 0.32578125 0.07683400000000006 0.07187499999999997
0 0.6118958181818183 0.4275390625 0.03841599999999992 0.019374999999999976
0 0.7085723636363636 0.623125 0.13038400000000003 0.09562499999999996
0 0.6702461818181819 0.4225 0.04423799999999997 0.03125
0 0.7269893636363637 0.5374609375 0.08847499999999989 0.04562500000000003
0 0.8809310000000001 0.2436328125 0.16181599999999993 0.10437500000000002
0 0.8806432727272727 0.4220703125 0.14901100000000023 0.08875
0 0.874037818181818 0.5257421875 0.07683300000000011 0.05437499999999995
0 0.907288 0.6034765625 0.08032499999999997 0.06499999999999995
