0 0.044140625 0.8207717573131095 0.08374999999999999 0.10818299999999995
0 0.2246875 0.6655186045503793 0.07999999999999999 0.11095700000000003
0 0.26109375 0.8558779934994583 0.08625 0.12829400000000007
0 0.25773437499999996 0.5686945904658722 0.043125 0.054785000000000056
0 0.3321875 0.6200125904658722 0.04812499999999997 0.05478499999999987
0 0.439453125 0.870139639219935 0.06812499999999999 0.09570000000000012
0 0.569921875 0.6706784030335861 0.05874999999999997 0.07420200000000007
0 0.5901171875 0.8136222502708558 0.053750000000000075 0.07905600000000004
0 0.6273828125 0.5217102849404117 0.041874999999999996 0.06310699999999997
0 0.702734375 0.7164033683640304 0.04437499999999994 0.0908459999999999
0 0.7218359375 0.804952639219935 0.04625000000000001 0.09639299999999998
0 0.7853515625 0.27941785482123516 0.03437499999999993 0.18862600000000002
