0 0.014765625000000001 0.26119825 0.020624999999999998 0.04
0 0.0489453125 0.2588024166666667 0.025625000000000002 0.044999999999999964
0 0.13796875 0.25859408333333334 0.024375000000000008 0.034165999999999995
0 0.1650390625 0.2294270833333333 0.019375000000000003 0.034167000000000024
0 0.2356640625 0.24968783333333336 0.018125000000000002 0.02749999999999993
0 0.3901171875 0.24369825 0.023125000000000007 0.04166599999999998
0 0.4935546875 0.6057809166666667 0.03875000000000006 0.05999999999999998
0 0.589453125 0.25057325 0.0050000000000000044 0.009165999999999971
0 0.62375 0.5814065833333334 0.03125 0.04999999999999997
0 0.65453125 0.24572916666666667 0.009375000000000022 0.03666699999999997
0 0.719765625 0.5500003333333333 0.020625000000000004 0.04333299999999999
0 0.8147265625 0.5938541666666667 0.03375000000000006 0.06916699999999998
0 0.860546875 0.23109408333333334 0.02749999999999997 0.035833000000000004
