0 0.0068359375 0.3193706023391813 0.014375 0.10018700000000004
0 0.11484375 0.6855083099415205 0.1175 0.17415700000000006
0 0.1759375 0.9511626491228071 0.140625 0.0898879999999998
0 0.147734375 0.16096673099415207 0.074375 0.06928799999999999
0 0.20796875 0.7856302280701755 0.0875 0.19382000000000008
0 0.205078125 0.02046783625730994 0.06687499999999999 0.041199
0 0.27457031249999997 0.24548220467836257 0.08937500000000001 0.19943899999999998
0 0.3315625 0.8860471812865496 0.14187500000000003 0.2069290000000002
0 0.4032421875 0.32183467251461984 0.023125000000000007 0.08239700000000003
0 0.5100390625 0.09241748538011696 0.050000000000000044 0.13015000000000002
0 0.5683984375 0.3669590643274854 0.12437500000000001 0.23408199999999996
0 0.6484765625 0.41927875438596496 0.03500000000000003 0.06366999999999998
0 0.7115625 0.9242234152046783 0.140625 0.14794000000000002
0 0.68421875 0.4540704385964912 0.05500000000000005 0.14044999999999996
0 0.76875 0.5763194269005847 0.06437499999999996 0.14606700000000009
0 0.81046875 0.7212531812865498 0.08625000000000005 0.20505600000000002
0 0.92171875 0.24370866081871342 0.08687499999999992 0.08707900000000005
0 0.932734375 0.43833349707602337 0.07562499999999994 0.12640499999999993
0 0.915625 0.553288730994152 0.03312499999999996 0.06835200000000001
0 0.9798046875 0.21197145029239767 0.038124999999999964 0.13764099999999996
