0 0.06859375 0.303591045751634 0.08625000000000001 0.14058499999999996
0 0.1556640625 0.32556177124183006 0.04999999999999999 0.10878600000000001
0 0.230625 0.3011297516339869 0.09375000000000003 0.16234300000000004
0 0.2771484375 0.3360242549019608 0.030625000000000013 0.087866
0 0.3292578125 0.30856233986928105 0.073125 0.11548099999999999
0 0.3933203125 0.33806406535947714 0.026874999999999982 0.08451900000000001
0 0.42984375 0.30578394117647056 0.08749999999999997 0.16569000000000003
0 0.5059374999999999 0.2815765816993464 0.04750000000000004 0.10460200000000001
0 0.56515625 0.297995477124183 0.07187500000000002 0.132218
0 0.67546875 0.33173090849673204 0.08750000000000002 0.12384899999999996
0 0.77859375 0.32383806535947707 0.05625000000000002 0.08451900000000001
0 0.8192578125 0.23643728758169932 0.0737500000000001 0.12887
0 0.900234375 0.2965242679738562 0.10687499999999994 0.1841
0 0.9816015625 0.23878923529411766 0.034375000000000044 0.14309599999999997
