0 0.0146484375 0.12181080380673501 0.030625 0.042213999999999974
0 0.0478515625 0.5135284363103952 0.096875 0.239212
0 0.0268359375 0.0824819019033675 0.014375000000000002 0.021575999999999984
0 0.12828125 0.4075773133235725 0.07062500000000001 0.14634100000000003
0 0.1324609375 0.10259377306002927 0.013750000000000012 0.018761000000000014
0 0.218671875 0.43638563836017563 0.060000000000000026 0.10788000000000005
0 0.348125 0.6504894363103954 0.125625 0.23827400000000004
0 0.4426171875 0.42997705563689603 0.08499999999999996 0.13789900000000002
0 0.56125 0.2792254480234261 0.03312499999999996 0.057223000000000024
0 0.6203125 0.2439384421669107 0.078125 0.148217
0 0.75765625 0.23657363836017567 0.07062499999999994 0.10787999999999998
