0 0.4995703125 0.10469421311475409 0.994167 0.16783199999999998
0 0.04473925 0.12478544262295083 0.009167000000000002 0.03496499999999998
0 0.0486455 0.12538680327868854 0.015833999999999994 0.04370600000000001
0 0.193932625 0.14552034426229507 0.02083299999999999 0.054196000000000015
0 0.249192375 0.1638488032786885 0.01333400000000004 0.04370600000000001
0 0.317004875 0.47894914754098367 0.029167 0.09440600000000002
0 0.32936231250000003 0.4908859672131147 0.025832999999999995 0.09265800000000002
0 0.3353125 0.2600598852459016 0.015832999999999986 0.06643299999999996
0 0.3493623125 0.5156050655737704 0.025832999999999995 0.06993000000000002
0 0.4965751875 0.8793424590163934 0.14750000000000002 0.23776199999999997
0 0.4478125 0.11489780327868852 0.015832999999999986 0.04195800000000003
0 0.4663154375 0.42445296721311476 0.030000000000000027 0.09265699999999992
0 0.9032158125 0.06739362295081966 0.01083400000000001 0.040209999999999996
0 0.9224091875 0.08378706557377048 0.023333000000000048 0.06992999999999999
