0 0.1007645 0.09138112500000001 0.07872399999999999 0.09787299999999999
0 0.0926739375 0.5453413125 0.046808 0.057447000000000026
0 0.1254948125 0.8012174375 0.07233999999999999 0.09361700000000006
0 0.176454625 0.371676 0.051064 0.06382900000000002
0 0.1855924375 0.1071475 0.06170199999999998 0.07872399999999999
0 0.266198875 0.791763375 0.09148899999999999 0.13829800000000003
0 0.46131606250000007 0.7581408125 0.08085099999999995 0.10425499999999999
0 0.48451168749999995 0.4003115625 0.038298000000000054 0.06595800000000002
0 0.5454455 0.746700125 0.07872299999999999 0.09787299999999999
0 0.5225316249999999 0.038855125000000004 0.0212770000000001 0.03617000000000001
0 0.57059525 0.4490736875 0.040425000000000044 0.07021200000000005
0 0.7317364375000001 0.480809125 0.12340399999999996 0.19149
0 0.7845116875 0.8060667499999999 0.038298000000000054 0.055320000000000036
0 0.868883 0.49001862500000004 0.12553199999999998 0.17659499999999995
0 0.8336225625 0.7052650625 0.034042999999999934 0.04893599999999998
0 0.8452381250000001 0.0793843125 0.03616999999999981 0.057447
0 0.904812125 0.06351375000000001 0.036170000000000146 0.055319
