0 0.017578125 0.41985996339677895 0.036649 0.06907400000000002
0 0.10434824999999999 0.40206360761347 0.039790000000000006 0.08477199999999999
0 0.11929000000000001 0.23033044802342606 0.031414 0.05651500000000002
0 0.22476725 0.4972962518301611 0.03979000000000002 0.09733099999999995
0 0.275170125 0.3524618345534407 0.03560200000000002 0.06593400000000002
0 0.3532100625 0.599426055636896 0.049214000000000035 0.13814800000000005
0 0.4147893125 0.30986409224011713 0.026178000000000035 0.07221400000000003
0 0.43976787500000003 0.7400788286969254 0.058639 0.15698599999999996
0 0.487735125 0.4144108653001464 0.0366490000000001 0.08791200000000003
0 0.5067954375 0.2651840614934114 0.030366000000000004 0.04709600000000002
0 0.5388328125 0.5206325095168375 0.04293199999999997 0.10518000000000001
0 0.6492623125 0.6686059267935578 0.05759199999999998 0.135008
0 0.6489216875 0.4321023499267935 0.03769599999999995 0.07849200000000005
0 0.679499 0.3446128345534407 0.03246100000000007 0.06593399999999998
0 0.7334559374999999 0.5940988960468521 0.04607300000000014 0.11302899999999998
0 0.73423175 0.38784480380673503 0.024084000000000105 0.042386000000000035
0 0.7714346875 0.44811796339677895 0.03769600000000006 0.06907299999999997
0 0.8053653125 0.29323031918008785 0.027225000000000055 0.054945000000000035
0 0.8822878124999999 0.5891771537335285 0.04293200000000019 0.11774000000000011
0 0.8797113125 0.2630857057101025 0.027224999999999944 0.06279399999999997
0 0.9296905624999999 0.3299554787701317 0.03350799999999998 0.08006300000000005
0 0.961516625 0.48085715373352855 0.05130900000000005 0.119309
