0 0.0303515625 0.7747395833333334 0.03375 0.051666999999999984
0 0.1259765625 0.79984375 0.03375 0.05666700000000002
0 0.15234375 0.7701045 0.024375000000000008 0.048333000000000105
0 0.1576171875 0.6455725833333333 0.023125000000000007 0.050000000000000044
0 0.238046875 0.7933333333333333 0.028749999999999998 0.04249999999999998
0 0.248828125 0.8652086666666667 0.03562499999999996 0.05333299999999985
0 0.364375 0.8200520833333332 0.033125000000000016 0.06583300000000003
0 0.375625 0.7789579999999999 0.03125 0.03166700000000011
0 0.4089453125 0.8252600833333332 0.02562500000000001 0.03500000000000014
0 0.41046875 0.7632291666666666 0.02437499999999998 0.03750000000000009
0 0.45046875 0.7931767500000001 0.025000000000000022 0.05666700000000002
0 0.4973046875 0.8455211666666668 0.03874999999999995 0.06916599999999991
0 0.5147265624999999 0.8044788333333334 0.03375 0.05833400000000003
0 0.5396875 0.8213538333333332 0.016874999999999973 0.027500000000000153
0 0.556171875 0.7188024166666667 0.028125000000000067 0.046666000000000096
0 0.5626953125 0.8139065833333333 0.02562500000000001 0.05000000000000012
0 0.5665625 0.7740104166666666 0.016875000000000084 0.013333000000000114
0 0.7443359375 0.8119270833333334 0.014999999999999902 0.03416699999999991
0 0.764375 0.8288024166666667 0.03249999999999997 0.04499999999999993
0 0.8475 0.8952086666666667 0.03187499999999999 0.053333
0 0.8513671875 0.79703125 0.023125000000000062 0.040000000000000036
0 0.8863671875 0.8226559166666666 0.023125000000000062 0.030834000000000177
0 0.89875 0.7910940833333333 0.03125 0.03416599999999992
0 0.9277734375 0.83703125 0.030625000000000013 0.03916699999999995
0 0.94125 0.8936458333333333 0.03249999999999997 0.05750000000000011
0 0.9900390625 0.8468746666666668 0.018125000000000058 0.05333399999999999
