0 0.0391015625 0.5363487672035139 0.03375 0.10975599999999999
0 0.0773046875 0.3919097057101025 0.038125000000000006 0.061914
0 0.1276953125 0.2708967057101025 0.026874999999999996 0.061914
0 0.1892578125 0.41096931918008783 0.04249999999999998 0.05347099999999999
0 0.3205859375 0.35621854612005854 0.01375000000000004 0.036586000000000035
0 0.3512109375 0.36623993265007326 0.01375000000000004 0.04596599999999996
0 0.394375 0.37003609224011713 0.03187500000000004 0.07223200000000002
0 0.412734375 0.3547544172767203 0.011875000000000024 0.03470899999999998
0 0.4670703125 0.2485670614934114 0.02562500000000001 0.04971800000000003
0 0.519140625 0.3419190307467057 0.020625000000000004 0.02345299999999998
0 0.538125 0.40234296339677894 0.03187499999999999 0.06754200000000006
