0 0.06343750000000001 0.4050520833333333 0.11124999999999999 0.19249999999999998
0 0.159609375 0.32822883333333336 0.07500000000000001 0.12083399999999996
0 0.3095703125 0.24531216666666666 0.05687500000000001 0.10000000000000002
0 0.3484765625 0.2165625 0.034375000000000044 0.07916700000000006
0 0.6587109375 0.2269274166666667 0.04562500000000003 0.075833
0 0.713359375 0.31546908333333334 0.07499999999999996 0.12916599999999998
0 0.7612890625 0.052968416666666664 0.018125000000000058 0.045000000000000005
0 0.8273828125 0.35744791666666664 0.10499999999999998 0.18583299999999994
0 0.8581640625 0.15072916666666666 0.018125000000000058 0.0375
0 0.8945703125 0.12640658333333332 0.026874999999999982 0.05166600000000001
0 0.9192578125 0.13489616666666668 0.011249999999999982 0.036666
0 0.9565625 0.170625 0.016874999999999973 0.03250000000000001
0 0.9681640625 0.13656216666666665 0.018125000000000058 0.036667000000000005
