0 0.0927730625 0.4814458125 0.08105500000000002 0.10449199999999997
0 0.0888676875 0.6865231875000001 0.070312 0.08496099999999995
0 0.111328 0.88281225 0.064453 0.10156300000000007
0 0.232422 0.1855469375 0.126953 0.16992199999999996
0 0.4619144375 0.1230464375 0.12304699999999996 0.155274
0 0.445312 0.8691404375 0.0625 0.0917969999999999
0 0.4716798125 0.2714845 0.10351599999999994 0.142578
0 0.464844 0.5000000625 0.0625 0.08105499999999999
0 0.680663875 0.6894534999999999 0.15332 0.1728510000000001
0 0.690429375 0.10449175000000001 0.042969000000000035 0.05468799999999997
0 0.745117125 0.8710935 0.06835899999999995 0.078125
0 0.7753905625 0.0332026875 0.035155999999999965 0.038086
0 0.8476560625 0.35839831250000004 0.04980499999999988 0.05664099999999994
0 0.8681639999999999 0.041015375 0.0625 0.074219
0 0.9257810625 0.899414125 0.14453099999999997 0.19238300000000008
0 0.9433595625 0.105468375 0.06640599999999997 0.04296900000000001
