0 0.168828125 0.4168753333333333 0.004375000000000018 0.01250000000000003
0 0.245859375 0.43619825000000007 0.04375000000000001 0.041665999999999905
0 0.3682421875 0.3355729166666667 0.11625000000000002 0.21666700000000005
0 0.5296484375 0.3604166666666666 0.09187500000000004 0.14833300000000002
0 0.6918359375 0.43421875000000004 0.014374999999999916 0.024166999999999977
0 0.69328125 0.4315104166666666 0.009375000000000022 0.01416700000000004
0 0.7487109375 0.4211455 0.014375000000000027 0.015833999999999977
0 0.7506640625 0.46171875 0.018125000000000058 0.024166999999999977
0 0.8559375 0.39921875 0.01749999999999996 0.025832999999999995
0 0.870234375 0.58171875 0.013124999999999942 0.024166999999999977
0 0.87328125 0.5749475833333334 0.009375000000000022 0.020000000000000018
