0 0.0941796875 0.4420518619676946 0.038125000000000006 0.0677329999999999
0 0.125625 0.34063671806167406 0.033125 0.05550299999999994
0 0.1721484375 0.2754280044052863 0.029375000000000012 0.06208799999999999
0 0.2590234375 0.2974775756240823 0.030625000000000013 0.061147999999999945
0 0.32140625 0.4190612907488987 0.03999999999999998 0.07149599999999995
0 0.3307421875 0.269140718061674 0.023125000000000007 0.055504000000000005
0 0.4086328125 0.4788098604992657 0.041874999999999996 0.04985900000000009
0 0.4229296875 0.255970718061674 0.03875000000000001 0.053621999999999996
0 0.5371484375 0.2846062892804698 0.030625000000000013 0.05079900000000005
0 0.6466015625 0.40160086196769457 0.03374999999999995 0.06773300000000003
0 0.656796875 0.2890115756240822 0.028125000000000067 0.060206000000000065
0 0.7873046875 0.288896718061674 0.038124999999999964 0.05550299999999998
0 0.860703125 0.30477386049926575 0.03562500000000002 0.04797800000000002
0 0.9101171875 0.35275186049926577 0.02312499999999995 0.04891799999999998
0 0.9334765625 0.324644718061674 0.03500000000000003 0.054562000000000006
