0 0.15723958333333335 0.422109375 0.04999999999999999 0.044375
0 0.16432291666666665 0.4120703125 0.030000000000000027 0.02562500000000001
0 0.30572916666666666 0.344375 0.036667000000000005 0.03250000000000003
0 0.3104166666666666 0.34046875 0.02333300000000001 0.023749999999999993
0 0.3928125 0.0468359375 0.017499999999999998 0.015
0 0.4103125 0.005859375 0.016666999999999987 0.0125
0 0.4270836666666667 0.1315625 0.022499999999999964 0.016875
0 0.4444795000000001 0.022109375 0.01666599999999992 0.013124999999999998
0 0.4836455 0.6743359375 0.015833999999999977 0.015000000000000013
0 0.4953125 0.008359375 0.01583300000000006 0.011875
0 0.4994795 0.2805859375 0.015832999999999986 0.013749999999999984
0 0.5361454999999999 0.1315625 0.015834000000000053 0.016875
0 0.5466145833333332 0.0440625 0.020000000000000018 0.0175
0 0.59390625 0.0361328125 0.008332999999999998 0.010625000000000002
0 0.6228125 0.015234375 0.017499999999999998 0.013125
0 0.6636455 0.3415625 0.015833999999999904 0.015625
0 0.82088575 0.4126171875 0.02500000000000006 0.02250000000000002
0 0.9110413333333334 0.3240625 0.011666999999999947 0.04812500000000003
