0 0.032421875 0.7531255 0.028125 0.046875
0 0.0552729375 0.7404296875 0.015624999999999993 0.03749999999999998
0 0.073827625 0.7060541875 0.02031300000000001 0.021876000000000007
0 0.126562 0.75078075 0.032812999999999995 0.05625100000000005
0 0.19140675000000001 0.709765125 0.024999999999999994 0.035938000000000025
0 0.289063 0.7611328125 0.03281200000000001 0.042186999999999975
0 0.31191356249999996 0.9671879999999999 0.06562600000000007 0.0625
0 0.33242137499999996 0.8013671875 0.04375100000000004 0.05312499999999998
0 0.31953125 0.69296875 0.007813000000000014 0.025000000000000022
0 0.3740239375 0.696484875 0.014061999999999963 0.028124999999999956
0 0.4134765625 0.9539057500000001 0.06562500000000004 0.08750099999999983
0 0.421484375 0.68984375 0.012499999999999956 0.02343800000000007
0 0.45703125 0.73671875 0.04062500000000002 0.05468800000000007
0 0.487890625 0.7248051875 0.02031199999999994 0.02343700000000004
0 0.5076171875 0.690625 0.021875000000000033 0.03281199999999995
0 0.53046875 0.6599609375 0.02499999999999991 0.014063000000000048
0 0.5611323125 0.7234375 0.026563000000000003 0.04843800000000009
0 0.5736328125 0.8902338750000001 0.042186999999999975 0.05937599999999987
0 0.6669926875 0.775390625 0.03906200000000004 0.051562
0 0.6791020625 0.915625 0.049998999999999905 0.09375
0 0.6666010625 0.686328125 0.018750000000000044 0.035937
0 0.7263671875 0.783203125 0.05468700000000004 0.067187
0 0.726953625 0.667577625 0.020311999999999997 0.020313000000000025
0 0.7388671875 0.7005864375 0.02343699999999993 0.029686999999999908
0 0.7578125 0.6716791875 0.015625 0.021876000000000007
0 0.769921875 0.773437 0.028125000000000067 0.03125
0 0.7787114375 0.7216796875 0.029686999999999908 0.03749999999999998
0 0.8142573125 0.696484875 0.026563000000000003 0.028124999999999956
0 0.8833984375 0.9761713750000001 0.06093700000000002 0.04375099999999987
0 0.8611328125 0.6718745 0.010938000000000003 0.015625999999999918
0 0.8857421875 0.65546875 0.021874999999999978 0.02343799999999996
0 0.89453075 0.703515625 0.025000000000000022 0.020313000000000025
0 0.9130859375 0.662109375 0.014062999999999937 0.012499999999999956
0 0.9376958124999999 0.6505859375 0.010937000000000086 0.014061999999999908
0 0.9593754999999999 0.6390625 0.015625 0.01718799999999998
0 0.9859375 0.6697260625 0.015625 0.018750999999999962
0 0.9917963750000001 0.6505859375 0.012500999999999873 0.014061999999999908
