0 0.183984375 0.5424362878120411 0.011874999999999997 0.031043999999999995
0 0.212734375 0.531973430249633 0.012499999999999983 0.026339999999999936
0 0.2378515625 0.6553001483113069 0.03375 0.07714099999999986
0 0.25777343750000004 0.5765768619676945 0.029375000000000012 0.06773300000000007
0 0.2998828125 0.7817485800293686 0.073125 0.12135399999999989
0 0.3457421875 0.5647155741556535 0.021874999999999978 0.03856999999999998
0 0.3810546875 0.663354577092511 0.03812500000000002 0.08090300000000009
0 0.4283984375 0.5991548619676946 0.029374999999999984 0.0696139999999999
0 0.5062890625 0.5592544302496328 0.019374999999999976 0.026340999999999913
0 0.5573046875 0.6118664317180615 0.03750000000000009 0.04421500000000015
0 0.6000390625 0.5741225741556534 0.01937499999999992 0.03857000000000007
0 0.6288671875 0.6118664317180615 0.02312499999999995 0.046096000000000054
0 0.6309375 0.541495287812041 0.016249999999999987 0.03104400000000008
0 0.651015625 0.5714154317180618 0.020625000000000004 0.04609499999999999
0 0.6859375 0.4868184302496329 0.016874999999999973 0.02351800000000009
0 0.8525 0.7174108678414097 0.0625 0.15051800000000004
0 0.895859375 0.7486628634361234 0.043749999999999956 0.09030999999999989
