0 0.14750000000000002 0.1987930831643002 0.06374999999999999 0.19766
0 0.2158203125 0.3315393002028397 0.05687500000000001 0.16775000000000004
0 0.366640625 0.34699356592292085 0.020625000000000004 0.05851700000000007
0 0.3894921875 0.39006136105476674 0.023125000000000007 0.067621
0 0.4244140625 0.3358621683569979 0.019374999999999976 0.055917000000000064
0 0.4419921875 0.37965836105476675 0.021874999999999978 0.06632000000000002
0 0.493515625 0.3490219634888438 0.020625000000000004 0.06371900000000005
0 0.5419921875 0.3414799756592292 0.02312499999999995 0.04421400000000002
0 0.5532421875 0.3854329634888438 0.023125000000000062 0.06371900000000005
0 0.5894921875 0.37242896348884386 0.023125000000000062 0.06371899999999994
0 0.6144140625 0.4075389634888439 0.018750000000000044 0.06111799999999997
0 0.6444921875 0.33268856592292084 0.021874999999999978 0.05851800000000002
0 0.672890625 0.39411815618661256 0.020625000000000004 0.07542299999999999
0 0.71171875 0.3640533610547667 0.024375000000000036 0.06892099999999998
0 0.7331640625 0.33991896348884376 0.018125000000000058 0.062419000000000016
0 0.7776171875 0.31276575862068967 0.023125000000000062 0.071522
0 0.7957421875 0.3759131561866126 0.02312499999999995 0.07672300000000003
0 0.8551953125 0.31911296348884377 0.02562500000000001 0.063719
0 0.864921875 0.40493796348884387 0.028125000000000067 0.061118999999999986
0 0.9132421875 0.3750289634888438 0.023125000000000062 0.063719
0 0.9295703125 0.40493796348884387 0.026874999999999982 0.063719
