0 0.1446875 0.38857103649635033 0.047500000000000014 0.09990599999999995
0 0.25265625 0.25790305839416056 0.03937500000000002 0.08029900000000001
0 0.3009375 0.37030418248175184 0.04749999999999999 0.09897300000000003
0 0.341328125 0.3051149124087591 0.03562500000000002 0.084034
0 0.3588671875 0.5913037445255475 0.05437500000000001 0.10644199999999995
0 0.3905078125 0.3927652043795621 0.04249999999999998 0.07843099999999992
0 0.45328125 0.2300107664233577 0.03999999999999998 0.08496699999999999
0 0.493046875 0.5783504525547445 0.05874999999999997 0.11111100000000003
0 0.5016406250000001 0.31866074452554743 0.05124999999999996 0.10550900000000003
0 0.56640625 0.271264496350365 0.03937500000000005 0.072829
0 0.6434375 0.3621896204379562 0.04874999999999996 0.08963599999999994
0 0.6748828125 0.265780204379562 0.04249999999999998 0.07656400000000003
0 0.78796875 0.29251774452554746 0.05625000000000002 0.107376
