0 0.036133125 0.4304540248901904 0.068359 0.11712999999999994
0 0.16503875 0.45534399414348464 0.05468799999999999 0.09370399999999995
0 0.1650391875 0.46120060761347004 0.05371100000000001 0.08345499999999996
0 0.23828093749999998 0.5051243499267934 0.04687499999999997 0.07759900000000007
0 0.2402348125 0.5021964787701317 0.04296799999999995 0.08199100000000005
0 0.34960975 0.3748170248901903 0.056640000000000024 0.11566600000000003
0 0.470702875 0.36017537481698386 0.09082099999999999 0.19180100000000003
0 0.565429375 0.39677860761347 0.042969000000000035 0.08199200000000001
0 0.608398375 0.48755444216691063 0.07421899999999992 0.14641300000000004
0 0.6894528125 0.390922448023426 0.04101599999999994 0.05856499999999997
0 0.7441403125 0.4934113499267936 0.02539099999999994 0.07759900000000007
0 0.942382375 0.322108663250366 0.10644600000000004 0.22108300000000003
