0 0.0744921875 0.2822033291925466 0.05437499999999999 0.12003099999999997
0 0.0852734375 0.1286820807453416 0.061250000000000006 0.07631199999999999
0 0.086171875 0.44172648447204965 0.02750000000000001 0.04849000000000006
0 0.2033984375 0.40918383229813665 0.03 0.031000999999999997
0 0.3638671875 0.11824860869565217 0.05437499999999995 0.071542
0 0.4778515625 0.8142476211180124 0.06624999999999998 0.11287700000000003
0 0.48296875 0.12282144099378883 0.05624999999999997 0.10095399999999999
0 0.4928515625 0.6537229689440993 0.065 0.09618499999999992
0 0.7771484375 0.3677000124223603 0.02937500000000004 0.043719999999999974
0 0.889296875 0.2908952049689441 0.05937500000000007 0.09777500000000004
0 0.8909375 0.46895620496894413 0.04874999999999996 0.09697900000000004
0 0.9198046875 0.12416314906832299 0.06999999999999995 0.107313
