0 0.1083203125 0.8526604055636895 0.120625 0.21482099999999998
0 0.30796875 0.7501444480234261 0.02437499999999998 0.05628599999999989
0 0.3237109375 0.7483385461200586 0.014999999999999958 0.036586000000000035
0 0.376640625 0.9544199326500733 0.020625000000000004 0.044089999999999845
0 0.3962890625 0.775656803806735 0.01874999999999999 0.04221400000000006
0 0.4157421875 0.7741926749633967 0.02312499999999995 0.03846199999999999
0 0.4582421875 0.7754292884333821 0.021874999999999978 0.03095700000000004
0 0.5026953125 0.7533271595900438 0.026874999999999982 0.029081000000000006
0 0.5650390625 0.7319796749633968 0.01937500000000003 0.03846099999999993
0 0.5849609375 0.7376076749633967 0.014375000000000027 0.0403380000000001
0 0.6003125 0.9746450614934115 0.01749999999999996 0.04784300000000005
0 0.6232421875 0.7479266749633968 0.021874999999999978 0.040337999999999936
0 0.6463671875 0.9477386749633966 0.02312499999999995 0.038462000000000156
0 0.690390625 0.7010226749633968 0.020625000000000004 0.038461000000000016
0 0.7105859375 0.9867969019033674 0.014375000000000027 0.0225140000000002
0 0.7425 0.9727690614934115 0.03312499999999996 0.049719000000000006
0 0.7427734375 0.7284551903367497 0.030625000000000013 0.05159399999999999
0 0.7409375 0.7394836749633968 0.016874999999999973 0.040337999999999936
0 0.7682421875 0.7072910614934114 0.02187500000000009 0.04690400000000002
0 0.794140625 0.7311549326500734 0.020625000000000004 0.04596599999999988
0 0.8126953125 0.9418130614934115 0.026874999999999982 0.04690400000000002
0 0.8370703125 0.7367839326500734 0.02562500000000001 0.04408999999999993
0 0.8618359375 0.9598645768667642 0.01375000000000004 0.05909899999999993
0 0.88359375 0.9633890614934113 0.02375000000000005 0.04971800000000003
0 0.8874609375 0.7169696749633968 0.01375000000000004 0.040337999999999936
0 0.9140625 0.9361840614934115 0.016874999999999973 0.04690400000000002
0 0.9215625 0.7094656749633967 0.016875000000000084 0.04033700000000005
0 0.9876171875 0.8352829326500733 0.022499999999999964 0.045966000000000125
0 0.989140625 0.933255803806735 0.020000000000000018 0.04221399999999989
