0 0.3232421875 0.31055015959004395 0.023125000000000007 0.02720500000000001
0 0.337578125 0.39461044802342604 0.036250000000000004 0.05722299999999998
0 0.3476171875 0.20646731918008784 0.023125000000000007 0.053469999999999955
0 0.4002734375 0.5950186749633969 0.029374999999999984 0.04033799999999985
0 0.4358984375 0.1922820614934114 0.029374999999999984 0.047842000000000016
0 0.5146875 0.48315815959004393 0.015625 0.02720499999999997
0 0.556484375 0.4785824172767204 0.013124999999999942 0.03470899999999994
0 0.5925390625 0.48169403074670575 0.018125000000000058 0.02345200000000001
0 0.6396875 0.5292566383601757 0.04875000000000007 0.10694199999999998
0 0.7480078125 0.5471766749633968 0.010000000000000009 0.03846099999999993
0 0.7811328125 0.5528046749633968 0.010000000000000009 0.04033800000000002
