0 0.14503906249999998 0.7693232499999999 0.05062500000000002 0.07250000000000008
0 0.223515625 0.84411425 0.051875000000000004 0.1016670000000001
0 0.2680078125 0.9498440833333334 0.07250000000000001 0.09749999999999999
0 0.3747265625 0.84625 0.03374999999999995 0.0625
0 0.3901953125 0.763958 0.026249999999999996 0.03250000000000005
0 0.5824609375 0.8029684166666667 0.04499999999999993 0.04499999999999993
0 0.61046875 0.9221878333333334 0.08687500000000004 0.1525
0 0.621875 0.7336982500000001 0.03125 0.040832999999999973
0 0.7202734375 0.7791663333333334 0.030000000000000027 0.041667000000000044
0 0.8512109375 0.8102079999999999 0.04625000000000001 0.09500000000000004
0 0.9746875 0.8111979166666666 0.04812499999999997 0.12416700000000007
