0 0.0233984375 0.6812525768667642 0.029375 0.06097600000000002
0 0.0312890625 0.5982445461200586 0.018125000000000002 0.03658599999999987
0 0.1454296875 0.7754033499267936 0.03875000000000001 0.07879900000000004
0 0.2412109375 0.6204167730600292 0.015000000000000013 0.018762000000000046
0 0.2711328125 0.6082217730600293 0.010000000000000009 0.01969999999999994
0 0.3473046875 0.6317179326500733 0.007500000000000007 0.04596599999999996
0 0.5355859375 0.9394281537335285 0.04499999999999993 0.11819900000000017
0 0.59265625 0.6314904172767204 0.008125000000000049 0.032832999999999994
0 0.6246875 0.5595550307467058 0.015625 0.025328999999999935
0 0.7049609375 0.8728942518301611 0.04500000000000004 0.09849899999999998
0 0.7994921875 0.7619717364568082 0.023125000000000062 0.08630399999999998
0 0.8284375 0.586119644216691 0.016874999999999973 0.01501000000000006
0 0.8796875 0.5953162884333822 0.016875000000000084 0.030956999999999874
