0 0.09755208333333333 0.204765625 0.06583300000000002 0.08249999999999999
0 0.21979133333333334 0.23515625 0.075 0.10249999999999998
0 0.3291663333333333 0.2353125 0.041666999999999975 0.07875000000000001
0 0.4177083333333333 0.2375390625 0.1366670000000001 0.17562499999999998
0 0.6440625 0.2272265625 0.07916699999999999 0.09749999999999998
0 0.7227083333333333 0.0755859375 0.011667000000000094 0.013749999999999998
0 0.8006253333333334 0.2065234375 0.07500000000000002 0.0925
0 0.8159899166666666 0.099140625 0.0300000000000001 0.020625000000000004
0 0.87921875 0.097265625 0.02499999999999991 0.020625000000000004
0 0.8844795 0.076484375 0.015832999999999913 0.01187500000000001
0 0.9582295 0.2300390625 0.08000000000000007 0.11249999999999999
0 0.9632815833333334 0.0775390625 0.020832999999999952 0.01874999999999999
0 0.9697392499999999 0.0990625 0.009167 0.016875
0 0.9697392499999999 0.1178125 0.009167 0.016874999999999987
