0 0.183671875 0.022135416666666668 0.028124999999999983 0.04583299999999999
0 0.1990234375 0.06994791666666667 0.030624999999999986 0.060833000000000005
0 0.2384375 0.1833336666666667 0.048125 0.085
0 0.2741015625 0.18526041666666668 0.03375 0.07750000000000001
0 0.2790234375 0.05067675 0.030624999999999958 0.055
0 0.3021484375 0.16348925 0.02937500000000004 0.07083400000000002
0 0.3182421875 0.31734408333333336 0.05312499999999998 0.09666599999999999
0 0.3489453125 0.10770866666666666 0.026249999999999996 0.05333300000000002
0 0.370859375 0.19692741666666666 0.04375000000000001 0.07583299999999998
0 0.368046875 0.022968416666666668 0.028749999999999998 0.04499999999999999
0 0.3803515625 0.10385416666666668 0.03375 0.07
0 0.40359375 0.015155916666666666 0.025000000000000022 0.029167
0 0.417421875 0.08484375 0.02812500000000001 0.056666999999999995
0 0.4326171875 0.040989916666666674 0.023125000000000007 0.030833
0 0.4465625 0.24838541666666666 0.04750000000000004 0.10916700000000001
0 0.4683984375 0.048072583333333335 0.030000000000000027 0.05000000000000001
0 0.4747265625 0.1848955 0.03437499999999999 0.07916700000000003
0 0.48375 0.13369825 0.03125 0.041666
0 0.5095703125 0.07463541666666666 0.025624999999999953 0.04499999999999999
0 0.5101171875 0.13317674999999998 0.021874999999999978 0.05666700000000002
0 0.5308984375 0.10364583333333333 0.02937500000000004 0.05833299999999999
0 0.5651953125 0.07947883333333333 0.026874999999999982 0.05833400000000002
0 0.5823046875 0.20531283333333336 0.03749999999999998 0.05833299999999997
0 0.5996875 0.3028645833333334 0.04749999999999999 0.08249999999999995
0 0.6029296875 0.15265625 0.03875000000000006 0.07083300000000002
0 0.6761328125 0.2123955 0.04125000000000001 0.07916700000000003
0 0.7355859375 0.3101038333333333 0.04625000000000001 0.09083400000000001
0 0.822109375 0.3439583333333333 0.04312499999999997 0.07333299999999998
