0 0.043923865300146414 0.7171484375 0.090056 0.12312500000000004
0 0.361960803806735 0.300625 0.04315199999999999 0.03250000000000003
0 0.3960486383601757 0.638671875 0.10787899999999995 0.06000000000000005
0 0.43595554612005855 0.3096484375 0.03564799999999998 0.030625000000000013
0 0.46219660761347003 0.550625 0.08442799999999995 0.09562499999999996
0 0.49217144802342605 0.29671875 0.056285000000000085 0.02375000000000005
0 0.6146667979502197 0.7077734375 0.1332079999999999 0.06187500000000001
0 0.5841034480234261 0.5608984375 0.05628499999999992 0.06187500000000001
0 0.586917448023426 0.3726953125 0.05628600000000006 0.05812500000000004
0 0.8267698345534408 0.25421875 0.06472800000000009 0.05625000000000002
