0 0.131809125 0.17048270893371759 0.09906799999999999 0.19624999999999998
0 0.20528931250000002 0.18926873198847266 0.056730999999999976 0.12125
0 0.279604125 0.3921505763688761 0.06774 0.12874999999999998
0 0.333084375 0.22015489913544667 0.04403099999999999 0.07999999999999997
0 0.3290485625 0.3975684438040346 0.034716000000000025 0.05874999999999997
0 0.3786788125 0.38121397694524495 0.04233699999999996 0.07624999999999994
0 0.3954213125 0.2477593659942363 0.02709600000000001 0.06250000000000004
0 0.4514301875 0.3717687319884727 0.05419200000000002 0.12250000000000003
0 0.47931125 0.2694776657060519 0.04064299999999993 0.08749999999999995
0 0.5175438125 0.31275936599423626 0.04149100000000011 0.061250000000000034
0 0.526209 0.23256844380403457 0.03217599999999998 0.05875000000000001
0 0.5623598750000001 0.2158321325648415 0.028788999999999954 0.06999999999999998
0 0.5888623125 0.4114733429394813 0.056732000000000005 0.1375
0 0.596421375 0.21687319884726222 0.044030000000000014 0.10374999999999998
0 0.665006375 0.2464913544668588 0.04487799999999997 0.1
0 0.6815516875000001 0.3528458213256484 0.037256999999999985 0.08124999999999999
0 0.7451139375 0.46635086455331415 0.07620700000000002 0.19249999999999995
0 0.744205 0.14869596541786742 0.06265900000000002 0.115
0 0.9713291875000001 0.7113148414985591 0.05419099999999999 0.26750000000000007
