0 0.016958491978609623 0.1503125 0.015411000000000005 0.017500000000000016
0 0.052542390374331546 0.1771484375 0.017123000000000006 0.03
0 0.0723391871657754 0.131015625 0.023971999999999997 0.02124999999999999
0 0.11514718716577542 0.1478125 0.022259999999999985 0.017499999999999988
0 0.1402464919786096 0.1036328125 0.013698000000000023 0.009999999999999995
0 0.17010669518716576 0.0678125 0.010273999999999993 0.01625
0 0.19675249197860967 0.0723828125 0.015410999999999982 0.009999999999999995
0 0.20970028877005348 0.0548828125 0.01883599999999999 0.011249999999999996
0 0.21901349197860961 0.069609375 0.013698000000000004 0.012499999999999997
0 0.23196128877005348 0.1126953125 0.020548000000000025 0.026249999999999996
0 0.25196867914438503 0.26187499999999997 0.035959000000000046 0.03125000000000003
0 0.25501757754010695 0.1371484375 0.037672000000000025 0.03
0 0.2713442887700535 0.0675390625 0.020547999999999986 0.018750000000000003
0 0.2884682887700534 0.0515625 0.01883500000000001 0.01625
0 0.3861352085561498 0.3021875 0.15410899999999994 0.11125000000000002
0 0.3253880855614973 0.0900390625 0.025685000000000034 0.018750000000000003
0 0.3244262887700534 0.1439453125 0.01883600000000003 0.026249999999999996
0 0.3546625935828877 0.0611328125 0.011986000000000009 0.011250000000000003
0 0.43038069518716576 0.052109375 0.008562000000000018 0.012499999999999997
0 0.4414509839572192 0.1126953125 0.02910999999999997 0.026249999999999996
0 0.45038808556149734 0.1458984375 0.025684999999999996 0.03
0 0.4524761871657754 0.0553125 0.022259999999999946 0.0175
0 0.4800837807486631 0.074765625 0.034247000000000014 0.020000000000000004
0 0.4973722887700535 0.048359375 0.018834999999999897 0.012499999999999997
0 0.5411420855614973 0.0378125 0.02568499999999992 0.01625
0 0.5493279839572192 0.3364453125 0.029109000000000062 0.026249999999999996
0 0.5603531871657754 0.0830859375 0.023972000000000018 0.015
0 0.5864583743315508 0.149375 0.04280900000000003 0.0325
0 0.5795632887700535 0.0278125 0.01883600000000003 0.017499999999999998
0 0.5959360855614972 0.0728125 0.025685000000000072 0.0175
0 0.6596860213903742 0.326796875 0.1318490000000001 0.1225
0 0.6199090855614974 0.0237890625 0.02568499999999992 0.018750000000000003
0 0.669401577540107 0.1766015625 0.039383 0.035
0 0.6802161871657755 0.0287890625 0.02397199999999994 0.01875
0 0.7040236791443849 0.1203515625 0.035959000000000005 0.033750000000000016
0 0.7759416791443849 0.29828125 0.03595900000000016 0.03999999999999998
0 0.8061769839572192 0.1128515625 0.02911000000000012 0.035
0 0.8396727807486631 0.137578125 0.034247000000000014 0.036250000000000004
0 0.8754211871657754 0.07171875 0.023972999999999925 0.02500000000000001
0 0.9373218663101602 0.1074609375 0.05650600000000028 0.04625
0 0.9244924919786095 0.048515625 0.013699000000000138 0.021249999999999998
0 0.9645082727272727 0.0648046875 0.04794500000000009 0.03875000000000001
