0 0.018046875 0.09395788888888888 0.02875 0.06111200000000001
0 0.454609375 0.11055566666666666 0.7312500000000001 0.084444
0 0.1529296875 0.14534755555555556 0.0062500000000000056 0.01777699999999998
0 0.20625 0.21006977777777777 0.033125000000000016 0.088889
0 0.2399609375 0.1361108888888889 0.014374999999999999 0.030000000000000002
0 0.27078125 0.13756955555555556 0.008750000000000036 0.017778000000000023
0 0.31390625 0.12374966666666665 0.009375000000000022 0.02111100000000003
0 0.35390625 0.12027744444444442 0.008750000000000036 0.01666700000000001
0 0.424609375 0.17270844444444444 0.04375000000000001 0.10888900000000001
0 0.4568359375 0.19326377777777778 0.014374999999999971 0.02555600000000001
0 0.4735546875 0.13534755555555555 0.007500000000000007 0.018888999999999982
0 0.5226171875 0.1446532222222222 0.021874999999999978 0.041110999999999995
0 0.563984375 0.14819466666666664 0.011874999999999969 0.023333
0 0.6218359375 0.1459032222222222 0.04562500000000003 0.101111
0 0.6788671875 0.20354122222222223 0.023125000000000062 0.04111199999999999
0 0.684609375 0.12534755555555555 0.01187500000000008 0.017777000000000005
0 0.7217578125 0.12388888888888888 0.010624999999999996 0.031110999999999986
0 0.7930078125 0.10152766666666665 0.010000000000000009 0.023333000000000024
0 0.8134375 0.0849998888888889 0.015625 0.031111
0 0.8936328125 0.093403 0.011249999999999982 0.034443999999999995
