0 0.01203125 0.23850151537335285 0.009375000000000001 0.013133999999999982
0 0.045390625 0.6391787730600292 0.020000000000000004 0.01969999999999994
0 0.053984375 0.2481110307467057 0.013124999999999998 0.02345200000000001
0 0.0619140625 0.877680288433382 0.018124999999999995 0.03095700000000004
0 0.0873828125 0.23246164421669105 0.010624999999999996 0.01688500000000004
0 0.0898828125 0.31940503074670573 0.010624999999999996 0.025329000000000018
0 0.1021875 0.6337782884333821 0.01625 0.030956999999999957
0 0.105234375 0.2970753865300146 0.013124999999999998 0.011257000000000017
0 0.1121875 0.35599103074670574 0.015625 0.02532799999999996
0 0.1169140625 0.828189803806735 0.019375000000000003 0.04221399999999989
0 0.1193359375 0.5079610307467056 0.015 0.023452000000000094
0 0.1298828125 0.26945851537335286 0.010000000000000009 0.013133000000000011
0 0.15328125 0.15782651537335285 0.00874999999999998 0.013133000000000011
0 0.1686328125 0.24142977306002927 0.011249999999999982 0.01782399999999999
0 0.1716796875 0.1003049019033675 0.007499999999999979 0.021575999999999994
0 0.1971875 0.23621364421669103 0.016250000000000014 0.016886000000000012
0 0.1981640625 0.4653351595900439 0.018750000000000017 0.029080000000000033
0 0.2219140625 0.2085967730600293 0.019375000000000003 0.01969999999999998
0 0.2400390625 0.43854203074670567 0.018125000000000002 0.023452000000000094
0 0.2440625 0.2809440307467057 0.016875 0.02345199999999997
0 0.244609375 0.23790628843338216 0.011874999999999997 0.030955999999999984
0 0.244609375 0.3100240307467057 0.011874999999999997 0.024391
0 0.261484375 0.24852290190336748 0.013124999999999998 0.021576000000000015
0 0.2674609375 0.28698390190336753 0.014375000000000027 0.021575999999999974
0 0.2819921875 0.659106288433382 0.021875000000000033 0.030957000000000123
0 0.2868359375 0.20109277306002926 0.014374999999999971 0.019700000000000023
0 0.312734375 0.1626307730600293 0.013124999999999998 0.019700000000000002
0 0.3181640625 0.4427069019033675 0.018125000000000002 0.021575999999999974
0 0.3205078125 0.05475077306002928 0.010624999999999996 0.01970000000000001
0 0.3273828125 0.2054851595900439 0.011249999999999982 0.027204
0 0.347265625 0.7360292884333821 0.020625000000000004 0.030956999999999957
0 0.3862890625 0.6774564172767203 0.019374999999999976 0.03470899999999994
0 0.3878125 0.23081315959004395 0.016874999999999973 0.028142999999999946
0 0.389609375 0.19733977306002928 0.013124999999999998 0.018762000000000004
0 0.39140625 0.08049164421669107 0.009374999999999967 0.016884999999999987
0 0.397109375 0.3250340307467057 0.013124999999999998 0.02345199999999997
0 0.40578125 0.025670773060029285 0.008750000000000036 0.017822999999999995
0 0.42640625 0.03452564421669107 0.008750000000000036 0.015009
0 0.42890625 0.2326891595900439 0.008750000000000036 0.02814300000000003
0 0.439765625 0.3369314172767203 0.020625000000000004 0.032832999999999994
0 0.4448828125 0.0998930307467057 0.010624999999999996 0.02345199999999999
0 0.4524609375 0.6568184172767203 0.015000000000000013 0.032832999999999994
0 0.456484375 0.02484603074670571 0.012500000000000011 0.025329
0 0.4746875 0.3932164172767204 0.015625 0.03470899999999994
0 0.4769140625 0.2928404172767204 0.018125000000000002 0.034709999999999956
0 0.4780859375 0.7267625461200586 0.015000000000000013 0.03658599999999987
0 0.4805859375 0.4845080307467057 0.015000000000000013 0.02345299999999998
0 0.5080078125 0.6530664172767203 0.011249999999999982 0.03377100000000005
0 0.5365625 0.2740794172767203 0.016249999999999987 0.03470899999999998
0 0.5428125 0.13377828843338213 0.016874999999999973 0.030957
0 0.5475390625 0.06060728843338214 0.01937500000000003 0.030957000000000005
0 0.5512890625 0.8864650614934113 0.01937500000000003 0.04690500000000016
0 0.5709375 0.1565899019033675 0.015625 0.022515000000000007
0 0.5771875 0.2222569019033675 0.015625 0.020636999999999985
0 0.5900390625 0.2621820307467057 0.018124999999999947 0.026266000000000022
0 0.5950390625 0.4036486749633968 0.01937499999999992 0.03846199999999999
0 0.597109375 0.1308500307467057 0.013124999999999942 0.023452000000000032
0 0.6074609375 0.3144164172767203 0.01375000000000004 0.032832999999999994
0 0.622734375 0.1513737730600293 0.013125000000000053 0.018761999999999963
0 0.629140625 0.6814369326500732 0.020625000000000004 0.04409000000000001
0 0.6403125 0.9809845461200585 0.016250000000000098 0.03564700000000017
0 0.6428125 0.48514841727672037 0.015625 0.034709000000000025
0 0.6667578125 0.05099877306002928 0.010000000000000009 0.0197
0 0.6830859375 0.28908841727672036 0.015000000000000013 0.032832999999999994
0 0.6840625 0.42481280380673503 0.01749999999999996 0.042213999999999974
0 0.7256640625 0.05081441727672035 0.018124999999999947 0.034709
0 0.7267578125 0.007320644216691069 0.010624999999999996 0.015009
0 0.727734375 0.12252128843338211 0.013124999999999942 0.030957
0 0.728984375 0.14837541727672035 0.013124999999999942 0.03470899999999998
0 0.7414453125 0.5107049326500732 0.02562500000000001 0.04408999999999993
0 0.7378125 0.27513167496339674 0.016249999999999987 0.04033700000000001
0 0.7487890625 0.34027154612005855 0.018125000000000058 0.03658499999999998
0 0.7503125 0.5520951903367497 0.015625 0.051593999999999904
0 0.7525390625 0.42417341727672037 0.01937500000000003 0.034709000000000025
0 0.7528125 0.17933241727672036 0.016874999999999973 0.03283299999999997
0 0.768984375 0.05497928843338214 0.012499999999999956 0.030957000000000016
0 0.7759375 0.013177159590043924 0.015625 0.027205
0 0.7759375 0.22342241727672035 0.015625 0.034709000000000025
0 0.79046875 0.8871054480234262 0.023749999999999938 0.05816099999999987
0 0.7937890625 0.16578754612005858 0.01937499999999992 0.03658499999999998
0 0.795859375 0.030063159590043926 0.012499999999999956 0.029079999999999998
0 0.810234375 0.5424856749633968 0.012500000000000067 0.03846199999999999
0 0.824140625 0.12586141727672034 0.020625000000000004 0.032833000000000036
0 0.8418359375 0.05205103074670571 0.015000000000000013 0.023452000000000004
0 0.86171875 0.6327701903367496 0.024375000000000036 0.05159500000000004
0 0.8590625 0.15118941727672033 0.016875000000000084 0.033772000000000024
0 0.8688671875 0.4776434172767204 0.02312499999999995 0.034709999999999915
0 0.8721875 0.11126428843338214 0.016874999999999973 0.03189499999999999
0 0.8812109375 0.007320644216691069 0.014375000000000027 0.016886
0 0.8883203125 0.5698039326500733 0.02562500000000001 0.04408999999999993
0 0.8846875 0.3890515461200586 0.016875000000000084 0.03658599999999995
0 0.8908203125 0.3240259326500732 0.02562500000000001 0.04409000000000005
0 0.917734375 0.16619941727672036 0.012499999999999956 0.034709000000000004
0 0.9267578125 0.03850515959004392 0.010624999999999996 0.028143000000000005
0 0.9468359375 0.2564839326500732 0.015000000000000013 0.04409000000000001
0 0.9608984375 0.8475921903367497 0.02937499999999993 0.05065599999999992
0 0.9553125 0.061247674963396774 0.016874999999999973 0.038461
0 0.9650390625 0.021321546120058564 0.01937499999999992 0.036585999999999994
0 0.97375 0.5092408038067351 0.03187499999999999 0.042213999999999974
0 0.98734375 0.41907054612005856 0.02375000000000005 0.03658499999999998
