0 0.169296875 0.6846284140127388 0.06 0.1020410000000001
0 0.171484375 0.7599371974522292 0.04375000000000001 0.118368
0 0.2401953125 0.5361755605095542 0.05749999999999997 0.07755100000000006
0 0.259375 0.6532761337579618 0.031875000000000014 0.06428500000000005
0 0.31609375 0.526420203821656 0.05624999999999997 0.07449
0 0.3987109375 0.47884426114649686 0.07687500000000003 0.17347
0 0.44921875 0.5322957770700637 0.02437499999999998 0.06224499999999998
0 0.5991015625 0.6884639872611464 0.06499999999999995 0.08979499999999999
0 0.600703125 0.509073203821656 0.036250000000000004 0.07346899999999999
0 0.6651953125 0.535200770700637 0.05687500000000001 0.10510199999999999
0 0.734296875 0.6012480509554141 0.05875000000000008 0.145918
0 0.7522265625 0.09568449044585987 0.03375000000000006 0.069388
0 0.7841015625 0.5885091974522294 0.03375000000000006 0.11836699999999999
0 0.80640625 0.4208695605095542 0.040000000000000036 0.07959199999999991
0 0.8490625 0.47405427388535026 0.04874999999999996 0.08571400000000011
0 0.90671875 0.6325884140127388 0.05625000000000002 0.10203999999999999
0 0.89625 0.06417520382165605 0.03187499999999999 0.07448999999999999
0 0.9102734375 0.5006627770700637 0.030000000000000027 0.06122499999999999
0 0.9694921875 0.6168337707006369 0.021874999999999978 0.10714299999999997
