0 0.08674231332357248 0.607776375 0.14400000000000002 0.07466600000000001
0 0.048316251830161056 0.7549795 0.099 0.14200000000000002
0 0.04060322108345534 0.4680859375 0.074 0.07666699999999999
0 0.43517276720351394 0.5341796875 0.10999999999999999 0.06866700000000003
0 0.5054597364568083 0.172723625 0.085 0.05133400000000002
0 0.5172445095168375 0.811109375 0.10499999999999997 0.07533299999999998
0 0.5029619326500732 0.11765331250000001 0.04600000000000009 0.05799999999999998
0 0.6042445095168375 0.5004716874999999 0.10500000000000005 0.10066599999999998
0 0.5975314787701318 0.5043310624999999 0.07999999999999997 0.11133300000000007
0 0.6332825768667643 0.2297939375 0.05900000000000004 0.045999999999999985
0 0.6324260614934114 0.22336231250000002 0.04900000000000006 0.025999999999999995
0 0.6484260614934114 0.16215137500000001 0.04900000000000006 0.044665999999999983
0 0.7695270863836018 0.5680029375 0.16199999999999995 0.13999999999999996
0 0.8832108345534406 0.56496875 0.06600000000000013 0.08599999999999997
0 0.9218857979502196 0.5673720624999999 0.13299999999999992 0.08066700000000004
