0 0.0107421875 0.41753631918008793 0.023125 0.05440899999999988
0 0.1651953125 0.47022673645680824 0.057499999999999996 0.08724200000000004
0 0.2161328125 0.39689831918008783 0.04250000000000001 0.055346999999999945
0 0.3137109375 0.506900055636896 0.10875000000000001 0.1378990000000001
0 0.2666796875 0.2781300307467057 0.007500000000000007 0.02345199999999997
0 0.3580078125 0.2883347730600293 0.010624999999999996 0.01969999999999998
0 0.4916796875 0.5503065095168375 0.06999999999999995 0.10412700000000008
0 0.5037109375 0.28334615959004394 0.015624999999999944 0.029081000000000006
0 0.5520703125 0.45398112298682286 0.025624999999999898 0.09568499999999996
0 0.6125 0.37241228257686676 0.03312499999999996 0.12101300000000005
0 0.6986328125 0.5680776325036604 0.07374999999999998 0.19887499999999997
0 0.9497265625 0.6287377979502197 0.09750000000000003 0.134146
0 0.9163671875 0.3797147057101025 0.021874999999999978 0.061914
0 0.9605859375 0.3950223191800879 0.07687500000000003 0.055346999999999986
