0 0.1146875 0.547385615835777 0.047500000000000014 0.07317100000000001
0 0.12550781249999998 0.2946859618768329 0.041249999999999995 0.05440899999999998
0 0.222421875 0.31403030791788855 0.027499999999999997 0.03752400000000002
0 0.2780859375 0.7809612052785924 0.015000000000000013 0.02626599999999999
0 0.298515625 0.3244678592375367 0.02124999999999999 0.043152
0 0.3690625 0.7730464809384164 0.01749999999999996 0.028142000000000052
0 0.3889453125 0.33654430791788853 0.02625000000000005 0.035648000000000006
0 0.496328125 0.5915306862170088 0.036250000000000004 0.052532999999999955
0 0.5717578125 0.5909473401759531 0.04249999999999998 0.0675420000000001
0 0.657421875 0.5679601348973606 0.02749999999999997 0.046905000000000106
0 0.7887890625 0.5595722052785924 0.018749999999999933 0.026266999999999884
0 0.8937890625 0.8720270967741934 0.08125000000000004 0.09756100000000019
