0 0.01953125 0.3224917057101025 0.039375 0.061914
0 0.0851171875 0.30162519033674967 0.023125000000000007 0.05253300000000002
0 0.14171875 0.3240259326500732 0.024375000000000008 0.04409000000000005
0 0.192890625 0.2923584480234261 0.020624999999999977 0.05722399999999999
0 0.217890625 0.36767812298682284 0.05249999999999999 0.09474600000000007
0 0.26171875 0.2892026749633968 0.02437499999999998 0.04033800000000002
0 0.3162890625 0.2900264172767204 0.018125000000000002 0.03470899999999998
0 0.341640625 0.29588293265007326 0.020625000000000004 0.04408999999999997
0 0.381796875 0.3706495402635432 0.05937500000000001 0.12851800000000005
0 0.3800390625 0.2687490307467057 0.018125000000000002 0.02626599999999998
0 0.4301171875 0.27460554612005855 0.021874999999999978 0.03658500000000002
0 0.450234375 0.2655221595900439 0.013124999999999998 0.029081000000000048
0 0.4765625 0.27648154612005854 0.016874999999999973 0.03658499999999998
0 0.5100390625 0.27314141727672037 0.018750000000000044 0.03470899999999998
0 0.5362109375 0.26751241727672037 0.013749999999999929 0.03377100000000005
0 0.5893359375 0.3942599575402635 0.07687500000000003 0.15947500000000003
0 0.5644921875 0.2656805768667643 0.02187500000000009 0.05909899999999997
0 0.585 0.2839865461200586 0.03187499999999999 0.03658499999999998
0 0.6320703125 0.25096919033674964 0.026874999999999982 0.052532999999999976
0 0.658984375 0.2594822884333821 0.01187500000000008 0.030955999999999984
0 0.69125 0.2854938345534407 0.03187499999999999 0.06566599999999999
0 0.720859375 0.286914803806735 0.013125000000000053 0.042213
0 0.7420703125 0.27776131918008784 0.026874999999999982 0.055346999999999986
0 0.7819140625 0.27137867496339674 0.018750000000000044 0.04033799999999998
0 0.794453125 0.32196557686676425 0.03687499999999999 0.059099000000000054
0 0.8352734375 0.27066919033674963 0.030624999999999902 0.052532
0 0.87421875 0.2598240614934114 0.024374999999999925 0.047841999999999996
0 0.91671875 0.26782825183016107 0.05625000000000002 0.099437
0 0.9539453125 0.3959516017569546 0.08937499999999998 0.17354600000000006
