0 0.013671875 0.31328158333333334 0.028125 0.08333300000000003
0 0.1357421875 0.5575520833333334 0.115625 0.19166699999999995
0 0.1837890625 0.24479133333333333 0.018750000000000017 0.07291700000000001
0 0.3017573125 0.4197916666666666 0.089063 0.11666700000000008
0 0.37890575 0.3283854166666667 0.054688000000000014 0.10833299999999997
0 0.43671875 0.3408850833333333 0.05625000000000002 0.12916700000000003
0 0.5017578125 0.27578158333333336 0.04218799999999995 0.08125
0 0.64609325 0.2697913333333333 0.04062600000000005 0.07291700000000005
0 0.6906255 0.32135416666666666 0.04843699999999995 0.06875000000000005
0 0.811327625 0.3317708333333333 0.051563000000000025 0.08958300000000001
0 0.8556640625 0.35234341666666663 0.04999999999999993 0.077084
