0 0.03819444444444445 0.6121875 0.078889 0.04812499999999997
0 0.12069411111111111 0.5067578125000001 0.03666700000000003 0.04124999999999995
0 0.2643747777777778 0.6348046875 0.024444999999999953 0.03750000000000009
0 0.3184718888888889 0.626875 0.09111099999999997 0.06312499999999999
0 0.3273611111111111 0.577890625 0.036667000000000005 0.020625000000000004
0 0.4083328888888889 0.5983203125 0.031112000000000053 0.026875000000000093
0 0.4205558888888889 0.572734375 0.03111099999999996 0.011874999999999969
0 0.4481254444444445 0.6110546875 0.04555499999999984 0.03749999999999998
0 0.5093054444444444 0.631875 0.07888900000000011 0.06312499999999999
0 0.5643747777777778 0.592421875 0.02444500000000005 0.028750000000000053
0 0.5977087777777779 0.5739453125 0.02444399999999991 0.02562500000000001
0 0.6374301111111111 0.6092578125 0.066667 0.04125000000000001
0 0.6794446666666666 0.6673046875 0.08444400000000012 0.06999999999999995
0 0.6816668888888889 0.5777734375 0.031111000000000014 0.030625000000000013
0 0.7513192222222222 0.5875390625 0.03888899999999998 0.018750000000000044
0 0.7622217777777778 0.6525390625 0.055556000000000064 0.04937499999999995
0 0.777430111111111 0.608125 0.06888900000000003 0.03249999999999997
0 0.7672218888888889 0.5687890625 0.029999999999999954 0.018749999999999933
0 0.8303474444444444 0.571796875 0.04555500000000004 0.02749999999999997
0 0.8703474444444445 0.59453125 0.045554999999999936 0.03937500000000005
0 0.940694111111111 0.5916015625 0.03666700000000015 0.034375000000000044
