0 0.16029953591790194 0.345859375 0.09781000000000002 0.138125
0 0.30806827137970355 0.1335546875 0.05839399999999999 0.06999999999999999
0 0.3801452816419612 0.259375 0.08540200000000002 0.09562499999999999
0 0.44625351881413916 0.150234375 0.05036499999999991 0.044375
0 0.48521202394526797 0.2419921875 0.06423299999999998 0.05312499999999998
0 0.48179525769669324 0.0824609375 0.021898000000000122 0.013749999999999998
0 0.543018755986317 0.0776171875 0.016058000000000027 0.022499999999999992
0 0.5567017662485747 0.1363671875 0.04379500000000005 0.05437499999999999
0 0.6890470136830102 0.13265625 0.03795600000000002 0.03937499999999999
0 0.7098952645381983 0.12859375 0.040146000000000105 0.056249999999999994
0 0.8099425085518814 0.11296875 0.024088000000000012 0.023749999999999993
0 0.8569260273660204 0.221171875 0.07372300000000015 0.09062499999999998
0 0.8511815153933865 0.1315234375 0.0416059999999999 0.030624999999999986
