0 0.14163506250000002 0.4742375095168375 0.049203999999999984 0.10412199999999998
0 0.20184056250000001 0.45596309224011705 0.034731999999999985 0.07158400000000005
0 0.213382875 0.3156165768667643 0.02749600000000002 0.06073799999999994
0 0.27365775 0.2758123191800878 0.024602000000000013 0.05423000000000002
0 0.3390285625 0.5068842825768668 0.06512299999999999 0.12147499999999999
0 0.3681248125 0.29663728843338216 0.011577000000000004 0.030367999999999954
0 0.4054568125 0.4191414787701318 0.041969000000000034 0.08025999999999994
0 0.52170225 0.41046447877013176 0.03907399999999994 0.08026000000000003
0 0.601661625 0.3538489326500732 0.020260000000000056 0.04555299999999999
0 0.6257575 0.33796006149341146 0.017365999999999993 0.047721999999999945
0 0.6567606875 0.422612448023426 0.03762599999999994 0.05639900000000006
0 0.6551719374999999 0.3248906749633968 0.01447200000000004 0.03904499999999999
0 0.705422875 0.33438031918008787 0.027496000000000076 0.05422999999999994
0 0.756215625 0.5054201537335286 0.05209799999999998 0.11713599999999995
0 0.7842177499999999 0.3995640922401172 0.05499300000000007 0.07158400000000001
0 0.7956183124999999 0.3321035461200586 0.0260490000000001 0.03687599999999995
0 0.8487285625000001 0.3415931903367497 0.034733000000000014 0.04989100000000002
0 0.8786848125000001 0.4135005095168374 0.041968000000000005 0.10412100000000009
