0 0.017578125 0.574252007342144 0.035171 0.10428599999999996
0 0.0582711875 0.5334554317180618 0.022813 0.04571400000000001
0 0.09739956250000001 0.4810361483113068 0.034221 0.07714300000000007
0 0.1534835625 0.4854818634361234 0.033269999999999994 0.09000000000000002
0 0.1836419375 0.476431718061674 0.015209000000000028 0.055714000000000014
0 0.214138625 0.4377808604992658 0.020911999999999986 0.04857099999999997
0 0.251314875 0.4107571468428781 0.027566000000000035 0.05714299999999998
0 0.47020550000000005 0.3485380073421439 0.048478999999999994 0.10571400000000003
0 0.9023250625000001 0.5689702878120411 0.01806099999999977 0.031428000000000164
0 0.9384470625 0.561786859030837 0.01901100000000011 0.02714299999999997
