0 0.2680859375 0.26938493265007324 0.015000000000000013 0.044047999999999976
0 0.3164453125 0.3472891903367496 0.025624999999999953 0.05154700000000001
0 0.3896875 0.0931899326500732 0.01749999999999996 0.045923
0 0.4077734375 0.28941570571010244 0.029374999999999984 0.06373000000000001
0 0.4970703125 0.05013409224011713 0.026874999999999982 0.071228
0 0.5764453125 0.28836244802342603 0.026874999999999982 0.05623200000000003
0 0.5864453125 0.33457906149341143 0.02562500000000001 0.04967199999999999
0 0.751640625 0.1261081903367496 0.020000000000000018 0.05248400000000001
0 0.815546875 0.055934448023426064 0.028124999999999956 0.056233
0 0.85984375 0.46736844802342603 0.024375000000000036 0.058106999999999964
0 0.8644140625 0.1063109326500732 0.01937500000000003 0.04592299999999999
0 0.92359375 0.0668878345534407 0.024375000000000036 0.06654099999999999
0 0.9869921875 0.23119244802342603 0.023125000000000062 0.057170000000000006
