0 0.0709375 0.9296047507331379 0.04875 0.11444700000000003
0 0.1271875 0.8111696480938417 0.0475 0.10318899999999988
0 0.216484375 0.8345665777126099 0.04374999999999998 0.12570400000000023
0 0.46734375 0.2569416803519062 0.05625000000000002 0.13696100000000003
0 0.5498046875 0.8646957184750732 0.03749999999999998 0.08442800000000011
0 0.5759375 0.7838470967741936 0.04749999999999999 0.09943699999999983
0 0.68625 0.7742924750733138 0.06374999999999997 0.11257000000000017
0 0.747734375 0.8044216158357771 0.04375000000000007 0.0731710000000001
0 0.81859375 0.7837836158357772 0.05499999999999994 0.07317099999999993
0 0.8790234375 0.7384083724340176 0.06125000000000003 0.10131399999999996
0 0.9762109375 0.8178541994134898 0.04500000000000004 0.10881800000000004
