0 0.1174546875 0.21649976470588236 0.06915999999999999 0.159405
0 0.2723344375 0.29784447058823527 0.06139699999999998 0.13390100000000005
0 0.33781693749999997 0.30539123529411766 0.014114000000000015 0.042508
0 0.3761965 0.30326623529411767 0.016937000000000035 0.042508
0 0.45809362499999995 0.25966317647058823 0.08256900000000006 0.157279
0 0.579492 0.2367134705882353 0.03175799999999995 0.08288999999999998
0 0.6173799375 0.23589729411764704 0.045870999999999995 0.07864
0 0.6752984375 0.27430470588235295 0.061397000000000035 0.12646100000000002
0 0.7517365 0.2421011764705882 0.047282999999999964 0.108396
0 0.8981900625 0.16974076470588237 0.08115700000000003 0.16153099999999995
