0 0.4990234375 0.49744897959183676 0.999375 0.998366
0 0.050859375 0.05910722448979592 0.013125000000000005 0.05718900000000001
0 0.0940625 0.10322422448979592 0.016875 0.057190000000000005
0 0.14351562499999998 0.4661365918367347 0.051250000000000004 0.148693
0 0.1600390625 0.07759816326530612 0.019375000000000003 0.04411700000000001
0 0.1738671875 0.24303024489795916 0.021875000000000006 0.063726
0 0.1749609375 0.0806651224489796 0.014374999999999999 0.03268000000000001
0 0.1851171875 0.3285983673469388 0.023125000000000007 0.09640500000000002
0 0.2003125 0.07289620408163265 0.015625 0.053921000000000004
0 0.2137109375 0.28368020408163264 0.013749999999999984 0.05392100000000005
0 0.2418359375 0.09812218367346938 0.013750000000000012 0.04902
0 0.275546875 0.3416703673469388 0.028124999999999956 0.09640500000000002
0 0.32625 0.29683538775510204 0.033125000000000016 0.10130700000000004
0 0.338046875 0.43959251020408163 0.028124999999999956 0.13071899999999995
0 0.33328125 0.12314912244897959 0.009375000000000022 0.034314
0 0.3537890625 0.27284232653061224 0.01937500000000003 0.08333299999999999
0 0.358359375 0.09557116326530612 0.013124999999999998 0.04575200000000002
0 0.408359375 0.13295312244897958 0.011874999999999969 0.034313999999999976
0 0.41796875 0.3008203673469388 0.02437499999999998 0.09477100000000001
0 0.46453125 0.672935612244898 0.04062499999999997 0.1552290000000001
0 0.4511328125 0.13662120408163264 0.010000000000000009 0.05392199999999999
0 0.498515625 0.2989863265306122 0.02124999999999999 0.08169900000000008
0 0.55921875 0.35147436734693877 0.024375000000000036 0.09477099999999997
0 0.6508203125 0.36781336734693876 0.025624999999999898 0.09477199999999998
0 0.70296875 0.7543682244897959 0.05625000000000002 0.30718999999999996
0 0.717109375 0.24916616326530613 0.013124999999999942 0.04411800000000001
0 0.729921875 0.35729338775510205 0.028749999999999942 0.09803900000000003
0 0.7399609375 0.2159702244897959 0.014375000000000027 0.06045700000000001
0 0.773359375 0.24773220408163263 0.013125000000000053 0.053922000000000025
0 0.780390625 0.3256472653061225 0.020000000000000018 0.06699299999999997
0 0.7962890625 0.5583565714285714 0.050000000000000044 0.14379099999999995
0 0.8269921875 0.37630026530612243 0.021874999999999978 0.06699400000000003
0 0.8719921875 0.31911126530612244 0.02187500000000009 0.07026100000000002
0 0.8654296875 0.14275712244897962 0.007499999999999951 0.03431400000000001
0 0.8837109375 0.25243416326530616 0.01375000000000004 0.04411799999999998
0 0.91421875 0.3576092857142857 0.024375000000000036 0.07353000000000005
0 0.9178125 0.2368111428571429 0.015625 0.03594800000000001
0 0.9515625 0.5196911836734693 0.04749999999999999 0.050653999999999935
0 0.9576171875 0.30010338775510204 0.02312499999999995 0.09803900000000003
0 0.9851953125 0.8121920204081632 0.026874999999999982 0.25816900000000015
