0 0.0876958125 0.514583 0.04140600000000001 0.06458399999999997
0 0.1564455625 0.42421841666666665 0.03515599999999999 0.04479200000000009
0 0.21953125 0.4776041666666666 0.03906299999999999 0.06979200000000008
0 0.360547125 0.5453121666666666 0.03671799999999997 0.06770900000000002
0 0.457812 0.42942674999999997 0.03125 0.055209000000000064
0 0.5662104375 0.49453091666666665 0.029688000000000048 0.06041700000000009
0 0.635546375 0.6421871666666666 0.043749999999999956 0.06979199999999992
0 0.7017575625 0.3869788333333333 0.035155999999999965 0.057292000000000044
0 0.7654296875 0.6085940833333333 0.03906200000000004 0.06562499999999998
0 0.903125 0.4067711666666667 0.03203100000000003 0.06875000000000002
