0 0.1551953125 0.3643623157894737 0.05687500000000001 0.0725129999999999
0 0.209765625 0.23285078947368418 0.14499999999999996 0.20404699999999998
0 0.22921875 0.3217803684210526 0.08687500000000001 0.160202
0 0.31703125 0.49013500000000004 0.07125000000000004 0.10202400000000005
0 0.351640625 0.26166236842105267 0.05249999999999999 0.059021999999999956
0 0.3931640625 0.07289394736842106 0.04999999999999999 0.065768
0 0.6853515625 0.16052631578947368 0.6275 0.32209099999999996
0 0.5794921875 0.40573789473684213 0.11625000000000008 0.22681299999999996
0 0.5636328125 0.1991394210526316 0.073125 0.09527799999999997
0 0.6193359375 0.06594478947368422 0.04499999999999993 0.054805999999999994
0 0.6965234375 0.07869436842105262 0.06125000000000003 0.059022000000000005
0 0.733125 0.605225052631579 0.12687499999999996 0.18718400000000007
0 0.817421875 0.26056147368421056 0.09062500000000007 0.13322099999999998
0 0.8466015625 0.12979526315789475 0.06562500000000004 0.08516000000000001
0 0.97890625 0.042105263157894736 0.040000000000000036 0.08431699999999999
