0 0.16125 0.16464728340080972 0.125 0.200259
0 0.185234375 0.8731315546558706 0.13687499999999997 0.1892420000000001
0 0.35 0.5813473076923077 0.09375 0.116656
0 0.4438671875 0.22356699595141702 0.08437500000000003 0.09915699999999995
0 0.53125 0.5226761376518217 0.15625 0.19701900000000008
0 0.621484375 0.17509193522267208 0.04437500000000005 0.05638399999999997
0 0.61296875 0.7486576032388663 0.025000000000000022 0.023980000000000085
0 0.6631640625 0.6777327489878543 0.01937499999999992 0.025923000000000047
0 0.702109375 0.2459738097165992 0.04437499999999994 0.06869699999999994
0 0.736796875 0.7673283319838056 0.028124999999999956 0.03434900000000015
0 0.751484375 0.18667764372469636 0.04312499999999997 0.05119900000000002
0 0.776796875 0.6710471862348177 0.028124999999999956 0.030459999999999977
0 0.8238671875 0.24038068421052633 0.05437500000000006 0.08036299999999996
0 0.861953125 0.4874182874493927 0.06812499999999999 0.1023980000000001
