0 0.079921875 0.5066543191800879 0.028124999999999997 0.05347099999999999
0 0.0996484375 0.2597539633967789 0.03 0.06941799999999997
0 0.233671875 0.4802740614934114 0.02812500000000001 0.047841999999999996
0 0.2415625 0.2716772884333821 0.015625 0.030957
0 0.5989453125 0.4241033191800878 0.025624999999999898 0.05347000000000002
0 0.6315625 0.561545288433382 0.015625 0.03095700000000004
0 0.6496875 0.6141925461200585 0.016874999999999973 0.03658500000000006
0 0.67890625 0.5575657730600294 0.009374999999999911 0.019698999999999883
0 0.714140625 0.6777981903367497 0.020000000000000018 0.052532999999999934
0 0.713359375 0.6164804172767203 0.012499999999999956 0.032832999999999994
0 0.7873828125 0.662333159590044 0.010000000000000009 0.027204
0 0.808984375 0.496291159590044 0.013125000000000053 0.027204999999999886
0 0.860234375 0.5738545461200586 0.011874999999999969 0.036586000000000035
0 0.8790625 0.5989550307467058 0.016875000000000084 0.02532799999999988
