0 0.05546875 0.19893638067349922 0.05500000000000001 0.10037500000000003
0 0.144453125 0.08016709224011713 0.03687500000000002 0.073171
0 0.153203125 0.014641288433382138 0.03687499999999999 0.030019
0 0.2373828125 0.4016766383601757 0.07375000000000001 0.10787999999999996
0 0.2884765625 0.21589147877013176 0.06625000000000003 0.080676
0 0.2990234375 0.02635431918008785 0.030625000000000013 0.053471000000000005
0 0.3426171875 0.10654734992679356 0.05375000000000002 0.076923
0 0.3958203125 0.05490919033674964 0.026874999999999982 0.05159499999999999
0 0.58453125 0.36509163836017566 0.07187500000000002 0.106003
0 0.5966796875 0.23881734992679357 0.06874999999999998 0.07692399999999994
0 0.82015625 0.34756625183016104 0.07062499999999994 0.09849899999999993
0 0.8414453125 0.17113515373352856 0.05687500000000001 0.11726099999999998
0 0.8553515625 0.06909444802342606 0.03500000000000003 0.058161
