0 0.12234375 0.44280826928675404 0.024375000000000008 0.05214199999999999
0 0.1790234375 0.4324490611353711 0.030625000000000013 0.04376100000000008
0 0.204765625 0.3587738529839884 0.020625000000000004 0.04003699999999994
0 0.2489453125 0.4551486855895197 0.02687500000000001 0.062383999999999884
0 0.2512890625 0.37192706113537116 0.018125000000000002 0.04376200000000004
0 0.2887109375 0.3389854366812227 0.015000000000000013 0.027932000000000023
0 0.3194921875 0.3616850611353712 0.02312499999999995 0.04655499999999995
0 0.34375 0.4752262896652111 0.03125 0.06517700000000005
0 0.3430078125 0.33456485298398836 0.011249999999999982 0.038175
0 0.350234375 0.31198343668122275 0.013124999999999998 0.02886399999999991
0 0.3864453125 0.3902608733624454 0.026874999999999982 0.05400300000000006
0 0.4049609375 0.31530104075691406 0.014374999999999971 0.03072600000000006
0 0.4397265625 0.5099127059679767 0.034375000000000044 0.07821199999999995
0 0.4481640625 0.379664248908297 0.018125000000000002 0.03631299999999997
0 0.719921875 0.29914274672489083 0.5587500000000001 0.10707600000000002
0 0.464140625 0.421393269286754 0.020625000000000004 0.050279000000000004
0 0.5175390625 0.35476066521106264 0.018749999999999933 0.04934799999999999
0 0.5575 0.41231768558951964 0.03312499999999996 0.061452999999999994
0 0.590859375 0.5318523100436682 0.04312500000000008 0.08007499999999992
0 0.59546875 0.3528986652110626 0.024375000000000036 0.047485999999999924
0 0.678125 0.43600208151382824 0.03312500000000007 0.060521999999999944
0 0.68421875 0.36703564483260553 0.024375000000000036 0.03445099999999999
0 0.7832421875 0.3917164774381368 0.023125000000000062 0.05586600000000004
0 0.896171875 0.3890406855895196 0.028125000000000067 0.061453000000000035
