0 0.089140625 0.47746006149341136 0.020625000000000004 0.049718000000000116
0 0.129296875 0.6041010614934115 0.028124999999999983 0.04971899999999992
0 0.152265625 0.8451813440702782 0.05125000000000002 0.1669789999999998
0 0.1644921875 0.4905930614934114 0.021875000000000006 0.04971899999999992
0 0.2413671875 0.4816239326500732 0.021875000000000006 0.045967000000000015
0 0.2777734375 0.6118345768667643 0.030625000000000013 0.06003699999999999
0 0.284140625 0.7161900922401172 0.020625000000000004 0.07129399999999993
0 0.2896875 0.4778719326500733 0.015625 0.04408999999999993
0 0.3970703125 0.612246448023426 0.025624999999999953 0.05816100000000012
0 0.397109375 0.48642819033674967 0.012500000000000011 0.05159499999999995
0 0.4725390625 0.49141680380673497 0.018125000000000002 0.042213999999999974
0 0.5262109375 0.45524367496339685 0.015000000000000013 0.03846199999999999
0 0.568671875 0.4558840614934114 0.028124999999999956 0.04878000000000006
0 0.6053125 0.46947309224011713 0.04874999999999996 0.07129499999999998
0 0.8784375 0.2882559575402635 0.078125 0.158537
