0 0.04859375 0.31674944802342603 0.024375 0.057223000000000065
0 0.0799609375 0.3054482884333822 0.014374999999999999 0.03189499999999993
0 0.1609765625 0.31942325183016107 0.03437499999999999 0.09849899999999998
0 0.175625 0.36644150951683746 0.03312499999999999 0.10412800000000001
0 0.3002734375 0.3126988345534407 0.029374999999999984 0.06566600000000003
0 0.321484375 0.34383919033674964 0.012500000000000011 0.05253300000000006
0 0.3405078125 0.33008402489019034 0.04125000000000001 0.11538499999999999
0 0.4594140625 0.3400871903367496 0.018125000000000002 0.05065700000000002
0 0.4994140625 0.33869315959004387 0.01937500000000003 0.029081000000000048
0 0.5260546875 0.32462215959004387 0.007500000000000062 0.027204
0 0.5491015625 0.3465840922401171 0.03375000000000006 0.07129400000000001
0 0.5703125 0.3086741595900439 0.016874999999999973 0.02814300000000003
0 0.6214453125 0.3595768960468521 0.057499999999999996 0.11350799999999994
0 0.6680859375 0.3259720307467057 0.01375000000000004 0.02345200000000001
0 0.7083203125 0.3860531903367496 0.025624999999999898 0.05065699999999998
0 0.755390625 0.32299189604685213 0.05125000000000002 0.11350800000000003
0 0.795234375 0.32462215959004387 0.013124999999999942 0.028142000000000014
0 0.8266796875 0.33949096339677887 0.03875000000000006 0.06941900000000002
0 0.8908984375 0.3074817057101025 0.02937500000000004 0.06379000000000003
0 0.918359375 0.32773377306002927 0.013125000000000053 0.01969999999999998
0 0.9646875 0.398222251830161 0.04874999999999996 0.09849899999999998
0 0.9675390625 0.31670528843338214 0.01937500000000003 0.03095700000000004
