0 0.01171875 0.5301919160530192 0.024413999999999998 0.12371099999999993
0 0.1806641875 0.2901321620029455 0.05468700000000001 0.11929300000000007
0 0.25000018749999997 0.15316631075110457 0.023436999999999958 0.04712799999999999
0 0.2636719375 0.5684826053019145 0.04492199999999996 0.078056
0 0.2861333125 0.20029414580265098 0.02636700000000003 0.10751100000000001
0 0.38476550000000004 0.26067716200294555 0.046875 0.11782099999999997
0 0.5234375625 0.37555265390279824 0.06542999999999999 0.11487400000000005
0 0.5937503749999999 0.21354888365243005 0.04394500000000001 0.097202
0 0.6367189999999999 0.7496316701030928 0.03125 0.12518400000000007
0 0.6416011875000001 0.11340231075110456 0.021484999999999865 0.04712800000000001
0 0.7041015625 0.3593523593519882 0.06542999999999999 0.08100100000000002
0 0.7988280625 0.1767306215022091 0.050781000000000076 0.08983799999999999
0 0.9169923124999999 0.1458028350515464 0.025391000000000052 0.06332800000000001
0 0.9414064375 0.3372604241531664 0.061522999999999994 0.126657
