0 0.049140625 0.5234899166666667 0.020624999999999998 0.029165999999999952
0 0.0908203125 0.6032291666666666 0.025624999999999995 0.03750000000000009
0 0.1301171875 0.5082291666666666 0.02187499999999999 0.036667000000000005
0 0.159921875 0.5980208333333333 0.027499999999999997 0.02750000000000008
0 0.2212890625 0.5684899166666666 0.018125000000000002 0.030833000000000037
0 0.2315625 0.528125 0.016875 0.03250000000000012
0 0.25609375 0.5665621666666666 0.023749999999999993 0.03833400000000009
0 0.259765625 0.52755175 0.020625000000000004 0.025834000000000062
0 0.3142578125 0.5762496666666667 0.011249999999999982 0.02166700000000003
0 0.3276171875 0.5959899166666668 0.021874999999999978 0.029165999999999876
0 0.347265625 0.5644270833333334 0.020625000000000004 0.03583299999999993
0 0.3778125 0.5634899166666666 0.01687500000000003 0.03083299999999996
0 0.4094140625 0.5641663333333332 0.019374999999999976 0.04333400000000013
0 0.4326171875 0.5419270833333334 0.023125000000000007 0.03416699999999991
0 0.5303125 0.548958 0.016875000000000084 0.031666999999999966
0 0.5340625 0.5662496666666667 0.016874999999999973 0.022499999999999964
0 0.5775390625 0.558125 0.018125000000000058 0.03249999999999997
0 0.6062890625 0.56921875 0.01937499999999992 0.025832999999999995
0 0.6507421875 0.5590621666666666 0.021874999999999978 0.03750000000000001
0 0.6825390625 0.56755175 0.01937500000000003 0.025834000000000062
0 0.7194140625 0.5459899166666666 0.01937500000000003 0.0300000000000001
0 0.7337890625 0.6200003333333334 0.018125000000000058 0.04333299999999992
0 0.7603125 0.566458 0.016250000000000098 0.0324999999999999
0 0.7782421875 0.5584899166666667 0.022500000000000075 0.03083299999999996
0 0.7938671875 0.8289065833333332 0.023125000000000062 0.05000000000000012
0 0.8213671875 0.6121878333333334 0.02312499999999995 0.027500000000000007
0 0.9084375 0.5710940833333332 0.016874999999999973 0.035000000000000066
0 0.9615625 0.6012496666666666 0.016874999999999973 0.022500000000000114
0 0.9884375 0.5941145833333333 0.016875000000000084 0.020832999999999952
