0 0.49734375 0.5432028304093568 0.9925 0.7949439999999999
0 0.08347656249999999 0.5929262865497076 0.0975 0.180712
0 0.172265625 0.2562916725146199 0.05124999999999999 0.08333299999999996
0 0.25625 0.41510655555555553 0.06312500000000001 0.11329500000000002
0 0.2611328125 0.21841147368421054 0.07312499999999997 0.13202199999999997
0 0.4190625 0.3210625438596491 0.048750000000000016 0.11516800000000009
0 0.4574609375 0.21205371929824562 0.044999999999999984 0.07303399999999999
0 0.4741015625 0.42387848538011696 0.06499999999999995 0.12921300000000005
0 0.5571875 0.2617286140350877 0.0475000000000001 0.09831500000000003
0 0.70671875 0.6119648421052631 0.14875000000000005 0.29026299999999994
0 0.6758984375 0.40930749707602343 0.06125000000000003 0.126404
0 0.7013671875 0.2705666257309941 0.053749999999999964 0.09550500000000005
0 0.8423046875 0.34458552046783625 0.06937499999999996 0.12078699999999998
0 0.9659765625 0.26867743859649124 0.06562500000000004 0.140449
