0 0.1150390625 0.8528 0.05078100000000001 0.06560000000000002
0 0.1333979375 0.478 0.045313000000000006 0.06
0 0.13964893750000001 0.677 0.04531199999999999 0.05839999999999998
0 0.1318361875 0.12040000000000001 0.021875000000000006 0.06880000000000001
0 0.1451169375 0.27279999999999993 0.045313000000000006 0.05679999999999998
0 0.3109375 0.051 0.04843800000000004 0.0632
0 0.42734399999999995 0.11439999999999999 0.03203100000000003 0.08080000000000002
0 0.4703125 0.2706 0.046875 0.05839999999999998
0 0.4734375 0.6656 0.046875 0.06479999999999995
0 0.4828125 0.472 0.04765600000000003 0.05680000000000001
0 0.48671850000000005 0.8664 0.04765699999999995 0.06560000000000002
0 0.6132814999999999 0.05 0.04843700000000006 0.06160000000000001
0 0.7646489375 0.1388 0.04687400000000008 0.08480000000000003
0 0.7890625 0.8706 0.04765600000000003 0.05999999999999989
0 0.7896479375 0.47179999999999994 0.04609400000000008 0.05440000000000003
0 0.7906245 0.278 0.04765700000000006 0.060800000000000014
0 0.7939450625000001 0.6668000000000001 0.04999999999999982 0.06159999999999991
0 0.9503903749999999 0.0438 0.04375000000000007 0.0632
