0 0.0587890625 0.3815621666666667 0.019375000000000003 0.03749999999999994
0 0.09671875 0.4140621666666666 0.024374999999999994 0.036667000000000005
0 0.1590234375 0.44645799999999997 0.030624999999999986 0.03250000000000005
0 0.2302734375 0.4278128333333333 0.030624999999999986 0.05750000000000003
0 0.362265625 0.38119825 0.020625000000000004 0.040832999999999973
0 0.404765625 0.46296875 0.051875000000000004 0.08666699999999998
0 0.4652734375 0.3908333333333333 0.030625000000000013 0.043333000000000066
0 0.53203125 0.47989583333333335 0.07124999999999998 0.12083299999999997
0 0.5225390625 0.39416633333333334 0.018124999999999947 0.041666999999999975
0 0.6400390625 0.364792 0.01937500000000003 0.03333299999999998
0 0.6844921875 0.38359408333333334 0.023125000000000062 0.035833000000000004
0 0.7497265625 0.38270866666666664 0.03374999999999995 0.053333
0 0.7999609375 0.44848925 0.04500000000000004 0.07250000000000001
0 0.87453125 0.5535413333333333 0.07187500000000002 0.13749999999999996
