0 0.0449219375 0.33821360761346997 0.04687499999999999 0.08345500000000004
0 0.062500125 0.584187448023426 0.036133 0.05710099999999998
0 0.16601525 0.48023457101024886 0.102539 0.15080500000000002
0 0.337890625 0.2898975095168375 0.052734 0.10541699999999996
0 0.45800749999999996 0.3499271229868228 0.046875 0.09663200000000002
0 0.501953375 0.3396776383601757 0.04394500000000007 0.10541799999999997
0 0.6054683750000001 0.35871199414348465 0.04394599999999993 0.09077600000000005
0 0.6318355 0.6632501844802343 0.079102 0.1405569999999999
0 0.6894534999999999 0.3265004787701318 0.04785100000000009 0.08052699999999997
0 0.8164059375 0.3616395402635432 0.07617200000000002 0.127379
0 0.892578375 0.24011722108345537 0.0439449999999999 0.07466999999999999
0 0.9365236875 0.500732055636896 0.07031199999999993 0.13909200000000002
