0 0.055781250000000004 0.5878035710102488 0.070625 0.15103200000000008
0 0.046328125 0.3805826076134699 0.036875000000000005 0.08255200000000004
0 0.0818359375 0.3381410922401171 0.045 0.07129400000000001
0 0.0746875 0.2779456749633968 0.015625 0.04033800000000002
0 0.1334765625 0.22376419033674963 0.03437499999999999 0.05253300000000002
0 0.1791796875 0.3119883499267936 0.03812500000000002 0.07879899999999995
0 0.1961328125 0.22237015959004391 0.01125000000000001 0.02814300000000003
0 0.26164062499999996 0.39161209224011706 0.05124999999999999 0.07317099999999997
0 0.2948046875 0.5605995710102488 0.06874999999999998 0.15197000000000005
0 0.33234375 0.3653191537335285 0.05562499999999998 0.11913699999999994
0 0.3240234375 0.2677409326500732 0.029374999999999984 0.04409000000000001
0 0.413125 0.3239558345534407 0.03312499999999996 0.06472800000000001
0 0.41046875 0.2301026749633968 0.02437499999999998 0.03846199999999999
0 0.4440625 0.6210052825768668 0.078125 0.12288899999999997
0 0.42234375 0.27021315959004394 0.023749999999999993 0.02907999999999999
0 0.5044921875 0.500149699853587 0.053749999999999964 0.153846
0 0.5333203125 0.4190446076134699 0.026874999999999982 0.08442800000000011
0 0.5465625 0.25010128843338214 0.016250000000000098 0.03095700000000004
0 0.5815234375 0.3596729326500732 0.030625000000000013 0.045965999999999924
0 0.6655078125 0.45416547877013175 0.041874999999999996 0.08067600000000004
0 0.693984375 0.3839496749633967 0.011874999999999969 0.038461000000000016
0 0.7387109375 0.3257876749633968 0.014374999999999916 0.03846199999999999
0 0.738984375 0.3625570307467057 0.011874999999999969 0.02345200000000001
0 0.7509765625 0.43405360761347 0.03500000000000003 0.08348999999999997
0 0.7653125 0.34173567496339674 0.016875000000000084 0.04033700000000001
0 0.8427734375 0.3285325768667643 0.030625000000000013 0.06003699999999995
0 0.8603125 0.4512372210834553 0.01749999999999996 0.07504700000000004
0 0.887890625 0.3790743191800878 0.020625000000000004 0.05440900000000005
0 0.9648046875 0.5717163748169839 0.06874999999999998 0.19230799999999998
0 0.9502734375 0.3530368345534407 0.030625000000000013 0.066604
