0 0.0078125 0.5319270833333333 0.01625 0.03416699999999998
0 0.04203125 0.49697949999999996 0.009375000000000001 0.01583300000000006
0 0.103359375 0.5390104166666666 0.011874999999999997 0.01333300000000004
0 0.134609375 0.5307815833333334 0.013124999999999998 0.019165999999999943
0 0.16390625 0.5294795 0.008750000000000008 0.015832999999999913
0 0.1932421875 0.5776559166666666 0.023125000000000007 0.0300000000000001
0 0.1860546875 0.5144795 0.007499999999999979 0.01750000000000007
0 0.2375390625 0.7724475833333333 0.08124999999999999 0.143334
0 0.2048828125 0.5306774166666667 0.009999999999999981 0.013332999999999892
0 0.2219140625 0.3685940833333334 0.019375000000000003 0.03499999999999992
0 0.2948046875 0.6924996666666666 0.03749999999999998 0.08416700000000003
0 0.31421875 0.5741663333333333 0.024375000000000036 0.04333400000000006
0 0.391875 0.31755208333333335 0.033125000000000016 0.06666700000000003
0 0.4309765625 0.6339065833333334 0.03500000000000003 0.05166599999999999
0 0.4501953125 0.6945830000000001 0.02562500000000001 0.063334
0 0.4946875 0.70796875 0.04750000000000004 0.08749999999999991
0 0.486171875 0.637292 0.02812500000000001 0.03250000000000005
0 0.513046875 0.6375003333333332 0.028749999999999942 0.04250000000000013
0 0.5633984375 0.7019791666666667 0.06062500000000004 0.09999999999999994
0 0.63625 0.6377086666666666 0.03125 0.053333000000000075
0 0.6912109375 0.7200524166666668 0.07625000000000004 0.10833300000000001
0 0.695078125 0.6240621666666666 0.036250000000000004 0.03833400000000017
0 0.6965625 0.5912496666666667 0.016874999999999973 0.022499999999999964
0 0.718984375 0.54421875 0.011874999999999969 0.02416700000000005
0 0.747109375 0.5466145833333332 0.013125000000000053 0.02083300000000003
0 0.7708203125 0.6575520833333334 0.026874999999999982 0.06583300000000003
0 0.7723828125 0.5628125 0.011250000000000093 0.017499999999999998
0 0.7956640625 0.6566663333333334 0.018125000000000058 0.04333399999999991
0 0.8299609375 0.5559899166666668 0.015000000000000013 0.03083299999999996
0 0.8481640625 0.6750520833333332 0.05062500000000003 0.0666670000000001
0 0.8709375 0.5546878333333334 0.016874999999999973 0.02749999999999993
0 0.88734375 0.5991663333333334 0.024375000000000036 0.041666999999999975
0 0.9178515625 0.33421908333333333 0.03500000000000003 0.06666599999999993
0 0.9549609375 0.5087496666666667 0.014375000000000027 0.022499999999999964
0 0.9636328125 0.5602600833333332 0.010000000000000009 0.03416700000000006
