0 0.105 0.3964864480234261 0.031875 0.05722299999999994
0 0.2778515625 0.37577834992679354 0.034375000000000044 0.07692299999999996
0 0.3575 0.3979505768667643 0.03187500000000004 0.06097599999999998
0 0.441171875 0.3933738345534407 0.02812500000000001 0.06472799999999992
0 0.4658203125 0.4123201903367496 0.02562500000000001 0.05065600000000001
0 0.5715234375 0.4037629326500732 0.030000000000000027 0.04408999999999993
0 0.5744140625 0.40113328843338214 0.018124999999999947 0.0309559999999999
0 0.6800390625 0.39062993265007323 0.018124999999999947 0.04409000000000005
0 0.6918359375 0.3963280307467057 0.014374999999999916 0.024390999999999958
0 0.695234375 0.4028950307467058 0.012500000000000067 0.02532799999999996
0 0.7939453125 0.3939700614934114 0.026874999999999982 0.049719000000000006
0 0.8814453125 0.4198241903367496 0.02562500000000001 0.05253300000000002
