0 0.1052216875 0.21781844802342606 0.038333000000000006 0.05749999999999997
0 0.1521748125 0.04117496339677892 0.04166599999999998 0.0675
0 0.18826856250000001 0.2257467057101025 0.033332999999999974 0.0625
0 0.2396484375 0.0597108345534407 0.03 0.065
0 0.3002216875 0.20574670571010245 0.038333000000000006 0.06250000000000001
0 0.3180341875 0.5649597364568081 0.053332999999999964 0.08500000000000009
0 0.361432625 0.06489019033674963 0.020000000000000018 0.052500000000000005
0 0.3643623125 0.20031844802342605 0.026665999999999968 0.05750000000000001
0 0.44993456249999997 0.1907467057101025 0.03333400000000003 0.0625
0 0.4976953125 0.2261749633967789 0.026666999999999996 0.06750000000000003
0 0.58453125 0.029282576866764276 0.040000000000000036 0.06
0 0.6616015625 0.21239019033674963 0.033332999999999946 0.05000000000000001
0 0.7249345625 0.03763909224011713 0.033333999999999975 0.0725
0 0.787629875 0.11392386530014642 0.05999999999999994 0.09
