0 0.0742185625 0.5167882481751825 0.03418000000000001 0.03649599999999997
0 0.1435544375 0.5372262262773723 0.029297000000000017 0.05547499999999995
0 0.2109375 0.5182477664233577 0.047852000000000006 0.08613199999999994
0 0.28222674999999997 0.5547448102189783 0.025390000000000024 0.04525499999999987
0 0.33984393749999997 0.570802496350365 0.04589800000000005 0.07007300000000007
0 0.38671925 0.5474456204379563 0.04003899999999999 0.08905099999999999
0 0.435547125 0.5518252262773722 0.037109 0.05693400000000011
0 0.48535124999999996 0.49343072262773713 0.07031300000000001 0.1270070000000001
0 0.6582034999999999 0.5270069124087592 0.046875 0.08175199999999998
0 0.7138669375000001 0.5722623722627738 0.044921999999999906 0.05401499999999998
0 0.7675781875 0.5211682481751826 0.05468700000000004 0.037955999999999934
0 0.8144535625 0.5532843722627737 0.03417899999999996 0.05401500000000006
