0 0.0886328125 0.3948856022099447 0.042499999999999996 0.07250300000000014
0 0.0923828125 0.3090111712707182 0.04250000000000001 0.06719700000000002
0 0.217578125 0.32492617127071827 0.03624999999999998 0.0671969999999999
0 0.2680078125 0.37858381767955807 0.04125000000000001 0.07603900000000004
0 0.3416796875 0.3241516022099447 0.03875000000000001 0.07427100000000002
0 0.4055078125 0.3429394640883978 0.041874999999999996 0.08311199999999996
0 0.45953125 0.3282952486187845 0.04062500000000002 0.08134400000000004
0 0.5181640625 0.348077541436464 0.04999999999999993 0.09725900000000004
0 0.62703125 0.338795817679558 0.039999999999999925 0.07603899999999995
0 0.7540625 0.3182928950276243 0.04749999999999999 0.08841700000000002
0 0.88875 0.3187326187845304 0.0625 0.11229000000000003
