0 0.0528515625 0.48132652565564416 0.034999999999999996 0.06856300000000007
0 0.1735546875 0.47257352565564426 0.03812499999999999 0.068563
0 0.270859375 0.4613137765108324 0.04375000000000001 0.07221100000000007
0 0.3378515625 0.4895757730900799 0.03500000000000003 0.06345799999999995
0 0.3675 0.4807312713797035 0.03125 0.05835100000000008
0 0.44953125 0.42698151881413915 0.03937499999999999 0.05032899999999993
0 0.457109375 0.49728102394526796 0.043125000000000024 0.06418600000000003
0 0.5740625 0.49208252223489163 0.046875 0.05981100000000007
0 0.6233203125 0.47029302394526795 0.026874999999999982 0.064916
0 0.6675390625 0.5742270171037629 0.050000000000000044 0.04668199999999986
0 0.70828125 0.5039787696693272 0.03937500000000005 0.054705000000000024
0 0.7548828125 0.5161525222348917 0.04125000000000001 0.061269
0 0.828203125 0.467417267958951 0.03687499999999999 0.04959899999999997
0 0.868984375 0.5252242713797036 0.043749999999999956 0.05835099999999983
0 0.9580859375 0.4791385256556443 0.045624999999999916 0.068563
