0 0.060781249999999995 0.19322883333333332 0.07187500000000001 0.11999999999999998
0 0.2507421875 0.21609341666666668 0.05437500000000001 0.07749999999999997
0 0.4237109375 0.3426038333333334 0.07624999999999998 0.08999999999999993
0 0.499140625 0.24203158333333333 0.05125000000000002 0.08333299999999999
0 0.6105078125 0.3640100833333333 0.07374999999999998 0.09666699999999999
0 0.6313671875 0.22906250000000003 0.05437500000000006 0.07916699999999999
0 0.72921875 0.277917 0.055624999999999925 0.06416599999999999
0 0.83703125 0.4059895833333333 0.07187500000000002 0.11416700000000006
0 0.8807421875 0.2548955 0.05312499999999998 0.07916699999999999
0 0.9651171875 0.2597395833333333 0.053750000000000075 0.05166700000000002
0 0.9825 0.3776038333333333 0.03249999999999997 0.08916700000000004
