0 0.1478515625 0.236725056980057 0.06562499999999999 0.11405099999999997
0 0.1825 0.7286895498575499 0.06312500000000001 0.10127700000000008
0 0.289765625 0.7106180427350427 0.05249999999999999 0.0857670000000001
0 0.3134375 0.3482800398860399 0.048750000000000016 0.08211699999999994
0 0.4167578125 0.25378953846153846 0.04249999999999998 0.07846799999999998
0 0.444765625 0.6666455498575499 0.05125000000000002 0.10127799999999998
0 0.503515625 0.3336820398860399 0.05125000000000002 0.082116
0 0.557578125 0.31897103703703705 0.03687499999999999 0.074818
0 0.56578125 0.6906570455840456 0.04062500000000002 0.09397799999999999
0 0.6280078125 0.7241930398860399 0.04125000000000001 0.08211600000000004
0 0.64265625 0.30437303703703705 0.03937499999999994 0.07481700000000001
0 0.709765625 0.7179170427350428 0.05249999999999999 0.08576700000000001
0 0.726328125 0.29382453561253563 0.036250000000000004 0.07299200000000002
0 0.7206640625 0.15680401994301993 0.01937499999999992 0.041059000000000005
0 0.7648046875 0.6624375356125356 0.038125000000000075 0.07299300000000007
0 0.8287109375 0.6054680370370371 0.04499999999999993 0.076642
0 0.83203125 0.15576203988603987 0.040000000000000036 0.08211700000000001
