0 0.03125 0.37190660766961653 0.0625 0.136922
0 0.188046875 0.35672691150442476 0.06 0.20585500000000007
0 0.2662109375 0.3701979764011799 0.076875 0.12370199999999996
0 0.4270703125 0.503639197640118 0.057499999999999996 0.114259
0 0.4328125 0.3016954100294985 0.015625 0.02549600000000002
0 0.57171875 0.3772927463126844 0.023749999999999938 0.051936000000000065
0 0.6132421875 0.4867590501474926 0.053749999999999964 0.11803600000000002
0 0.68015625 0.48992624778761057 0.13437500000000002 0.23229500000000006
0 0.6464453125 0.2468638938053097 0.026874999999999982 0.04627
0 0.7844921875 0.2950228938053097 0.021874999999999978 0.044381
0 0.8290625 0.2674041887905605 0.016249999999999987 0.03305000000000006
0 0.909296875 0.3011563038348083 0.028124999999999956 0.06893299999999994
