0 0.1203515625 0.34864444802342603 0.034375 0.05722299999999994
0 0.195234375 0.3583931595900439 0.011875000000000024 0.027204
0 0.2869921875 0.37092993265007324 0.023125000000000007 0.04409000000000001
0 0.3983984375 0.36764346705710105 0.12437500000000001 0.261726
0 0.4924609375 0.37580428843338215 0.01375000000000004 0.030019000000000063
0 0.49390625 0.37797890190336747 0.008750000000000036 0.02063799999999996
0 0.574921875 0.42281482869692527 0.09124999999999994 0.15759800000000004
0 0.6944921875 0.36488906149341144 0.023125000000000062 0.04784299999999993
0 0.719140625 0.3719821903367497 0.020625000000000004 0.052532999999999976
0 0.7965625 0.40207128843338213 0.015625 0.030955999999999984
0 0.935625 0.4380782825768667 0.06374999999999997 0.12101300000000009
0 0.980703125 0.575381055636896 0.036250000000000004 0.13883599999999993
