0 0.1028515625 0.2728887496339678 0.09625 0.38086299999999995
0 0.289453125 0.2745007920937042 0.09874999999999998 0.22326500000000002
0 0.3873828125 0.2335493440702782 0.073125 0.166979
0 0.4280859375 0.23140066910688137 0.04625000000000001 0.131332
0 0.43984375 0.23034941142020496 0.024375000000000036 0.125703
0 0.5015234375 0.2958569941434846 0.030624999999999958 0.09193299999999997
0 0.545546875 0.33800089604685213 0.05874999999999997 0.111632
0 0.6240234375 0.3439457306002928 0.09312500000000001 0.17823600000000003
0 0.723828125 0.37465599414348466 0.06812499999999999 0.09193300000000001
0 0.79203125 0.3527305036603221 0.04062500000000002 0.1941830000000001
