0 0.335625 0.4890328960468522 0.06437500000000002 0.1135079999999999
0 0.4485546875 0.4300730922401171 0.03875000000000001 0.07317100000000001
0 0.50125 0.4086295710102489 0.06374999999999997 0.15009399999999992
0 0.6314453125 0.4349474480234261 0.026874999999999982 0.05722399999999995
0 0.66625 0.4157044787701317 0.03312499999999996 0.08067499999999998
0 0.694921875 0.4001865710102488 0.059374999999999956 0.15009400000000006
0 0.80203125 0.42005270571010245 0.040000000000000036 0.06379000000000003
0 0.8376953125 0.43929667496339675 0.026875000000000093 0.038461000000000016
0 0.8627734375 0.4083838345534407 0.02937499999999993 0.06472800000000009
0 0.93140625 0.4033952210834553 0.040000000000000036 0.07410900000000008
