0 0.015625 0.4684020000000001 0.03125 0.06451699999999984
0 0.0627734375 0.4738807777777778 0.030625 0.08898799999999997
0 0.104140625 0.5002241111111111 0.051250000000000004 0.10011100000000006
0 0.186015625 0.5395097777777778 0.05125000000000002 0.08898800000000001
0 0.248984375 0.5512256666666667 0.074375 0.14682999999999996
0 0.2580078125 0.29652888888888884 0.04125000000000001 0.09343800000000006
0 0.3363671875 0.5581701111111111 0.08437499999999998 0.1624029999999999
0 0.321015625 0.27050900000000005 0.05249999999999999 0.12569499999999997
0 0.4755078125 0.5706453333333333 0.10374999999999995 0.23248100000000005
0 0.6444140625 0.12182944444444445 0.08187500000000003 0.202447
