0 0.1300390625 0.45300914285714283 0.05000000000000002 0.08832500000000007
0 0.1355859375 0.16100995238095236 0.044999999999999984 0.10659900000000004
0 0.2658984375 0.5032547301587301 0.02937500000000004 0.06192899999999998
0 0.3774609375 0.518169634920635 0.04625000000000001 0.07106600000000005
0 0.4809375 0.49380363492063495 0.04749999999999999 0.07005100000000003
0 0.5592578125 0.18410274603174603 0.04250000000000009 0.09441600000000001
0 0.65390625 0.5278789365079365 0.039999999999999925 0.073096
0 0.7618359375 0.4424144444444444 0.04500000000000004 0.0913699999999999
0 0.8262109375 0.11912774603174604 0.04625000000000001 0.09238599999999998
0 0.9136328125 0.4331478412698413 0.04250000000000009 0.08527899999999998
