0 0.14392623363544813 0.3623820833333333 0.050624999999999996 0.06709800000000003
0 0.21528008559919434 0.3669181666666666 0.04562499999999999 0.0687140000000001
0 0.261565332326284 0.46909208333333335 0.05625000000000004 0.06548100000000005
0 0.2884050855991943 0.16454466666666667 0.045625000000000075 0.084883
0 0.3051409869083585 0.34504775 0.04125000000000001 0.05497200000000002
0 0.3527800855991944 0.45696608333333333 0.04499999999999994 0.06709800000000003
0 0.3654191842900302 0.33152733333333334 0.04875000000000006 0.07437299999999995
0 0.4534050855991944 0.40361108333333334 0.044374999999999984 0.06548099999999997
0 0.6455230362537764 0.41829783333333337 0.043750000000000025 0.05739699999999992
0 0.6958698388721047 0.19778199999999999 0.03625000000000003 0.06305600000000004
0 0.7203839375629406 0.3426661666666666 0.03999999999999991 0.06871400000000005
0 0.7901409869083585 0.41672424999999996 0.041250000000000064 0.07114000000000005
0 0.8800371349446123 0.3827278333333333 0.046875 0.05820599999999998
