0 0.0426953125 0.3578128333333333 0.025625000000000002 0.058333000000000045
0 0.1321875 0.4571871666666667 0.046875000000000014 0.06916699999999998
0 0.2476171875 0.20484375 0.023125000000000007 0.05666700000000002
0 0.2701953125 0.3042190833333333 0.026874999999999982 0.06583300000000007
0 0.3269140625 0.22026041666666665 0.05062500000000003 0.075833
0 0.4522265625 0.18177083333333335 0.03500000000000003 0.08999999999999998
0 0.5606640625 0.1769791666666667 0.05062500000000003 0.09999999999999999
0 0.762890625 0.2192705 0.02124999999999999 0.04833399999999999
0 0.78875 0.4181770833333333 0.0631250000000001 0.09666700000000006
0 0.895078125 0.26526041666666667 0.0675 0.07750000000000001
0 0.90234375 0.7884378333333334 0.055625000000000036 0.09083299999999994
