0 0.4995703125 0.43522516892911006 0.8075000000000001 0.5733590000000001
0 0.1357421875 0.19830043438914027 0.022499999999999992 0.04633200000000001
0 0.197265625 0.363298503770739 0.01999999999999999 0.06756700000000009
0 0.21421875 0.20837513876319758 0.024999999999999994 0.04440100000000001
0 0.26046875 0.37506202564102564 0.024999999999999994 0.05212300000000004
0 0.271171875 0.447576616892911 0.028749999999999998 0.057915000000000015
0 0.291015625 0.17235902564102568 0.02124999999999999 0.05212400000000002
0 0.3160546875 0.33669320814479636 0.03750000000000003 0.063707
0 0.3371484375 0.455298616892911 0.02999999999999997 0.057915000000000105
0 0.376171875 0.17042902564102563 0.027500000000000024 0.05405400000000004
0 0.39171875 0.4589174343891403 0.025000000000000022 0.04633200000000001
0 0.39546875 0.3681844343891403 0.025000000000000022 0.048262000000000034
0 0.41171875 0.6575789125188537 0.023749999999999993 0.06177600000000002
0 0.43671875 0.33669320814479636 0.023749999999999993 0.063707
0 0.457421875 0.4462488431372549 0.028749999999999998 0.040540000000000076
0 0.459921875 0.38598113876319756 0.028749999999999998 0.04440099999999995
0 0.467421875 0.18201202564102564 0.028749999999999998 0.054054
0 0.50046875 0.3634790256410257 0.025000000000000022 0.05405400000000002
0 0.519921875 0.4464900256410256 0.02749999999999997 0.05405400000000002
0 0.517265625 0.6584233212669683 0.021250000000000102 0.05598500000000004
0 0.5201953125 0.20065313876319757 0.026249999999999996 0.04247099999999999
0 0.5525390625 0.33023832126696834 0.018750000000000044 0.05598399999999999
0 0.5703125 0.2632735475113122 0.01749999999999996 0.038610000000000054
0 0.5794921875 0.45463473001508303 0.022500000000000075 0.05019299999999993
0 0.6071484375 0.36583173001508296 0.030000000000000027 0.05019300000000006
0 0.61546875 0.26586743438914023 0.023749999999999938 0.046332000000000054
0 0.6391015625 0.46645891251885374 0.03374999999999995 0.061775999999999935
0 0.6383984375 0.6716951387631976 0.030000000000000027 0.042471000000000016
0 0.6428125 0.39068654751131215 0.016249999999999987 0.03667899999999995
0 0.6575390625 0.2708150256410256 0.018749999999999933 0.05212299999999999
0 0.692421875 0.23069673001508295 0.02750000000000008 0.050193000000000015
0 0.6887890625 0.39068654751131215 0.018749999999999933 0.03667899999999995
0 0.695625 0.6815893212669683 0.03125 0.055985000000000125
0 0.7058984375 0.46320113876319763 0.029999999999999916 0.044400999999999906
0 0.73421875 0.6047920256410256 0.023749999999999938 0.05405400000000002
0 0.7487890625 0.360703616892911 0.018750000000000044 0.057915000000000015
0 0.789375 0.2708150256410256 0.03125 0.05212299999999999
0 0.784765625 0.46470943438914036 0.020000000000000018 0.04826299999999987
0 0.79671875 0.3648067993966817 0.025000000000000022 0.07142800000000009
0 0.849765625 0.3815169125188537 0.020000000000000018 0.06177600000000002
0 0.8519921875 0.26803961689291106 0.022499999999999964 0.05791499999999993
0 0.88921875 0.39309991251885373 0.02375000000000005 0.06177600000000002
