0 0.0721484375 0.529311146842878 0.030624999999999993 0.05644400000000005
0 0.211796875 0.45152886049926577 0.02812500000000001 0.047036999999999995
0 0.3871484375 0.6779930058737151 0.030625000000000013 0.08278399999999998
0 0.4313671875 0.9352024375917769 0.08437499999999998 0.12699899999999997
0 0.495625 0.34192129074889865 0.03187499999999999 0.07337700000000001
0 0.7441796875 0.2812988795888399 0.4756250000000001 0.316086
0 0.554296875 0.8027432936857563 0.05874999999999997 0.1138279999999999
0 0.584375 0.39460229074889863 0.03312500000000007 0.07337800000000004
0 0.6565234375 0.5112532907488986 0.030625000000000013 0.07149600000000003
0 0.7159375 0.6337780058737151 0.04874999999999996 0.08466599999999995
0 0.8098046875 0.49831300587371513 0.03749999999999998 0.08466599999999995
0 0.848125 0.345340718061674 0.03187499999999999 0.053621999999999996
0 0.8996875 0.656768577092511 0.046875 0.08090299999999992
0 0.894375 0.4834448619676946 0.03312499999999996 0.06773299999999999
