0 0.107265625 0.5080208333333333 0.02062499999999999 0.027500000000000007
0 0.16984375 0.5068746666666667 0.025000000000000022 0.05333400000000007
0 0.235546875 0.48682325 0.02812500000000001 0.070833
0 0.415859375 0.5037496666666667 0.011875000000000024 0.02166700000000003
0 0.4398828125 0.47661458333333334 0.011249999999999982 0.018333000000000006
0 0.463984375 0.4886455 0.012500000000000011 0.015834000000000053
0 0.4898828125 0.5083857500000001 0.010624999999999996 0.025832999999999922
0 0.5394921875 0.54817675 0.022499999999999964 0.055000000000000084
0 0.5834765625 0.5028649166666667 0.06625000000000003 0.12249999999999998
0 0.9046875 0.47171875 0.015625 0.025832999999999995
0 0.9905859375 0.48609341666666667 0.014375000000000027 0.07583400000000003
