0 0.0205078125 0.0789785294117647 0.04125 0.06773300000000003
0 0.2888671875 0.41703841176470596 0.11624999999999996 0.24741299999999994
0 0.461796875 0.1818325882352941 0.058750000000000024 0.15428099999999997
0 0.5333984375 0.31701776470588233 0.09312499999999996 0.20884299999999995
0 0.58796875 0.16582917647058826 0.05499999999999994 0.10818399999999997
0 0.706328125 0.07709752941176472 0.03687499999999999 0.06961400000000002
0 0.7530859375 0.007352941176470588 0.01375000000000004 0.015992
0 0.8988671875 0.01764705882352941 0.021874999999999978 0.035748
0 0.904140625 0.013235294117647059 0.020625000000000004 0.028222000000000007
0 0.9469140625 0.008823529411764706 0.01937500000000003 0.017874
0 0.9558203125 0.011764705882352941 0.02562500000000001 0.024459
