0 0.102578125 0.11473957686676428 0.03699999999999999 0.06147
0 0.11353125 0.3768983499267935 0.04100000000000001 0.07796099999999997
0 0.1266484375 0.18224144802342607 0.030999999999999986 0.056970999999999994
0 0.168390625 0.3499462210834553 0.05100000000000002 0.07346400000000006
0 0.190765625 0.17056328843338214 0.02100000000000002 0.031483999999999984
0 0.199765625 0.33687467496339674 0.02099999999999999 0.04048
0 0.231625 0.1551498345534407 0.033 0.06446699999999998
0 0.2404140625 0.4248036076134699 0.049000000000000016 0.08395800000000003
0 0.3150859375 0.5831626691068814 0.07699999999999996 0.12893500000000002
0 0.314671875 0.17328131918008785 0.029000000000000026 0.05397299999999999
0 0.38334375 0.43037915373352853 0.055999999999999994 0.11993999999999998
0 0.433484375 0.40688334992679354 0.04300000000000004 0.07646100000000003
0 0.463765625 0.3471584480234261 0.020999999999999963 0.05697199999999997
0 0.514390625 0.46960525183016105 0.052000000000000046 0.0989509999999999
0 0.512625 0.345659448023426 0.03200000000000003 0.05847100000000002
0 0.636484375 0.45799783455344073 0.04300000000000004 0.06596699999999997
0 0.675578125 0.37829173645680825 0.03599999999999992 0.08545699999999996
0 0.747484375 0.36179973645680824 0.04400000000000004 0.0869569999999999
0 0.769578125 0.683998251830161 0.03700000000000003 0.09895099999999998
0 0.847578125 0.3423804787701318 0.03600000000000003 0.08095899999999995
0 0.86734375 0.49816199414348455 0.05500000000000005 0.09295300000000016
0 0.938625 0.4580685768667642 0.03299999999999992 0.059970000000000113
0 0.9626484375 0.41434447877013175 0.030000000000000027 0.08095900000000003
