0 0.1516015625 0.6616663333333334 0.035 0.04416700000000007
0 0.16125 0.40390658333333335 0.0325 0.05166599999999991
0 0.180625 0.142917 0.03125 0.06416599999999999
0 0.2132421875 0.9415621666666666 0.02312499999999998 0.03750000000000009
0 0.285 0.4072395833333333 0.03125 0.04999999999999997
0 0.28890625 0.6700520833333332 0.040000000000000036 0.06666700000000003
0 0.300625 0.16578091666666664 0.03250000000000003 0.06000000000000002
0 0.395 0.41411491666666667 0.03125 0.06000000000000005
0 0.3980859375 0.6638541666666667 0.015000000000000013 0.06916699999999991
0 0.4482421875 0.8998961666666666 0.023125000000000007 0.03750000000000009
0 0.5501171875 0.8879684166666667 0.02312499999999995 0.04499999999999993
0 0.6220703125 0.014322916666666666 0.026874999999999982 0.029167000000000002
0 0.6437890625 0.8952600833333334 0.01937500000000003 0.03583399999999992
0 0.706640625 0.6729684166666666 0.020625000000000004 0.045000000000000075
0 0.7359375 0.8833333333333334 0.016874999999999973 0.04333299999999992
0 0.7863671875 0.6465621666666667 0.022499999999999964 0.036667000000000005
0 0.78734375 0.43822916666666667 0.023749999999999938 0.036667000000000005
0 0.8012890625 0.031822916666666666 0.018125000000000058 0.030832999999999996
0 0.8219140625 0.8783333333333334 0.01937500000000003 0.0416669999999999
0 0.8693359375 0.6718229166666667 0.014374999999999916 0.029167000000000092
0 0.8750390625 0.4657291666666667 0.018125000000000058 0.03833300000000003
0 0.8800390625 0.07671875 0.018125000000000058 0.025833000000000012
0 0.8938671875 0.8694270833333334 0.02312499999999995 0.03416699999999991
0 0.9371875 0.6610940833333334 0.015625 0.03416599999999992
0 0.9425390625 0.47786424999999993 0.01937500000000003 0.04083400000000011
0 0.9469921875 0.289583 0.02312499999999995 0.063334
0 0.951015625 0.07265591666666667 0.020625000000000004 0.02916699999999998
