0 0.2399958023407022 0.5178906249999999 0.05412200000000001 0.05250000000000005
0 0.2675765825747724 0.615390625 0.059116999999999996 0.05125000000000002
0 0.32149202210663197 0.5405859375 0.04746000000000002 0.04625000000000001
0 0.41188441222366706 0.53765625 0.051624000000000045 0.04062500000000002
0 0.5302221924577374 0.495390625 0.05495399999999996 0.05125000000000002
0 0.5471370221066321 0.65765625 0.047460999999999975 0.03937499999999994
0 0.5973578517555267 0.49828125 0.03913399999999991 0.04062500000000002
0 0.681192022106632 0.4786328125 0.047461000000000045 0.04249999999999998
0 0.6905565825747724 0.646015625 0.05745300000000006 0.05249999999999999
0 0.7376529726918075 0.485390625 0.061614999999999996 0.05124999999999996
