0 0.256171875 0.6046895710102488 0.09000000000000002 0.1500940000000001
0 0.5644140625 0.49083879795021956 0.424375 0.13414600000000007
0 0.5762499999999999 0.7384149824304539 0.43750000000000006 0.27298399999999995
0 0.8426171875 0.6543020307467058 0.053749999999999964 0.023451999999999928
0 0.84796875 0.4430486749633967 0.05624999999999991 0.03846200000000007
0 0.8287109375 0.22424615959004396 0.013749999999999929 0.02720499999999997
0 0.8465625 0.578843159590044 0.04874999999999996 0.029081000000000006
0 0.8455078125 0.8696943191800879 0.04250000000000009 0.053471000000000074
0 0.847109375 0.371341803806735 0.04312499999999997 0.04315199999999999
0 0.8459765625 0.15505667496339678 0.034375000000000044 0.038460999999999995
0 0.846953125 0.7172682884333822 0.03562500000000002 0.030017999999999927
0 0.840234375 0.23966803074670576 0.011874999999999969 0.02345199999999997
0 0.8526171875 0.294418803806735 0.02312499999999995 0.04127599999999996
0 0.8499609375 0.5036819019033675 0.014375000000000027 0.021576000000000057
0 0.857109375 0.22694690190336753 0.012500000000000067 0.021575999999999974
0 0.8711328125 0.732689159590044 0.010624999999999996 0.029081000000000006
