0 0.0166015625 0.534873598540146 0.03375 0.10924399999999988
0 0.2634765625 0.4242364306569343 0.06562499999999999 0.13165300000000002
0 0.2661328125 0.15810010218978102 0.010000000000000009 0.03828200000000002
0 0.3253125 0.18225839416058393 0.015625 0.034547000000000015
0 0.393828125 0.20234022627737228 0.03562500000000002 0.05788999999999996
0 0.40234375 0.1510382481751825 0.02437499999999998 0.03641499999999999
0 0.40671875 0.14368695620437955 0.02437499999999998 0.04201700000000002
0 0.42640625 0.30102478832116786 0.03937499999999999 0.06629300000000005
0 0.4421484375 0.21862137226277373 0.030625000000000013 0.05322100000000002
0 0.4855859375 0.3055220583941606 0.04625000000000001 0.079366
0 0.551015625 0.11684737226277371 0.020625000000000004 0.05508799999999997
0 0.5690234375 0.2150050802919708 0.02937500000000004 0.05975700000000001
0 0.6021484375 0.18617878832116785 0.030625000000000013 0.06629300000000005
0 0.61609375 0.42766732846715333 0.05625000000000002 0.09430499999999993
0 0.6520703125 0.1812723722627737 0.02562500000000001 0.055089000000000034
0 0.7099609375 0.21856935036496353 0.04625000000000001 0.07469600000000001
0 0.8205078125 0.19982866423357662 0.04125000000000001 0.049486000000000016
0 0.8344921875 0.17584110218978102 0.021874999999999978 0.03828200000000002
0 0.9283203125 0.17257993430656934 0.02562500000000001 0.06349300000000001
0 0.940703125 0.23128522627737227 0.03687499999999999 0.056956
