0 0.1481640625 0.2568229166666667 0.019375000000000003 0.02916699999999998
0 0.1498828125 0.26197950000000003 0.010000000000000009 0.01749999999999996
0 0.18734375 0.24979200000000001 0.024999999999999994 0.03249999999999997
0 0.2209375 0.2802600833333333 0.015625 0.03583400000000007
0 0.2230078125 0.2812496666666667 0.009999999999999981 0.022500000000000003
0 0.245234375 0.25333333333333335 0.012500000000000011 0.04333299999999999
0 0.2490625 0.25005174999999996 0.016875 0.02416700000000005
0 0.2606640625 0.24776008333333333 0.018125000000000002 0.034167000000000024
0 0.2671875 0.24671875 0.016874999999999973 0.02416700000000001
0 0.3349609375 0.2481253333333333 0.04562500000000003 0.07416600000000002
0 0.490234375 0.29682325 0.04312499999999997 0.07250000000000005
0 0.5921484375 0.138125 0.030000000000000027 0.032499999999999994
0 0.592109375 0.1403125 0.011874999999999969 0.016666999999999987
0 0.6314453125 0.23328125 0.05812499999999998 0.101667
0 0.6884375 0.17859408333333335 0.015625 0.034165999999999995
0 0.6880078125 0.18374966666666667 0.010624999999999996 0.022500000000000003
0 0.704609375 0.18041666666666667 0.013125000000000053 0.022500000000000003
0 0.725234375 0.18744758333333333 0.011874999999999969 0.019167000000000007
0 0.742265625 0.1927600833333333 0.020625000000000004 0.034167000000000024
0 0.74140625 0.19098991666666668 0.009374999999999911 0.029165999999999987
0 0.8129296875 0.17484341666666667 0.007499999999999951 0.014167000000000004
0 0.8207421875 0.26630241666666665 0.021874999999999978 0.04500000000000004
0 0.822109375 0.18755175 0.013124999999999942 0.02416700000000005
0 0.82140625 0.18734341666666665 0.009375000000000022 0.013334000000000032
0 0.9279296875 0.2953125 0.007499999999999951 0.017500000000000033
0 0.9876171875 0.4166663333333333 0.022499999999999964 0.041667000000000044
