0 0.033918125 0.5979430625 0.035948 0.049020000000000064
0 0.11332568750000001 0.5760638125 0.03758199999999999 0.04248299999999994
0 0.1787240625 0.543722125 0.01797399999999999 0.03594800000000009
0 0.322138375 0.6584586250000001 0.04411700000000002 0.021241999999999983
0 0.38721662500000004 0.5296735625 0.021241999999999928 0.034313999999999956
0 0.467205875 0.5587280625000001 0.05882299999999996 0.049018999999999924
0 0.49013843749999997 0.5022338749999999 0.031046000000000018 0.027777999999999914
0 0.6552098125 0.5469709375 0.011437999999999948 0.045750999999999986
0 0.7580740625000001 0.589397375 0.04901999999999995 0.07516299999999998
0 0.898577875 0.5782976875 0.06045800000000001 0.068627
0 0.9352600624999999 0.5234950625 0.017973000000000128 0.017974000000000045
