0 0.1490625 0.481458 0.11125 0.15833400000000006
0 0.219453125 0.4539586666666667 0.06687499999999999 0.11499999999999992
0 0.36328125 0.2759371666666666 0.07124999999999998 0.13083400000000003
0 0.431171875 0.5840621666666667 0.09062500000000001 0.161667
0 0.526484375 0.4933336666666666 0.04437499999999994 0.08583299999999998
0 0.5350390625 0.41932325 0.050000000000000044 0.070833
0 0.6065234375 0.5378125 0.06062499999999993 0.1425
0 0.673671875 0.44244825 0.05999999999999994 0.10333299999999997
0 0.6940625 0.4150520833333333 0.04874999999999996 0.06583300000000003
0 0.806015625 0.57255175 0.08374999999999999 0.15000000000000005
0 0.8395703125 0.4678645833333333 0.05687500000000001 0.08250000000000002
