0 0.0341796875 0.27288696339677887 0.0375 0.06941800000000005
0 0.12941406249999998 0.18818728843338217 0.019375000000000017 0.030956999999999978
0 0.1832421875 0.35401799414348467 0.05375000000000002 0.09193299999999993
0 0.18359375 0.20559841727672035 0.024375000000000008 0.032833000000000036
0 0.2358203125 0.21584731918008784 0.02687500000000001 0.05534799999999996
0 0.2796875 0.2183637057101025 0.01687500000000003 0.061914
0 0.3884765625 0.5196912825768667 0.03437499999999999 0.12101300000000009
0 0.414609375 0.2271744172767204 0.011875000000000024 0.034709999999999956
0 0.48125 0.26631996339677894 0.03187499999999999 0.06848100000000001
0 0.512578125 0.3984939267935578 0.06812499999999999 0.13508500000000007
0 0.5018359375 0.208114803806735 0.01375000000000004 0.04315199999999999
0 0.557109375 0.08270941727672035 0.013124999999999942 0.032833
0 0.5856640625 0.06417593265007321 0.01937499999999992 0.04409
0 0.6226953125 0.21461170571010246 0.02562500000000001 0.061913999999999976
0 0.7468359375 0.5449933440702782 0.07687500000000003 0.16885599999999998
0 0.7494140625 0.24030841727672037 0.018125000000000058 0.03470899999999998
0 0.8015234375 0.2889482210834553 0.030625000000000013 0.07504700000000004
0 0.8309375 0.20196067496339679 0.016249999999999987 0.038460999999999974
0 0.8455859375 0.29670767496339673 0.04562500000000003 0.04033700000000005
0 0.8995703125 0.2747629633967789 0.026874999999999982 0.06941900000000002
0 0.9601953125 0.2742368345534407 0.02562500000000001 0.066604
