0 0.093859375 0.6336559326500731 0.013000000000000012 0.04497800000000005
0 0.1438828125 0.5709689019033676 0.010999999999999982 0.020989
0 0.20190625 0.5740017730600293 0.00799999999999998 0.017990999999999976
0 0.2848359375 0.6290881903367496 0.014999999999999958 0.05097400000000002
0 0.36090625 0.4735527730600293 0.008000000000000007 0.017990999999999976
0 0.41790625 0.469089644216691 0.008000000000000007 0.01649200000000005
0 0.4199296875 0.5784997730600293 0.006000000000000005 0.01948999999999999
0 0.4989296875 0.4630926442166911 0.007000000000000006 0.014992999999999953
0 0.7348828125 0.4990397730600292 0.01100000000000001 0.019490000000000073
0 0.752859375 0.5169251595900438 0.01200000000000001 0.02698700000000016
0 0.794859375 0.5648314172767204 0.013000000000000012 0.03448199999999989
0 0.843765625 0.5872496749633968 0.020000000000000018 0.03897999999999998
0 0.873765625 0.6126310614934114 0.02100000000000002 0.04947600000000006
0 0.86890625 0.5154261595900439 0.009000000000000008 0.02848600000000017
0 0.9208125 0.644185803806735 0.016000000000000014 0.04347800000000007
