0 0.017578125 0.8594626383601757 0.036875 0.10788000000000005
0 0.0725390625 0.6767459326500733 0.019375000000000003 0.04408999999999993
0 0.1324609375 0.6111500307467057 0.013750000000000012 0.024389999999999988
0 0.20421875 0.7430263806734994 0.056249999999999994 0.10225099999999988
0 0.369375 0.9303889267935577 0.06374999999999997 0.13602300000000023
0 0.3652734375 0.6625606749633969 0.02999999999999997 0.040337999999999936
0 0.3697265625 0.7829774480234261 0.03375 0.05722399999999995
0 0.49359375 0.8825027672035138 0.05499999999999999 0.10975600000000016
0 0.5556640625 0.6588086749633968 0.01937500000000003 0.04033800000000002
0 0.6083203125 0.8617515095168374 0.05812500000000009 0.104127
0 0.613203125 0.7348378345534408 0.03687499999999999 0.0656659999999999
0 0.7408984375 0.9309851537335286 0.06062500000000004 0.1191369999999999
0 0.764453125 0.6838390614934114 0.03562500000000002 0.04690399999999994
0 0.8265625 0.9159502152269401 0.08000000000000007 0.16510300000000003
0 0.8401953125 0.696674448023426 0.026874999999999982 0.057223000000000065
0 0.9259765625 0.7171280922401172 0.03499999999999992 0.07129400000000001
