0 0.0362109375 0.45562960761347 0.045 0.08442800000000003
0 0.181875 0.4190446076134699 0.03312499999999999 0.08442800000000011
0 0.2771484375 0.5681305095168374 0.029374999999999984 0.10318900000000011
0 0.31125 0.43037170571010247 0.03187499999999999 0.06285200000000006
0 0.435546875 0.4156603191800878 0.027500000000000024 0.05534700000000003
0 0.4933984375 0.3960745768667643 0.030625000000000013 0.05909899999999993
0 0.606796875 0.4167125768667643 0.028124999999999956 0.06003699999999999
0 0.699375 0.4146522210834553 0.03125 0.07504700000000004
0 0.7510546875 0.5307207672035139 0.03874999999999995 0.10881799999999993
0 0.8090234375 0.41753631918008793 0.030624999999999902 0.05440899999999988
0 0.893828125 0.540951448023426 0.03562500000000002 0.05722300000000015
0 0.963203125 0.4802481229868229 0.03687499999999999 0.09474699999999998
