0 0.096328125 0.39528935294117656 0.036875000000000005 0.06402999999999992
0 0.166328125 0.3508 0.036250000000000004 0.050848
0 0.253125 0.3489692941176471 0.033125000000000016 0.077213
0 0.3272265625 0.35815294117647056 0.03437499999999999 0.06591400000000003
0 0.4265234375 0.3585663529411765 0.030625000000000013 0.06402999999999996
0 0.4902734375 0.3384951176470588 0.029374999999999984 0.07344699999999997
0 0.5723046875 0.3134845294117647 0.03875000000000006 0.06968000000000003
0 0.6635546875 0.26504911764705885 0.038124999999999964 0.07156299999999995
0 0.7547265625 0.30571917647058827 0.03499999999999992 0.05837999999999999
0 0.8104296875 0.30259794117647054 0.03749999999999998 0.06591300000000004
0 0.8887109375 0.28511935294117646 0.04500000000000004 0.06403000000000005
