0 0.13119825000000002 0.3516379941434847 0.03916599999999999 0.09124999999999998
0 0.281484375 0.34553257686676425 0.04416700000000001 0.06125000000000001
0 0.3174609375 0.31995973645680825 0.046667000000000014 0.08749999999999994
0 0.351745125 0.3051738653001464 0.035833000000000004 0.09000000000000004
0 0.4704814375 0.4411401903367496 0.030834000000000028 0.052500000000000026
0 0.5732939375 0.34806734992679356 0.04499999999999993 0.07750000000000005
0 0.6774345625 0.3291032210834553 0.033333999999999975 0.07375000000000005
0 0.7182939375 0.26810212298682284 0.046667000000000014 0.09624999999999997
0 0.8591279375 0.28617496339677895 0.04499999999999993 0.06749999999999999
0 0.8951045 0.46842057101024887 0.04749999999999999 0.15125000000000005
