0 0.1070703125 0.3081013065693431 0.058124999999999996 0.11671300000000001
0 0.2093359375 0.367555204379562 0.045625 0.07656299999999998
0 0.26765625000000004 0.33073305839416056 0.04000000000000001 0.08029800000000005
0 0.318203125 0.34304078832116786 0.036250000000000004 0.06629400000000006
0 0.3833984375 0.33317793430656933 0.029374999999999984 0.06349200000000008
0 0.433125 0.3188834963503649 0.03187500000000004 0.07282900000000009
0 0.4620703125 0.25888908029197083 0.026874999999999982 0.05975699999999993
0 0.490078125 0.3075607883211679 0.03687500000000005 0.065359
0 0.555625 0.3486437883211679 0.03125 0.06442500000000004
0 0.603671875 0.291805496350365 0.028750000000000053 0.07096199999999996
0 0.62890625 0.32804976642335765 0.040000000000000036 0.08590100000000009
0 0.7232421875 0.3305623284671532 0.053749999999999964 0.09523800000000006
0 0.8226171875 0.3041298905109489 0.05312499999999998 0.10364100000000002
