0 0.048320312500000004 0.42192914977973567 0.056874999999999995 0.0987769999999999
0 0.216484375 0.43016643465491927 0.044375 0.08560699999999997
0 0.3736328125 0.38783343465491915 0.04124999999999995 0.08654800000000004
0 0.512421875 0.4322771497797357 0.05874999999999997 0.09783700000000002
0 0.56625 0.41130657562408224 0.03187499999999999 0.061147999999999945
0 0.6089453125 0.6330894405286344 0.08812500000000001 0.16933199999999998
0 0.6574609375 0.4129347209985315 0.04625000000000001 0.09689600000000004
0 0.694921875 0.43053414684287816 0.028124999999999956 0.056443999999999966
0 0.73328125 0.4443922922173275 0.04062500000000002 0.09219199999999994
0 0.860390625 0.505356436123348 0.05249999999999999 0.10818400000000004
