0 0.045781249999999996 0.3099996666666667 0.04000000000000001 0.08416699999999995
0 0.0676953125 0.4915100833333333 0.058125 0.09833400000000007
0 0.2376171875 0.51734375 0.021875000000000006 0.055000000000000084
0 0.266484375 0.3099996666666667 0.04375000000000001 0.08416699999999995
0 0.3135546875 0.29359341666666666 0.03875000000000001 0.07750000000000001
0 0.36515625 0.3272913333333333 0.03999999999999998 0.07416699999999998
0 0.413203125 0.2919274166666667 0.036250000000000004 0.07583299999999997
0 0.4740234375 0.40005208333333336 0.030625000000000013 0.06749999999999996
0 0.5252734375 0.27375 0.030000000000000027 0.06333299999999993
0 0.5527734375 0.4498955 0.030625000000000013 0.07916699999999999
0 0.5792578125 0.3123955 0.04249999999999998 0.07916699999999999
0 0.617890625 0.5464059166666666 0.05125000000000002 0.0925000000000001
0 0.648828125 0.265417 0.03562500000000002 0.06500000000000002
0 0.6816796875 0.3144274166666667 0.03750000000000009 0.07583299999999997
0 0.79375 0.2551045 0.03125 0.048333000000000036
0 0.8080078125 0.2980729166666667 0.04249999999999998 0.09333299999999996
0 0.984296875 0.3317190833333334 0.028750000000000053 0.06583299999999996
