0 0.4992679355783309 0.318359375 0.9990620000000001 0.638125
0 0.04992057686676427 0.2574609375 0.059099000000000006 0.04625000000000001
0 0.11078231918008784 0.0770703125 0.05440899999999998 0.056874999999999995
0 0.12238109224011713 0.4621484375 0.07129499999999998 0.06124999999999997
0 0.17445806149341142 0.191328125 0.04878000000000002 0.03562500000000002
0 0.22323806149341144 0.3263671875 0.048780999999999984 0.05312500000000003
0 0.300047803806735 0.23265625 0.04315199999999995 0.03937499999999999
0 0.3397895768667643 0.051484375 0.06097500000000001 0.044375
0 0.3343449326500732 0.1796484375 0.04409000000000001 0.030624999999999986
0 0.40053706149341145 0.2859375 0.04877999999999989 0.04812499999999997
0 0.40785770571010255 0.3619140625 0.06379000000000003 0.04999999999999999
0 0.4167125768667643 0.11828125 0.06097499999999997 0.040624999999999994
0 0.5573113191800879 0.2190625 0.05347099999999991 0.048125
0 0.6922119633967789 0.03578125 0.06754200000000002 0.039375
0 0.73799360761347 0.1991796875 0.08255199999999992 0.06999999999999998
0 0.8650734172767204 0.14406249999999998 0.032832999999999994 0.048125000000000015
0 0.9063935768667644 0.0107421875 0.06097500000000005 0.021875
0 0.9480814480234261 0.15671875 0.05628499999999992 0.05625000000000002
