0 0.009765625 0.15789206705539358 0.02125 0.053221000000000004
0 0.1456640625 0.28711457142857144 0.080625 0.143791
0 0.1143359375 0.1929152594752187 0.015 0.029878999999999982
0 0.3448046875 0.219830416909621 0.1325 0.282914
0 0.4748046875 0.40770617201166176 0.10125 0.22315599999999997
0 0.5327734375 0.27463321574344024 0.06187500000000001 0.12605100000000002
0 0.613828125 0.23678087463556852 0.0368750000000001 0.07843100000000003
0 0.671328125 0.25406306705539355 0.03562499999999991 0.054154999999999995
0 0.78015625 0.2483088454810496 0.07125000000000004 0.14005599999999999
0 0.855078125 0.20952150437317785 0.03687499999999999 0.09057000000000001
0 0.900859375 0.20411925947521867 0.011874999999999969 0.03081300000000001
