0 0.1147126875 0.26639852223816357 0.193442 0.53012
0 0.254969 0.23058856527977048 0.03278700000000001 0.06747
0 0.32737893749999997 0.22038032711621236 0.045902 0.09156599999999995
0 0.377990375 0.24848624390243904 0.013114999999999988 0.05060299999999994
0 0.481089875 0.23446778479196556 0.152459 0.310843
0 0.5908942500000001 0.2854403271162123 0.070492 0.09156600000000001
0 0.61827575 0.14584752367288378 0.02459099999999992 0.04819199999999997
0 0.657306625 0.14441280344332855 0.019672000000000023 0.04337299999999998
0 0.6814065625 0.22944808895265423 0.06557400000000002 0.11325299999999996
0 0.7058241875 0.12318524390243904 0.022951000000000055 0.050603
0 0.7934042499999999 0.36140785078909615 0.10163900000000015 0.13734900000000003
