0 0.1816015625 0.3269274166666667 0.035 0.07583299999999997
0 0.332109375 0.50796875 0.044375 0.08749999999999998
0 0.4082421875 0.361458 0.021874999999999978 0.03333400000000005
0 0.479296875 0.45307258333333333 0.028749999999999998 0.051666999999999984
0 0.494765625 0.3934899166666667 0.02124999999999999 0.029165999999999952
0 0.5796875 0.4713024166666666 0.015625 0.04666600000000002
0 0.6044921875 0.42432291666666666 0.021874999999999978 0.03083299999999996
0 0.678671875 0.46708299999999997 0.028124999999999956 0.06499999999999995
0 0.8410546875 0.4864065833333333 0.03749999999999998 0.04999999999999997
0 0.9174609375 0.4938541666666667 0.04625000000000001 0.06999999999999999
