0 0.0361328125 0.2910934166666666 0.073125 0.07583400000000003
0 0.0734375 0.6219791666666666 0.14125000000000001 0.22416699999999992
0 0.10859375 0.41755175000000005 0.11750000000000001 0.1499999999999999
0 0.0838671875 0.3080725833333333 0.053125 0.05166700000000005
0 0.155625 0.2859375 0.03125 0.04833299999999996
0 0.2080859375 0.3123440833333333 0.07624999999999998 0.09666600000000007
0 0.23609375 0.3336975833333333 0.055625000000000036 0.08083400000000007
0 0.3246484375 0.84953125 0.18625000000000003 0.2891670000000001
0 0.305 0.34557325 0.12625000000000003 0.135
0 0.3233203125 0.4283336666666666 0.05812500000000004 0.08583300000000005
0 0.4379296875 0.3040100833333333 0.10062500000000002 0.09749999999999999
0 0.525625 0.69911425 0.15749999999999997 0.2274999999999999
0 0.4822265625 0.36598925 0.06624999999999998 0.07250000000000001
0 0.5995703125 0.3316145833333333 0.11937500000000001 0.14333300000000002
0 0.6946875 0.47479200000000005 0.14249999999999996 0.15833299999999997
0 0.709453125 0.3435416666666667 0.0675 0.053332999999999964
0 0.81 0.7451041666666667 0.18874999999999997 0.380833
0 0.8021484375 0.38036458333333334 0.06062500000000004 0.080833
0 0.892109375 0.391667 0.10687500000000005 0.12750000000000003
0 0.9587890625 0.449792 0.01937500000000003 0.03249999999999997
