0 0.016140288433382135 0.9286484375 0.03148499999999999 0.029999999999999916
0 0.08726138067349927 0.178109375 0.10194899999999998 0.07600000000000001
0 0.2826555768667643 0.9284609375 0.05996999999999995 0.04599999999999993
0 0.31912977306002926 0.832625 0.017991000000000017 0.03300000000000003
0 0.4074452884333821 0.792625 0.0299850000000001 0.03300000000000003
0 0.4775585768667643 0.9605078125 0.05996999999999995 0.04200000000000004
0 0.5629099633967789 0.983671875 0.06746700000000004 0.029000000000000026
0 0.5558354172767204 0.7606953125 0.03298400000000001 0.026000000000000023
0 0.5545466442166911 0.718859375 0.014992999999999953 0.01200000000000001
0 0.6053462884333822 0.764625 0.03148399999999994 0.03300000000000003
0 0.6744169019033674 0.6868125 0.022488999999999985 0.016999999999999904
0 0.7853609019033676 0.681765625 0.020990000000000057 0.019999999999999907
0 0.8359493191800877 0.97853125 0.05397300000000018 0.040000000000000036
0 0.912516932650073 0.7656953125 0.04647700000000015 0.026000000000000023
0 0.9603873191800878 0.9174609375 0.053973000000000014 0.04499999999999993
0 0.9668406442166911 0.6598359375 0.01649200000000005 0.015000000000000013
