0 0.0657421875 0.8171096967930028 0.0225 0.06903000000000008
0 0.111171875 0.6064630670553935 0.028749999999999998 0.05410399999999999
0 0.14296875 0.6574782448979591 0.024999999999999994 0.06343199999999996
0 0.1607421875 0.5297361632653061 0.022499999999999992 0.04291100000000005
0 0.1644921875 0.6124683411078717 0.022499999999999992 0.05223799999999998
0 0.189765625 0.5448355335276968 0.020000000000000018 0.027986000000000087
0 0.21671875 0.7935574081632654 0.025000000000000022 0.10261199999999995
0 0.2271484375 0.6583533265306123 0.03 0.083956
0 0.2332421875 0.5569056151603499 0.022499999999999992 0.04850799999999996
0 0.2965625 0.5761442594752187 0.017500000000000016 0.03171699999999998
0 0.3069921875 0.5118957113702624 0.022499999999999964 0.03544800000000005
0 0.3214453125 0.6732187930029155 0.026249999999999996 0.055970999999999965
0 0.3844140625 0.7465081341107871 0.04999999999999999 0.10634300000000001
0 0.3711328125 0.5046070816326531 0.011249999999999982 0.020521999999999957
0 0.4073046875 0.6181248746355685 0.03875000000000001 0.07835800000000005
0 0.4061328125 0.5054226297376093 0.010000000000000009 0.01492600000000009
0 0.4364453125 0.8349501486880466 0.026249999999999996 0.07462699999999999
0 0.4400390625 0.5363230816326531 0.01874999999999999 0.020522999999999916
0 0.476171875 0.5595871632653061 0.02749999999999997 0.04104500000000004
0 0.51828125 0.6942096005830904 0.039999999999999925 0.08022399999999998
0 0.5628125 0.5089802594752186 0.016249999999999987 0.02985099999999997
0 0.5955859375 0.5645419854227405 0.015000000000000013 0.033582999999999995
0 0.6215625 0.5276372594752188 0.016249999999999987 0.02984999999999993
0 0.6455859375 0.5911297930029153 0.013749999999999929 0.05597
0 0.672109375 0.5454777113702625 0.012499999999999956 0.03731299999999993
0 0.70046875 0.6367213411078716 0.02375000000000005 0.05037300000000009
0 0.73171875 0.5852988892128279 0.025000000000000022 0.046642000000000114
0 0.824921875 0.6379451632653061 0.028749999999999942 0.04104500000000004
0 0.9691015625 0.4007169562682216 0.03374999999999995 0.09888100000000001
