0 0.0068359375 0.3930320614934114 0.01375 0.049719000000000006
0 0.04234375 0.36895789604685214 0.05500000000000001 0.11350799999999998
0 0.1791015625 0.6350061844802343 0.06562499999999999 0.142589
0 0.2598828125 0.3075258653001464 0.041874999999999996 0.08818000000000002
0 0.28171875 0.5731181229868229 0.05499999999999999 0.09474699999999998
0 0.47390625 0.3825728653001464 0.040000000000000036 0.09005600000000005
0 0.4914453125 0.5538751537335286 0.05687500000000001 0.11725999999999989
0 0.52765625 0.3444795768667643 0.039999999999999925 0.060038
0 0.5805859375 0.37637457686676434 0.015000000000000013 0.060037000000000035
0 0.646328125 0.2972769633967789 0.03687499999999999 0.06941900000000002
0 0.70984375 0.5806672825768668 0.05625000000000002 0.12101299999999993
0 0.8531640625 0.22293173060029278 0.08062500000000006 0.17823700000000003
0 0.9744140625 0.25112660761346994 0.04937500000000006 0.08442800000000003
