0 0.14058593749999998 0.10823711551155114 0.04625 0.10253700000000002
0 0.2568359375 0.33677329042904286 0.04625000000000001 0.08668100000000004
0 0.2687890625 0.1393569504950495 0.04999999999999999 0.10148
0 0.3576953125 0.11940128052805282 0.05750000000000005 0.10887999999999999
0 0.3994140625 0.29956911551155113 0.04999999999999999 0.10253700000000003
0 0.493984375 0.1022296204620462 0.04375000000000001 0.09513800000000001
0 0.5859375 0.36015762046204625 0.04874999999999996 0.09513799999999994
0 0.640546875 0.11259544554455445 0.05875000000000008 0.11205000000000002
0 0.70359375 0.2958049504950495 0.05625000000000002 0.10042299999999998
0 0.7934375 0.0760612805280528 0.04874999999999996 0.106765
0 0.882421875 0.26045711551155115 0.05874999999999997 0.10465100000000006
