0 0.0475390625 0.30380968438538203 0.018125000000000002 0.04366399999999996
0 0.082578125 0.29332810963455147 0.03687499999999999 0.08093700000000005
0 0.1040625 0.34841042524916943 0.016875 0.037274000000000015
0 0.11453125 0.29976403654485045 0.008749999999999994 0.028754000000000012
0 0.1905859375 0.2918401661129568 0.013750000000000012 0.031948999999999984
0 0.4027734375 0.2268666445182724 0.09250000000000003 0.19701899999999997
0 0.460546875 0.4895710332225914 0.08999999999999997 0.20766800000000002
0 0.6264453125 0.1877181627906977 0.08937499999999998 0.211928
0 0.7119921875 0.3107958139534884 0.021874999999999978 0.047922999999999966
0 0.7384375 0.2796572956810631 0.015625 0.035144
0 0.79421875 0.20292860797342194 0.08625000000000005 0.17252399999999996
0 0.929921875 0.2733084617940199 0.028124999999999956 0.06496200000000005
