0 0.0821484375 0.14750033333333334 0.030625 0.04416599999999996
0 0.1383203125 0.12276008333333333 0.02687500000000001 0.03583400000000003
0 0.2545703125 0.526458 0.08812500000000001 0.15833399999999997
0 0.3224609375 0.24463575 0.04625000000000001 0.08666600000000002
0 0.35046875 0.19786458333333334 0.02437499999999998 0.08083299999999997
0 0.3939453125 0.10822916666666667 0.026875000000000038 0.038332999999999985
0 0.5354296875 0.13151075 0.03749999999999998 0.05499999999999999
0 0.5793359375 0.18671908333333334 0.04500000000000004 0.06666599999999999
0 0.6734375 0.24593783333333333 0.04749999999999999 0.09000000000000001
0 0.8591015625 0.4833333333333334 0.09687499999999993 0.16749999999999998
0 0.829921875 0.11546841666666667 0.02749999999999997 0.046667000000000014
0 0.9466015625 0.123125 0.03374999999999995 0.03250000000000001
