0 0.0571875 0.28713574999999997 0.0475 0.08833300000000004
0 0.2638671875 0.2989059166666666 0.05437500000000001 0.09250000000000003
0 0.3504296875 0.3278645833333333 0.03750000000000003 0.08083299999999997
0 0.395078125 0.3730211666666667 0.036250000000000004 0.06916599999999999
0 0.4509765625 0.33942741666666665 0.03437499999999999 0.07750000000000001
0 0.54 0.29536425 0.03249999999999997 0.04083400000000004
0 0.70140625 0.3892190833333333 0.040000000000000036 0.06666600000000004
0 0.7874609375 0.3475520833333334 0.04625000000000001 0.06749999999999996
0 0.8373046875 0.31635416666666666 0.03749999999999998 0.06833300000000005
0 0.8905859375 0.38286458333333334 0.04499999999999993 0.080833
0 0.9391015625 0.36135416666666664 0.03375000000000006 0.06833299999999994
