0 0.0840625 0.44484408333333336 0.048125 0.09666599999999992
0 0.19421875 0.24036458333333335 0.05562500000000001 0.08333299999999995
0 0.2931640625 0.325417 0.049375 0.0625
0 0.4170703125 0.13234375 0.026875000000000038 0.05499999999999999
0 0.428359375 0.35744791666666664 0.04375000000000001 0.06166699999999995
0 0.49625 0.5801041666666666 0.03250000000000003 0.13083299999999998
0 0.5624609375 0.38494791666666667 0.04625000000000001 0.05999999999999998
0 0.56578125 0.11874966666666666 0.009375000000000022 0.020834000000000002
0 0.6728515625 0.387708 0.06499999999999995 0.09499999999999997
0 0.741015625 0.16953125 0.020625000000000004 0.03916700000000003
0 0.801953125 0.59140625 0.036250000000000004 0.134167
0 0.820078125 0.4033336666666667 0.06812499999999999 0.08583299999999998
0 0.8346875 0.24776008333333333 0.015625 0.034167000000000024
0 0.8608984375 0.12755241666666667 0.06187500000000001 0.108333
