0 0.0275 0.11617167256637169 0.033125 0.055659999999999994
0 0.0309375 0.15938148377581118 0.015625 0.023585000000000036
0 0.051015625 0.09996130383480827 0.020624999999999998 0.069811
0 0.0594921875 0.223306598820059 0.023124999999999993 0.056603999999999995
0 0.0844140625 0.08562411504424779 0.018125000000000002 0.036792
0 0.0948828125 0.08119933628318585 0.010000000000000009 0.02735800000000001
0 0.1144140625 0.06126748377581121 0.018750000000000003 0.022642
0 0.1174609375 0.16339418879056047 0.014999999999999986 0.03301900000000002
0 0.1234375 0.09087204129793511 0.016875 0.040566000000000026
0 0.1566015625 0.15567382005899705 0.03437499999999999 0.04811400000000004
0 0.1623046875 0.2416564926253687 0.03875000000000001 0.10094400000000005
0 0.1557421875 0.10248526253687315 0.023125000000000007 0.03207499999999999
0 0.1696875 0.08751011504424779 0.016250000000000014 0.036792999999999985
0 0.20921875 0.13586282005899708 0.02437499999999998 0.04999999999999999
0 0.2180078125 0.10667033628318585 0.009999999999999981 0.028301999999999997
0 0.2262109375 0.1301354837758112 0.014375000000000027 0.023585000000000016
0 0.249765625 0.3638200825958702 0.05249999999999999 0.07924500000000002
0 0.2466796875 0.10413255752212391 0.0062500000000000056 0.018867999999999992
0 0.2646875 0.09546918879056049 0.01749999999999996 0.03490599999999999
0 0.2676171875 0.18927726253687316 0.022499999999999964 0.031131999999999996
0 0.295703125 0.2421220825958702 0.036250000000000004 0.077358
0 0.304609375 0.1184034100294985 0.013124999999999998 0.025471000000000008
0 0.3405859375 0.216051820058997 0.015000000000000013 0.048113000000000024
0 0.3587890625 0.14075218879056048 0.018125000000000002 0.03301899999999998
0 0.3930859375 0.34454000884955754 0.04500000000000004 0.08113199999999997
0 0.3923828125 0.6825008938053098 0.04125000000000001 0.04434000000000001
0 0.3876171875 0.10667033628318585 0.023125000000000007 0.029245999999999984
0 0.405078125 0.4356904513274336 0.03562499999999996 0.062264000000000076
0 0.4133984375 0.2866334513274336 0.029374999999999984 0.06226500000000003
0 0.418984375 0.13632741002949852 0.012499999999999956 0.025471999999999998
0 0.422890625 0.21936023008849553 0.019999999999999962 0.073585
0 0.4285546875 0.12624263126843657 0.007500000000000007 0.01698099999999999
0 0.473046875 0.5287555339233039 0.05874999999999997 0.138679
0 0.4809375 0.11692848377581119 0.016874999999999973 0.021698000000000012
0 0.4856640625 0.18196996755162242 0.01937500000000003 0.042453000000000005
0 0.500859375 0.12919248377581122 0.012499999999999956 0.020754999999999996
0 0.5137890625 0.3074409675516224 0.018124999999999947 0.04245299999999994
0 0.5313671875 0.15231289380530974 0.02312499999999995 0.044338999999999996
0 0.54515625 0.15814526253687317 0.008750000000000036 0.031131999999999996
0 0.5678125 0.1182310412979351 0.015625 0.040566000000000005
0 0.59125 0.3471313038348082 0.03312499999999996 0.07075400000000001
0 0.586640625 0.23491982005899706 0.020625000000000004 0.04811299999999998
0 0.5869140625 0.13980918879056045 0.018124999999999947 0.03490600000000003
0 0.5894140625 0.18886618879056052 0.018125000000000058 0.03301799999999997
0 0.6182421875 0.18426804129793511 0.021874999999999978 0.040565999999999984
0 0.6259375 0.15118270501474926 0.01749999999999996 0.013208000000000013
0 0.6505859375 0.15207318879056048 0.014999999999999902 0.03301900000000002
0 0.6578125 0.22778389380530972 0.016874999999999973 0.04622699999999999
0 0.669609375 0.1537204837758112 0.01187500000000008 0.023584999999999995
0 0.7048828125 0.4575221238938053 0.04125000000000001 0.11792499999999999
0 0.7018359375 0.16799133628318583 0.01375000000000004 0.02735800000000001
0 0.7068359375 0.15814526253687317 0.015000000000000013 0.031131999999999996
0 0.7137890625 0.21174689380530975 0.018125000000000058 0.044338999999999934
0 0.7338671875 0.3375774513274336 0.021874999999999978 0.06415100000000001
0 0.7381640625 0.19034111504424783 0.01937500000000003 0.03679199999999998
0 0.7434375 0.16716718879056047 0.015625 0.03301899999999998
0 0.7434375 0.2378023362831859 0.015625 0.029245999999999963
0 0.743984375 0.13456026253687314 0.013124999999999942 0.031132000000000017
0 0.7859375 0.16757926253687316 0.016875000000000084 0.031131999999999976
0 0.7859375 0.20649796755162245 0.016875000000000084 0.042452999999999984
0 0.7995703125 0.2935296725663717 0.02562500000000001 0.05471700000000001
0 0.8043359375 0.23550426253687315 0.015000000000000013 0.031131999999999996
0 0.824375 0.45433256637168135 0.03312500000000007 0.09905700000000006
0 0.81390625 0.1673405575221239 0.008749999999999925 0.019810999999999968
0 0.836640625 0.22312041002949853 0.020625000000000004 0.026414999999999994
0 0.842890625 0.27401089380530974 0.020625000000000004 0.04433900000000006
0 0.854609375 0.1658656312684366 0.012499999999999956 0.01603699999999998
0 0.8555859375 0.2474760412979351 0.01375000000000004 0.040566000000000005
0 0.8575390625 0.20101033628318585 0.018750000000000044 0.029245000000000035
0 0.8753125 0.19682426253687313 0.016874999999999973 0.031132999999999966
0 0.8736328125 0.468589598820059 0.010624999999999996 0.05849099999999993
0 0.9112890625 0.24435382005899703 0.018750000000000044 0.048113000000000024
0 0.9190625 0.20478333628318582 0.015625 0.029246000000000005
0 0.9317578125 0.3685370825958702 0.04249999999999998 0.077358
0 0.9431640625 0.28533189380530977 0.01937500000000003 0.04622599999999996
0 0.9719921875 0.6945538289085547 0.053749999999999964 0.12830199999999994
0 0.9578125 0.23804204129793508 0.016250000000000098 0.03867900000000002
0 0.9846875 0.46817752507374627 0.01749999999999996 0.060378
0 0.987890625 0.26174689380530974 0.02124999999999999 0.047168999999999996
