0 0.080859375 0.5212011509433963 0.04375 0.12681199999999995
0 0.117578125 0.2361040188679245 0.036250000000000004 0.09178800000000002
0 0.2336328125 0.5326768113207547 0.041874999999999996 0.09661900000000004
0 0.26328125 0.15858198113207547 0.04000000000000001 0.11111100000000002
0 0.37890625 0.4821023962264151 0.03937499999999999 0.1038649999999999
0 0.38390625 0.1765473962264151 0.04062500000000002 0.10265700000000003
0 0.5309765625 0.22508443396226413 0.03437499999999993 0.08574899999999999
0 0.54265625 0.5116166037735849 0.03937500000000005 0.09903399999999996
0 0.661875 0.16779222641509434 0.03312499999999996 0.08695700000000002
0 0.6691015625 0.5150900188679245 0.034375000000000044 0.09420300000000002
0 0.67828125 0.2217616037735849 0.040000000000000036 0.09903400000000001
0 0.790703125 0.4655730188679245 0.0368750000000001 0.091787
0 0.81578125 0.2755813962264151 0.03937499999999994 0.10507199999999997
0 0.848203125 0.22229081132075473 0.0368750000000001 0.096618
0 0.8948828125 0.4149986037735849 0.041874999999999996 0.10144900000000004
