0 0.041874999999999996 0.4078749343065694 0.033125 0.061623999999999936
0 0.145234375 0.5317164744525547 0.044375 0.09057000000000011
0 0.215546875 0.5751933284671533 0.05875 0.09617200000000006
0 0.2298828125 0.4176857664233577 0.04250000000000001 0.08683499999999997
0 0.2674609375 0.4232877664233577 0.044999999999999984 0.08683499999999997
0 0.3580078125 0.3873329343065694 0.04124999999999995 0.06255799999999999
0 0.407734375 0.4556116423357665 0.04375000000000001 0.07002799999999991
0 0.515234375 0.44768347445255474 0.043749999999999956 0.09336999999999995
0 0.60078125 0.5829674306569343 0.07062499999999994 0.13165200000000002
0 0.66984375 0.2335750364963504 0.05625000000000002 0.10177399999999993
0 0.877578125 0.5115826204379562 0.036250000000000004 0.08963599999999994
0 0.9845703125 0.23461308029197078 0.026874999999999982 0.060690000000000015
