0 0.1209375 0.39356515373352857 0.04833299999999999 0.11874999999999998
0 0.19765625 0.4187097364568082 0.07166700000000001 0.085
0 0.230390625 0.5572803806734992 0.051667000000000046 0.10125000000000009
0 0.28248731250000003 0.2441727672035139 0.057499999999999996 0.10875000000000001
0 0.5302470625 0.31388909224011713 0.04916700000000007 0.07250000000000002
0 0.573932625 0.3286749633967789 0.02083299999999999 0.07
0 0.598723625 0.4554227672035139 0.05249999999999999 0.10999999999999999
0 0.691484375 0.4760303806734993 0.044166999999999956 0.10124999999999992
0 0.9149345625 0.16513909224011714 0.033333999999999975 0.07125000000000001
0 0.941458 0.10924780380673499 0.031667 0.04375000000000001
