0 0.172578125 0.4836461666666667 0.0675 0.10000000000000002
0 0.3783203125 0.5907295 0.05687500000000001 0.079166
0 0.3914453125 0.45375000000000004 0.05812500000000004 0.06499999999999995
0 0.4913671875 0.4572399166666667 0.05312499999999992 0.09333300000000004
0 0.520078125 0.6307288333333334 0.06749999999999995 0.12166699999999997
0 0.5709375 0.45223991666666663 0.04812499999999997 0.09333300000000004
0 0.6420703125 0.61411425 0.05812499999999998 0.1016670000000001
0 0.702421875 0.4745315833333334 0.05937500000000007 0.08083299999999993
0 0.7190234375 0.6549996666666668 0.06062500000000004 0.08499999999999996
0 0.7611328125 0.42442675 0.073125 0.11833400000000001
0 0.7611328125 0.5548434166666667 0.073125 0.13833400000000004
0 0.8634375 0.4394274166666667 0.04749999999999999 0.07583299999999997
