0 0.0244140625 0.22135416666666666 0.050625 0.06999999999999999
0 0.064140625 0.2226045 0.020624999999999998 0.04833299999999996
0 0.1490234375 0.3763024166666667 0.03 0.04499999999999993
0 0.2198046875 0.24536425000000003 0.006874999999999992 0.03999999999999996
0 0.226953125 0.23437533333333335 0.0050000000000000044 0.010832999999999982
0 0.25828125 0.23937533333333336 0.008124999999999993 0.012499999999999992
0 0.2766796875 0.25557325000000003 0.00687500000000002 0.009999999999999972
0 0.2905078125 0.34432291666666665 0.010000000000000009 0.029167000000000016
0 0.2992578125 0.23364550000000003 0.010624999999999996 0.01749999999999996
0 0.315859375 0.2670836666666667 0.011875000000000024 0.022499999999999964
0 0.3337109375 0.3395315833333334 0.04562499999999997 0.08250000000000002
0 0.3380078125 0.23104133333333335 0.010624999999999996 0.011666999999999947
0 0.3644140625 0.27526008333333335 0.019374999999999976 0.034999999999999996
0 0.383359375 0.25614549999999997 0.012500000000000011 0.017499999999999998
0 0.4225 0.3434375 0.03125 0.04833299999999996
0 0.419609375 0.28411458333333334 0.012500000000000011 0.02083299999999999
0 0.4534375 0.24911458333333333 0.015625 0.018333000000000006
0 0.4625390625 0.27135383333333335 0.018125000000000002 0.027500000000000007
0 0.483125 0.30401075 0.03249999999999997 0.055000000000000014
0 0.6212109375 0.16276041666666666 0.23375 0.325833
0 0.5275 0.34937466666666667 0.03312500000000007 0.05333400000000003
0 0.6844140625 0.40536425000000004 0.018124999999999947 0.03916699999999995
0 0.682734375 0.3541145833333333 0.013124999999999942 0.018333000000000082
0 0.70640625 0.28020833333333334 0.008124999999999938 0.011666999999999983
0 0.7408984375 0.31286425 0.02937500000000004 0.03916700000000003
0 0.7329296875 0.27890625 0.007500000000000062 0.009999999999999972
0 0.7697265625 0.4205725833333333 0.03374999999999995 0.050000000000000044
0 0.7765625 0.30671875 0.015625 0.02416700000000005
0 0.805 0.35093749999999996 0.03125 0.048332999999999925
0 0.803984375 0.29218783333333337 0.013125000000000053 0.027500000000000007
0 0.8401171875 0.3958336666666667 0.05312499999999998 0.08499999999999996
0 0.8287109375 0.327292 0.013749999999999929 0.033332999999999946
0 0.84078125 0.2893753333333333 0.008124999999999938 0.011666000000000029
0 0.8491796875 0.2927083333333333 0.007500000000000062 0.010833000000000056
0 0.8660546875 0.2977083333333333 0.006249999999999978 0.01250000000000003
0 0.8767578125 0.3436455 0.010624999999999996 0.015834000000000053
0 0.8822265625 0.29473925 0.003750000000000031 0.010000000000000009
0 0.8891796875 0.3111455 0.007500000000000062 0.015834000000000053
0 0.906875 0.3544270833333334 0.03125 0.03583299999999993
0 0.9196875 0.30307325 0.015625 0.010000000000000009
0 0.9311328125 0.3303125 0.010624999999999996 0.017499999999999998
0 0.95578125 0.3074475833333334 0.009375000000000022 0.019166999999999972
0 0.9864453125 0.37578091666666663 0.02562500000000001 0.06000000000000005
