0 0.408572375 0.24688392093704248 0.13821099999999997 0.226079
0 0.0355168125 0.29517344802342604 0.041276 0.057223000000000024
0 0.1218979375 0.21090286530014637 0.046279000000000015 0.08911899999999999
0 0.1591134375 0.23689819033674964 0.029393999999999976 0.05159399999999999
0 0.1838119375 0.2974353806734993 0.045653 0.10037499999999996
0 0.2562036875 0.32466531918008784 0.038774 0.055348
0 0.32476531249999996 0.2708967057101025 0.026892000000000027 0.061914
0 0.779755875 0.4356933748169839 0.09005700000000005 0.190432
0 0.8804008125 0.4704033748169839 0.10381499999999999 0.190431
0 0.949939 0.6871445344070277 0.09443400000000002 0.21669799999999997
0 0.9084956875 0.23731006149341144 0.007504999999999984 0.047841999999999996
0 0.98107475 0.2508990922401171 0.024389999999999912 0.07035600000000003
