0 0.117577875 0.5345077463126845 0.028124999999999983 0.050707999999999906
0 0.158202875 0.4970713775811209 0.028907000000000016 0.06603700000000005
0 0.2755864375 0.524193377581121 0.02968700000000002 0.06603800000000004
0 0.37421875 0.552787598820059 0.025000000000000022 0.056604000000000036
0 0.504296875 0.456089598820059 0.028125000000000067 0.056604000000000036
0 0.573827875 0.48409567256637176 0.028125000000000067 0.05424499999999995
0 0.6005861874999999 0.5501336725663718 0.02187500000000009 0.05424499999999995
0 0.6777341250000001 0.5477746725663716 0.036718999999999946 0.05424600000000003
0 0.693359875 0.38533830383480827 0.028905999999999987 0.06957599999999996
0 0.817969 0.41216908259587026 0.03203100000000003 0.07900899999999997
0 0.861327625 0.5156397463126844 0.020312999999999914 0.05188699999999995
