0 0.1559375 0.13166858413132695 0.04749999999999999 0.10420300000000002
0 0.250625 0.1646685512995896 0.06312499999999999 0.11471100000000004
0 0.3271875 0.1755637373461012 0.016874999999999973 0.06830099999999999
0 0.487890625 0.29189888372093026 0.14500000000000002 0.281086
0 0.48375 0.7691497592339261 0.03312499999999996 0.06042100000000009
0 0.589921875 0.11842460601915185 0.05999999999999994 0.098949
0 0.6838671875 0.3242638577291382 0.021874999999999978 0.035901999999999996
0 0.719765625 0.22022591244870043 0.020625000000000004 0.021890999999999956
0 0.7725390625 0.13413687961696308 0.018124999999999947 0.0324
0 0.7989453125 0.24336957318741453 0.057499999999999996 0.10770499999999998
0 0.867109375 0.1509399343365253 0.01187500000000008 0.016638000000000007
0 0.8792578125 0.13807896716826265 0.011249999999999982 0.010508
0 0.916953125 0.1351779343365253 0.0050000000000000044 0.017512999999999997
