0 0.1109765625 0.45484375 0.03499999999999999 0.055000000000000014
0 0.2019921875 0.4190621666666667 0.023125000000000007 0.036667000000000005
0 0.2737890625 0.437292 0.019374999999999976 0.03249999999999997
0 0.3225390625 0.4482291666666667 0.01937500000000003 0.03833300000000003
0 0.3384375 0.3991663333333333 0.016874999999999973 0.041667000000000044
0 0.3523828125 0.41635383333333337 0.010625000000000051 0.02749999999999993
0 0.420859375 0.38374966666666666 0.012500000000000011 0.02083400000000002
0 0.4253125 0.40906216666666667 0.01687500000000003 0.03750000000000001
0 0.4405078125 0.5552604166666666 0.04125000000000001 0.07750000000000005
0 0.4398046875 0.3807815833333334 0.007500000000000007 0.019165999999999943
0 0.455703125 0.4166145833333333 0.0050000000000000044 0.019167000000000007
0 0.65921875 0.9237496666666667 0.14875000000000005 0.14833400000000005
0 0.61015625 0.43505208333333334 0.040000000000000036 0.06583300000000003
0 0.6958203125 0.41109408333333336 0.026249999999999996 0.035833000000000004
0 0.7490625 0.417292 0.015625 0.03250000000000005
0 0.760234375 0.3803125 0.013124999999999942 0.017499999999999998
0 0.7765625 0.45765591666666666 0.015625 0.029167000000000016
0 0.78390625 0.4338538333333333 0.009375000000000022 0.027500000000000007
0 0.835546875 0.5493225833333333 0.059374999999999956 0.11333400000000005
0 0.8141796875 0.4444270833333333 0.007499999999999951 0.035000000000000066
0 0.84078125 0.36338575 0.009374999999999911 0.02416599999999991
