0 0.1474609375 0.28596954654654655 0.04500000000000001 0.094231
0 0.1985546875 0.30153903903903906 0.037500000000000006 0.08076899999999998
0 0.2112890625 0.493965042042042 0.04999999999999999 0.084615
0 0.237578125 0.22095453153153155 0.03562499999999999 0.06346199999999996
0 0.2598828125 0.39558454654654657 0.041874999999999996 0.09326999999999991
0 0.3027734375 0.7371675525525525 0.06124999999999997 0.10673100000000002
0 0.327109375 0.2520785405405406 0.04375000000000001 0.08269300000000002
0 0.34359375 0.5522490570570571 0.05500000000000005 0.11634599999999995
0 0.37125 0.16806953153153156 0.03187499999999999 0.06538499999999997
0 0.4462109375 0.3610875495495496 0.04624999999999996 0.10096199999999991
0 0.443828125 0.14126553453453453 0.03562499999999996 0.07115400000000001
0 0.445078125 0.25184253453453453 0.03687499999999999 0.06923000000000004
0 0.5102734375 0.18868403003003 0.02937500000000004 0.06249999999999998
0 0.5137499999999999 0.2633805345345345 0.033125000000000016 0.06923099999999995
0 0.590625 0.255873027027027 0.03312500000000007 0.055769000000000006
0 0.59453125 0.38254504504504505 0.03937500000000005 0.09230799999999995
0 0.6291796875 0.17876553453453453 0.03875000000000006 0.06923099999999997
0 0.65859375 0.5160145525525526 0.05625000000000002 0.10673000000000007
0 0.6896484375 0.27395753453453453 0.02937499999999993 0.07019200000000005
0 0.708984375 0.38038503903903903 0.043749999999999956 0.08076899999999998
0 0.75890625 0.6990615615615615 0.07125000000000004 0.125962
0 0.7503515625 0.18603603603603602 0.03437499999999993 0.07307699999999999
0 0.77359375 0.502974051051051 0.055625000000000036 0.102885
0 0.7933984375 0.29708604804804806 0.02937499999999993 0.09807700000000003
0 0.8329296875 0.17046654354354354 0.03750000000000009 0.08846199999999997
