0 0.499921875 0.35790405278592374 0.9975 0.235902
0 0.0219921875 0.4592502375366569 0.023125000000000003 0.056391000000000004
0 0.10875 0.47041568621700885 0.033125 0.05169100000000001
0 0.130625 0.5432358914956011 0.03249999999999999 0.07612799999999996
0 0.1932421875 0.40774585923753665 0.023125000000000007 0.04229299999999997
0 0.26 0.558574064516129 0.033125000000000016 0.06578899999999996
0 0.403125 0.501355615835777 0.03125 0.07330900000000007
0 0.44203125 0.5968453724340177 0.04062500000000002 0.10244399999999991
0 0.5258203125 0.48127996187683286 0.025624999999999898 0.05545099999999994
0 0.5844921875 0.4439861348973608 0.021874999999999978 0.0460529999999999
0 0.6469921875 0.40545313489736073 0.021874999999999978 0.044172999999999935
0 0.7315625 0.6507175454545454 0.04749999999999999 0.09210499999999999
0 0.7444921875 0.4915054105571847 0.02312499999999995 0.04699300000000005
0 0.7487890625 0.40815958357771265 0.018125000000000058 0.04041299999999992
0 0.775703125 0.5663191671554252 0.03687499999999999 0.07706699999999997
0 0.9109375 0.42894913489736075 0.01750000000000007 0.0460529999999999
0 0.9404296875 0.6081984428152493 0.03874999999999995 0.08082699999999998
0 0.9403125 0.3782712052785923 0.016249999999999987 0.02443600000000002
