0 0.086015625 0.51296875 0.051250000000000004 0.08749999999999998
0 0.2985546875 0.5961975833333334 0.03749999999999998 0.08166699999999993
0 0.4745703125 0.5177600833333332 0.026249999999999996 0.035000000000000066
0 0.5502734375 0.5443746666666667 0.030000000000000027 0.05333399999999999
0 0.6227734375 0.5497395833333334 0.030625000000000013 0.0499999999999999
0 0.66859375 0.5162496666666666 0.02375000000000005 0.022499999999999964
0 0.680078125 0.56125 0.03562500000000002 0.0625
0 0.731171875 0.52817675 0.02749999999999997 0.055000000000000084
0 0.7626953125 0.5371354166666666 0.02562500000000001 0.04666700000000009
0 0.8156640625 0.5183333333333333 0.01937500000000003 0.041666999999999975
0 0.84296875 0.5655725833333333 0.02499999999999991 0.04999999999999997
0 0.88859375 0.5222395833333333 0.024375000000000036 0.050000000000000044
0 0.96046875 0.5391663333333333 0.025000000000000022 0.041667000000000044
0 0.982265625 0.5132815833333334 0.020625000000000004 0.019166000000000016
