0 0.14223800000000003 0.2998533724340176 0.06326299999999997 0.10166700000000001
0 0.21766649999999998 0.25725806451612904 0.047724000000000044 0.06499999999999993
0 0.372162875 0.2612564428152493 0.028855999999999993 0.08
0 0.411051375 0.2616568914956012 0.04328500000000007 0.07499999999999997
0 0.4397314375 0.21725806451612906 0.03107700000000002 0.06666700000000002
0 0.4930924375 0.3590514750733138 0.06104299999999996 0.11166699999999995
0 0.5757136875 0.2464561671554252 0.03884500000000002 0.07833400000000004
0 0.63884325 0.23958944281524927 0.039955000000000074 0.08
0 0.72545675 0.29471685337243403 0.05660399999999999 0.12833299999999997
0 0.7624830625 0.2293887184750733 0.048834000000000044 0.08333399999999999
0 0.8233026874999999 0.8671746422287391 0.06881300000000012 0.1899999999999999
0 0.8283653750000001 0.2693887184750733 0.04439499999999996 0.08333400000000007
0 0.9325174375 0.20812316715542523 0.029966999999999966 0.07833299999999996
0 0.9727828125 0.22605571847507333 0.04217599999999999 0.083333
