0 0.2034375 0.5190336749633968 0.016250000000000014 0.04033800000000002
0 0.2179296875 0.7041784480234261 0.03812499999999999 0.05816200000000001
0 0.264140625 0.5104764172767203 0.020625000000000004 0.03471
0 0.33 0.6287195768667643 0.03249999999999997 0.06003799999999996
0 0.3437890625 0.5294669326500732 0.018125000000000002 0.04409000000000001
0 0.55625 0.17044289019033673 0.09375 0.203565
0 0.6208984375 0.8062643133235725 0.09187500000000004 0.1444650000000001
0 0.7375390625 0.5332543748169839 0.08125000000000004 0.19230799999999998
0 0.8148046875 0.4266187057101025 0.03874999999999995 0.06378999999999994
0 0.9918359375 0.5436521903367496 0.01375000000000004 0.05065600000000001
