0 0.013515625 0.33822916666666664 0.020625 0.036667000000000005
0 0.05890625 0.34088575 0.008125 0.024165999999999983
0 0.062109375 0.3330208333333333 0.011875000000000004 0.027500000000000007
0 0.30046875 0.30072916666666666 0.024999999999999967 0.03750000000000001
0 0.4631640625 0.32395799999999997 0.018125000000000002 0.03250000000000005
0 0.5312890625 0.30072916666666666 0.01937500000000003 0.03750000000000001
0 0.532265625 0.30203125 0.020625000000000004 0.03916700000000003
0 0.7500390625 0.27119825000000003 0.01937500000000003 0.040832999999999973
0 0.8626953125 0.25536425 0.02562500000000001 0.04
0 0.906015625 0.24776008333333333 0.020625000000000004 0.035834
0 0.99453125 0.2693229166666667 0.008750000000000036 0.030833
