0 0.0726416875 0.6061189237536656 0.069526 0.10777800000000007
0 0.1762604375 0.842847944281525 0.156066 0.3099999999999998
0 0.2859013125 0.3241868093841642 0.11982300000000001 0.264445
0 0.4148308125 0.44434354545454546 0.07322499999999998 0.09111099999999998
0 0.449507875 0.5750439882697947 0.090976 0.17111099999999999
0 0.497446375 0.9554997184750733 0.16863899999999998 0.08333400000000003
0 0.58364875 0.5179765395894428 0.08653899999999992 0.1777779999999999
0 0.6666686875000001 0.8556079120234604 0.10133099999999995 0.276666
0 0.6734985625000001 0.42527185337243395 0.06508899999999995 0.128889
0 0.7200389374999999 0.4918475073313783 0.07766200000000001 0.1444439999999999
0 0.8674938125 0.4224306480938417 0.0732250000000001 0.10444500000000001
0 0.93676 0.8056079120234605 0.125 0.276666
0 0.9840858749999999 0.37332389149560113 0.02736700000000003 0.07555500000000001
