0 0.016640625 0.3659899166666667 0.02125 0.03083299999999996
0 0.044804687499999996 0.4221354166666667 0.037500000000000006 0.04666699999999994
0 0.068515625 0.34203125 0.020625000000000004 0.03999999999999996
0 0.1494921875 0.33536425 0.02312499999999998 0.03916700000000003
0 0.1706640625 0.322292 0.019375000000000003 0.03333299999999998
0 0.330859375 0.2934899166666667 0.013124999999999998 0.029165999999999952
0 0.3950390625 0.30802083333333335 0.018125000000000002 0.027500000000000007
0 0.3942578125 0.3087496666666667 0.010624999999999996 0.02083400000000002
0 0.4320703125 0.3318229166666667 0.026874999999999982 0.030833
0 0.4980078125 0.41994791666666664 0.041250000000000064 0.06000000000000005
0 0.5294921875 0.3357291666666667 0.021874999999999978 0.03749999999999998
0 0.6245703125 0.37322916666666667 0.026875000000000093 0.03833300000000003
0 0.66078125 0.42359341666666667 0.040000000000000036 0.07583399999999996
0 0.69671875 0.33869825000000003 0.02499999999999991 0.040832999999999973
0 0.7196875 0.3240104166666667 0.015625 0.013333000000000003
0 0.7425 0.3797395833333333 0.03187499999999999 0.051666999999999984
0 0.884375 0.5493225833333333 0.06312499999999999 0.11333400000000005
0 0.8725390625 0.31765591666666665 0.018124999999999947 0.030834000000000028
0 0.8908984375 0.3691663333333333 0.030000000000000027 0.043333999999999984
