0 0.0441015625 0.49408752507374637 0.035 0.06043499999999988
0 0.05921875 0.6536725250737463 0.05499999999999999 0.061377999999999995
0 0.092890625 0.5951265250737463 0.01999999999999999 0.06043399999999997
0 0.1081640625 0.5479750412979352 0.01937499999999999 0.04060399999999993
0 0.1131640625 0.4693028200589971 0.018125000000000002 0.04815799999999997
0 0.1566796875 0.5551693038348082 0.03812499999999999 0.06987799999999997
0 0.2269921875 0.5159858938053098 0.023125000000000007 0.046269999999999915
0 0.2533203125 0.6076987463126844 0.02687500000000001 0.05099200000000004
0 0.3108203125 0.5364636725663717 0.02562500000000001 0.055713000000000006
0 0.5393359375 0.6128338200589971 0.014375000000000027 0.05004699999999994
0 0.5588671875 0.6035076725663717 0.021874999999999978 0.05476899999999998
0 0.595 0.5726972300884956 0.03312500000000007 0.07271000000000005
0 0.6314453125 0.6016821887905606 0.02562500000000001 0.03399399999999992
0 0.6462890625 0.7211305988200589 0.018125000000000058 0.05854500000000026
0 0.7055078125 0.6460550088495575 0.0412499999999999 0.08120900000000002
0 0.7053515625 0.9607992300884955 0.03500000000000003 0.07365499999999998
0 0.7084375 0.5534063362831858 0.016249999999999987 0.029273000000000122
0 0.733046875 0.5604304100294986 0.02749999999999997 0.026439999999999964
0 0.7631640625 0.684591640117994 0.04999999999999993 0.09442800000000014
0 0.8016015625 0.595540598820059 0.03437499999999993 0.05665699999999995
0 0.8889453125 0.529439598820059 0.026874999999999982 0.058545999999999994
0 0.9075390625 0.5404200412979351 0.01937499999999992 0.03871599999999996
0 0.925 0.5389369351032448 0.03312499999999996 0.08498599999999996
0 0.9510546875 0.6932064926253688 0.038124999999999964 0.10292799999999994
0 0.9887890625 0.9286850501474926 0.01937500000000003 0.11992499999999989
