0 0.0185546875 0.5893225833333333 0.0375 0.11333400000000005
0 0.14363281249999998 0.2843225833333333 0.0725 0.11333400000000005
0 0.22515625 0.9138020833333332 0.07124999999999998 0.12833300000000003
0 0.24421875 0.06380208333333333 0.0875 0.13
0 0.2359765625 0.5138020833333333 0.065 0.1299999999999999
0 0.38359375 0.036458333333333336 0.05624999999999997 0.075
0 0.526796875 0.036458333333333336 0.06 0.07333300000000001
0 0.5478125 0.8920833333333333 0.07999999999999996 0.106667
0 0.575 0.23880241666666668 0.06375000000000008 0.044999999999999964
0 0.7453515625 0.020833333333333332 0.03374999999999995 0.041667
0 0.81375 0.8586455000000001 0.0625 0.141667
0 0.8277734375 0.2837503333333333 0.06125000000000003 0.10499999999999998
0 0.8875 0.4886455 0.0625 0.14166700000000007
0 0.9696875 0.037760416666666664 0.04749999999999999 0.076667
0 0.984921875 0.1896875 0.02750000000000008 0.111667
