0 0.01562475 0.3894584172767204 0.024413999999999998 0.03367499999999999
0 0.0566401875 0.39385080380673504 0.022461000000000002 0.042459999999999914
0 0.12499956250000001 0.5534405402635432 0.064454 0.128843
0 0.1386721875 0.37774493265007325 0.023437000000000013 0.04392399999999999
0 0.1396481875 0.4275255461200586 0.02246100000000001 0.038066999999999886
0 0.20996075 0.3967786749633968 0.023438000000000014 0.03953200000000002
0 0.25976575 0.3938506749633968 0.02441400000000002 0.03953099999999988
0 0.30859393749999997 0.37920967496339675 0.013672000000000073 0.04099500000000004
0 0.326171625 0.519765803806735 0.019531999999999994 0.04099600000000009
0 0.3720698125 0.6237188653001464 0.04101600000000005 0.08784799999999998
0 0.3759770625 0.40263554612005853 0.019530999999999965 0.03806700000000005
0 0.42187468749999996 0.5270862210834554 0.03711000000000009 0.07320699999999992
0 0.4179691875 0.39677893265007325 0.02246100000000001 0.046851999999999894
0 0.47167950000000003 0.6090779941434845 0.046875 0.09370400000000004
0 0.4658201875 0.426061803806735 0.022461000000000064 0.04245899999999995
0 0.476563 0.5197661903367496 0.03125 0.05124399999999987
0 0.5136714375 0.41581231918008776 0.029297000000000073 0.054173000000000075
0 0.5390628749999999 0.38945806149341144 0.028320000000000012 0.04831599999999989
0 0.5498045625 0.5431919633967789 0.03417999999999999 0.06881400000000006
0 0.620117625 0.428989803806735 0.021483999999999948 0.04099599999999992
0 0.645507875 0.46120019033674964 0.027344000000000035 0.05124500000000001
0 0.645507875 0.510981448023426 0.028320000000000123 0.05856499999999997
0 0.6572263125000001 0.3879940614934115 0.02539099999999994 0.04831600000000001
0 0.697265625 0.4216692884333822 0.02148400000000006 0.030747000000000007
0 0.7050781875 0.5783311903367496 0.02343700000000004 0.05270799999999995
0 0.7675778750000001 0.5065883191800878 0.027343999999999924 0.05270900000000009
0 0.7988284375 0.5051242210834553 0.029297000000000017 0.07320700000000001
0 0.8349611874999999 0.6530012518301611 0.05371099999999995 0.096633
0 0.821288625 0.40702793265007314 0.02050799999999997 0.04392399999999999
0 0.8535151875 0.411419803806735 0.021484999999999976 0.040996000000000005
0 0.8681639999999999 0.525622448023426 0.03125 0.058565000000000055
0 0.888671625 0.408491803806735 0.02050799999999997 0.04099599999999992
0 0.9033204374999999 0.6368964787701317 0.02929700000000013 0.08199100000000013
0 0.9169925624999999 0.554904448023426 0.035155999999999965 0.05710100000000006
0 0.9169924375 0.4597360614934114 0.029296999999999906 0.046853000000000034
0 0.9541010625 0.4084919326500732 0.018554999999999988 0.04392399999999999
0 0.9912105 0.5241579633967789 0.015625 0.06735000000000006
0 0.991211375 0.6163981903367497 0.013670999999999989 0.05124500000000001
0 0.99316425 0.4202051903367497 0.009765000000000024 0.052707999999999866
