0 0.290234375 0.5565131339563862 0.043125000000000024 0.11077799999999995
0 0.3312890625 0.5976269719626168 0.04999999999999999 0.09381299999999997
0 0.4013671875 0.5505251339563864 0.05375000000000002 0.10977999999999995
0 0.4353125 0.4560322367601246 0.04749999999999999 0.09979999999999999
0 0.4862890625 0.5854551339563864 0.04999999999999999 0.11177699999999989
0 0.5506640625 0.44437333956386293 0.050000000000000044 0.09081799999999993
0 0.597265625 0.5117989719626168 0.05249999999999999 0.093812
0 0.609140625 0.6403451339563864 0.05249999999999999 0.11077899999999989
0 0.6916015625 0.6296842367601245 0.06499999999999995 0.10179700000000001
0 0.737265625 0.4824186043613707 0.05125000000000002 0.09880200000000007
0 0.85296875 0.4510422367601246 0.05499999999999994 0.10279399999999997
