0 0.148046875 0.4476045 0.027499999999999997 0.04833299999999996
0 0.2366796875 0.4788024166666667 0.03749999999999998 0.04666600000000002
0 0.238125 0.4742187500000001 0.031875000000000014 0.025832999999999995
0 0.2931640625 0.4663538333333333 0.018125000000000002 0.027500000000000007
0 0.3857421875 0.4607815833333333 0.023125000000000007 0.019166000000000016
0 0.4051171875 0.40765625 0.023125000000000007 0.070833
0 0.4771875 0.49411458333333336 0.11124999999999996 0.14500000000000002
0 0.584921875 0.4518746666666667 0.028124999999999956 0.05333399999999999
0 0.6540625 0.486458 0.01749999999999996 0.03250000000000005
0 0.7841015625 0.46250033333333335 0.03500000000000003 0.044166000000000004
0 0.8533984375 0.3956246666666667 0.06187500000000001 0.11499999999999999
