0 0.0558984375 0.6508333333333334 0.031249999999999993 0.04333299999999992
0 0.1233984375 0.77484375 0.029375 0.05499999999999986
0 0.164921875 0.6388024166666666 0.02812500000000001 0.04666600000000002
0 0.3097265625 0.6250520833333334 0.03375 0.06666700000000003
0 0.4673828125 0.5663024166666667 0.04124999999999995 0.045000000000000005
0 0.588125 0.7454684166666666 0.03312499999999996 0.04666700000000009
0 0.821875 0.7960416666666666 0.03187499999999999 0.053333
0 0.871875 0.6932291666666668 0.032500000000000084 0.03749999999999994
0 0.9041015625 0.8977086666666666 0.03375000000000006 0.05333300000000015
0 0.9158203125 0.9164065833333334 0.02562500000000001 0.05166599999999999
