0 0.044921875 0.4592855710102489 0.09 0.15197000000000005
0 0.041640625 0.2910709575402636 0.083125 0.15947400000000003
0 0.13921875 0.4103913133235724 0.08625 0.1444650000000001
0 0.249375 0.43322114787701316 0.09562499999999996 0.21013199999999993
0 0.31375 0.32926028257686674 0.06375000000000003 0.12288899999999997
0 0.33625 0.47789015373352856 0.06437500000000002 0.11913699999999998
0 0.499609375 0.3491436383601757 0.043749999999999956 0.10788000000000005
0 0.5341796875 0.4499227920937042 0.10124999999999995 0.22326500000000002
0 0.7416796875 0.42837273060029285 0.038124999999999964 0.17636099999999988
0 0.77765625 0.382652467057101 0.10249999999999992 0.26078799999999996
