0 0.01953125 0.5870660833333333 0.040277999999999994 0.09814799999999997
0 0.0526045 0.45526616666666664 0.048611 0.03703700000000006
0 0.2177298125 0.5128764166666667 0.04166699999999998 0.044444000000000004
0 0.380338875 0.1425054166666667 0.027776999999999996 0.046297
0 0.413151375 0.5293401666666666 0.043055000000000065 0.03703700000000006
0 0.5499345625 0.15251758333333335 0.033334000000000086 0.04999999999999999
0 0.6850689999999999 0.16493066666666667 0.03194500000000011 0.05370400000000001
0 0.7019313125 0.6016199999999999 0.056945000000000134 0.06296300000000017
0 0.7103733750000001 0.3812499999999999 0.04444399999999993 0.06481500000000007
0 0.7483720625 0.8414644166666667 0.08055600000000007 0.07592599999999994
0 0.7631077500000001 0.18880241666666667 0.023610999999999938 0.044444000000000004
