0 0.08265625 0.38380947877013183 0.039999999999999994 0.0806749999999999
0 0.311171875 0.2864413382137628 0.15375 0.25797400000000004
0 0.3080859375 0.32408731332357243 0.10812499999999997 0.14352700000000004
0 0.3798046875 0.036603221083455345 0.038124999999999964 0.075047
0 0.5278515625 0.4153617057101025 0.03500000000000003 0.061914
0 0.6225390625 0.3002052210834553 0.018124999999999947 0.07504699999999996
0 0.7316796875 0.24858428257686677 0.06874999999999998 0.12288999999999997
0 0.82453125 0.34475125183016103 0.03937499999999994 0.09943700000000004
0 0.8266796875 0.355394803806735 0.03875000000000006 0.042214000000000015
0 0.9519921875 0.3460320248901903 0.053749999999999964 0.11538400000000006
