0 0.1211328125 0.5321848960468522 0.07312499999999998 0.11163200000000004
0 0.215546875 0.4254272518301611 0.06 0.09943699999999996
0 0.2890234375 0.9228667057101024 0.030625000000000013 0.06379000000000003
0 0.287890625 0.6670231595900439 0.020625000000000004 0.02908100000000009
0 0.3993359375 0.41574763836017575 0.044999999999999984 0.10788
0 0.6166015625 0.4732250922401171 0.034375000000000044 0.07129500000000007
0 0.6633984375 0.5314302518301611 0.02937499999999993 0.09943800000000001
0 0.7085546875 0.3202469941434846 0.06937500000000008 0.090995
0 0.8936328125 0.5602395768667643 0.041874999999999996 0.05909900000000001
0 0.9169921875 0.4858329633967789 0.02312499999999995 0.06754200000000002
