0 0.022926187576126678 0.4514025 0.0176 0.01666600000000007
0 0.07732618757612668 0.5113530625 0.017600000000000015 0.019230999999999998
0 0.08289013398294762 0.44688537500000003 0.01440000000000001 0.012819999999999998
0 0.1425442143727162 0.44688537500000003 0.02079999999999999 0.012819999999999998
0 0.14445408038976856 0.5116585 0.00799999999999998 0.016666999999999987
0 0.1900901339829476 0.4424275 0.014399999999999986 0.016666999999999987
0 0.22369013398294763 0.5164810625 0.014400000000000019 0.019230999999999887
0 0.23649013398294763 0.44786193750000003 0.01280000000000001 0.014101999999999948
0 0.3997408038976858 0.6567663125 0.07519999999999998 0.08846100000000001
0 0.6038489646772229 0.6851510625 0.08959999999999993 0.11153900000000005
0 0.5765982947624848 0.893098625 0.02879999999999997 0.020512999999999892
0 0.7925261875761267 0.0978619375 0.01760000000000004 0.015383999999999995
0 0.7989261875761267 0.0812551875 0.01760000000000004 0.021794999999999995
0 0.8255064555420218 0.7090290625 0.041600000000000116 0.050000000000000044
0 0.8983931790499391 0.674769375 0.10880000000000012 0.13846199999999997
0 0.9237261875761267 0.06104762500000001 0.01760000000000004 0.02051299999999999
