0 0.07703125 0.14008381458966565 0.039375 0.14425000000000002
0 0.1545703125 0.15177981458966563 0.02687500000000001 0.14035099999999998
0 0.2090234375 0.13721070516717324 0.030625000000000013 0.09161799999999999
0 0.211796875 0.27739530091185416 0.028749999999999998 0.13645299999999994
0 0.25625 0.210887273556231 0.03312499999999999 0.12475699999999997
0 0.3075 0.23233027355623098 0.03187499999999999 0.126706
0 0.3527734375 0.2292251367781155 0.030625000000000013 0.06432799999999998
0 0.4128125 0.2583643556231003 0.04749999999999999 0.15984400000000004
0 0.580078125 0.15177981458966563 0.03687499999999999 0.14035099999999998
0 0.6601171875 0.13962175987841943 0.021874999999999978 0.120858
0 0.7190234375 0.1441492188449848 0.030625000000000013 0.10331300000000002
0 0.716640625 0.2799727598784194 0.020625000000000004 0.11695900000000005
0 0.7609765625 0.20698927355623098 0.034375000000000044 0.12475599999999999
0 0.8125 0.24082035562310034 0.03312499999999996 0.15984399999999999
0 0.8553515625 0.22228762310030395 0.03375000000000006 0.060429
0 0.913203125 0.2592238419452887 0.03687499999999999 0.15594500000000006
