0 0.0302734375 0.48651369590643284 0.060625 0.07865199999999987
0 0.1497265625 0.5208788479532163 0.0037500000000000033 0.03838900000000011
0 0.1705078125 0.46101892982456144 0.01125000000000001 0.018726999999999962
0 0.18640625 0.4714339064327486 0.008750000000000008 0.025280999999999956
0 0.2680078125 0.45053887134502923 0.010000000000000009 0.032771000000000015
0 0.28453125 0.462480918128655 0.008124999999999993 0.02247199999999995
0 0.36140625 0.4770519064327486 0.008124999999999993 0.02340800000000002
0 0.3867578125 0.3595998947368422 0.010624999999999996 0.027153999999999935
0 0.5421875 0.3408728947368421 0.015625 0.02809
0 0.981875 0.3016294970760234 0.03312499999999996 0.127341
