0 0.1702734375 0.31484375 0.030624999999999986 0.05500000000000005
0 0.188125 0.40369825 0.033125000000000016 0.040832999999999973
0 0.2803515625 0.29364583333333333 0.03500000000000003 0.05833299999999997
0 0.2816015625 0.39567674999999997 0.034999999999999976 0.05666700000000002
0 0.346875 0.34942708333333333 0.03250000000000003 0.03416699999999998
0 0.3464453125 0.41151075 0.02562500000000001 0.055000000000000014
0 0.428125 0.33359408333333335 0.03250000000000003 0.034165999999999995
0 0.449296875 0.39401075 0.028749999999999998 0.05666600000000003
0 0.451796875 0.5776559166666666 0.027500000000000024 0.029167000000000092
0 0.503125 0.625417 0.031250000000000056 0.0625
0 0.5081249999999999 0.3282291666666666 0.031250000000000056 0.03750000000000001
0 0.548125 0.38661491666666664 0.03249999999999997 0.06000000000000005
0 0.585078125 0.31244791666666666 0.036250000000000004 0.06000000000000005
0 0.5933203125 0.4607809166666666 0.026875000000000093 0.06000000000000005
0 0.6158984375 0.37822916666666667 0.030625000000000013 0.03833299999999995
0 0.6890234375 0.3296354166666667 0.030000000000000027 0.04583299999999998
0 0.695546875 0.4022395833333334 0.028749999999999942 0.051666999999999984
0 0.7647265625 0.3852086666666667 0.03374999999999995 0.05333299999999993
0 0.7747265625 0.31156216666666664 0.03374999999999995 0.03750000000000001
0 0.84375 0.3836458333333333 0.03249999999999997 0.05749999999999996
0 0.84875 0.30583333333333335 0.03125 0.04416699999999999
0 0.91625 0.3076045 0.03249999999999997 0.048333000000000036
0 0.91875 0.4015107500000001 0.032500000000000084 0.05499999999999994
0 0.976171875 0.5670836666666667 0.028749999999999942 0.022499999999999964
0 0.98 0.30854166666666666 0.03312500000000007 0.053333
0 0.987890625 0.3892705 0.020625000000000004 0.04750000000000002
