0 0.0078125 0.7113024166666667 0.01625 0.04583300000000001
0 0.1244140625 0.6805725833333334 0.019375000000000003 0.051666999999999984
0 0.1579296875 0.8136975833333334 0.037500000000000006 0.080834
0 0.27875 0.6909899166666666 0.03250000000000003 0.029166000000000025
0 0.30484375 0.8832295 0.02437499999999998 0.079166
0 0.3463671875 0.7482291666666666 0.021874999999999978 0.03833300000000003
0 0.438359375 0.6783850833333332 0.012500000000000011 0.0666670000000001
0 0.508203125 0.70317675 0.036250000000000004 0.05666700000000002
0 0.562109375 0.67151075 0.013124999999999942 0.05499999999999986
0 0.5777734375 0.6728645833333333 0.030625000000000013 0.08250000000000002
0 0.6332421875 0.6869270833333334 0.021874999999999978 0.03583299999999993
0 0.733046875 0.7263541666666667 0.028125000000000067 0.06833299999999998
0 0.7968359375 0.7306253333333332 0.045624999999999916 0.0741660000000001
0 0.8563671875 0.71625 0.02187500000000009 0.06416700000000002
