0 0.1266796875 0.18983642274052476 0.06875 0.07276099999999999
0 0.1623046875 0.09194534110787173 0.03875000000000001 0.05037299999999999
0 0.3255859375 0.09480125947521865 0.015000000000000013 0.031716
0 0.3312890625 0.02845280758017493 0.01874999999999999 0.026119000000000003
0 0.4160546875 0.19864231195335275 0.03875000000000001 0.11380599999999995
0 0.4796484375 0.11171232653061225 0.02999999999999997 0.08395499999999999
0 0.48046875 0.10354761516034985 0.025000000000000022 0.04850699999999998
0 0.5062890625 0.05270680758017492 0.01874999999999999 0.02611900000000001
0 0.5339453125 0.21531324489795917 0.026249999999999996 0.06156800000000002
0 0.5405859375 0.21239779300291545 0.015000000000000013 0.05783599999999999
0 0.5775390625 0.043786081632653066 0.018750000000000044 0.020522
0 0.6101953125 0.17216934110787174 0.026249999999999996 0.050372999999999966
0 0.71859375 0.2738509562682216 0.05625000000000002 0.09888099999999997
0 0.81671875 0.1014477113702624 0.023749999999999938 0.03731399999999999
