0 0.0878515625 0.2310147364568082 0.035 0.08630400000000002
0 0.2045703125 0.2311731537335285 0.05812500000000001 0.11913699999999999
0 0.272109375 0.1869247364568082 0.04375000000000001 0.086304
0 0.3267578125 0.421438019033675 0.10499999999999998 0.20544099999999993
0 0.3812890625 0.2590175402635432 0.04999999999999999 0.126642
0 0.4805078125 0.4496952767203514 0.10499999999999993 0.21294499999999986
0 0.5253125 0.29450712298682286 0.04875000000000007 0.09662300000000003
0 0.5665625 0.33301228257686677 0.048125000000000084 0.12288900000000005
0 0.75515625 0.4876743074670571 0.13312500000000005 0.23546000000000003
0 0.777265625 0.2428679633967789 0.05249999999999999 0.06754200000000002
0 0.8467578125 0.23161096339677892 0.041874999999999996 0.06754200000000002
0 0.918984375 0.25270499414348463 0.04375000000000007 0.092871
