0 0.07105468749999999 0.42359341666666667 0.0375 0.07583399999999996
0 0.1075390625 0.44536458333333334 0.049375 0.080833
0 0.1555078125 0.40401075000000003 0.0725 0.18083299999999994
0 0.29125 0.37385416666666665 0.03249999999999997 0.06833299999999998
0 0.3606640625 0.4451559166666666 0.018125000000000002 0.029167000000000092
0 0.395234375 0.45489549999999995 0.04312499999999997 0.07916699999999999
0 0.3890234375 0.45984374999999994 0.030625000000000013 0.055000000000000014
0 0.485234375 0.3356770833333333 0.07437499999999997 0.09666700000000002
0 0.6418359375 0.4031774166666667 0.04562500000000003 0.13916599999999998
0 0.795 0.4111458333333333 0.03249999999999997 0.05750000000000003
0 0.801015625 0.42281283333333336 0.020625000000000004 0.05833299999999997
0 0.8825390625 0.3851565833333333 0.05062499999999992 0.11416599999999999
0 0.983046875 0.4111975833333333 0.02749999999999997 0.080834
