0 0.0009765625 0.2484969633967789 0.00375 0.06754200000000002
0 0.02453125 0.27270260761347 0.039375 0.08442799999999999
0 0.0848046875 0.3183268345534407 0.03874999999999999 0.06472800000000001
0 0.17578125 0.28652015373352857 0.071875 0.11726099999999993
0 0.28507812499999996 0.370123411420205 0.223125 0.12476600000000002
0 0.46265625 0.22504496339677893 0.040000000000000036 0.06941800000000001
0 0.5462109375 0.32077312298682287 0.0462499999999999 0.09474699999999994
0 0.670859375 0.2948488960468521 0.23062499999999997 0.11350800000000003
0 0.8705859375 0.29450712298682286 0.04499999999999993 0.095685
0 0.8990625 0.26646015959004393 0.015625 0.029081000000000006
0 0.94921875 0.28837893265007325 0.024375000000000036 0.04409000000000001
0 0.975390625 0.2768934172767204 0.020625000000000004 0.03470899999999994
0 0.9903125 0.2679242884333821 0.016874999999999973 0.030957
