0 0.00390625 0.35410129411764707 0.008125 0.02919100000000002
0 0.1051171875 0.3278941764705882 0.053750000000000006 0.10640299999999996
0 0.14984375 0.48236088235294117 0.08687500000000001 0.17985
0 0.16 0.2937105294117647 0.03312499999999999 0.06968000000000003
0 0.2126171875 0.33461294117647056 0.05374999999999999 0.06591300000000008
0 0.2172265625 0.273588 0.03437499999999999 0.051789
0 0.309140625 0.3721084705882353 0.020000000000000018 0.03295699999999997
0 0.365390625 0.4143014117647058 0.02062499999999995 0.0470810000000001
0 0.393515625 0.37863658823529406 0.020625000000000004 0.05461400000000008
0 0.4137109375 0.3641630588235294 0.015000000000000013 0.03672299999999997
0 0.4740625 0.4212836470588235 0.07812500000000006 0.13935899999999998
0 0.5180078125 0.42654241176470586 0.011249999999999982 0.04802300000000001
0 0.550078125 0.4220667647058824 0.03562500000000002 0.06026399999999997
0 0.619140625 0.3289523529411764 0.05249999999999999 0.11393600000000005
0 0.7087890625 0.3862334705882354 0.018125000000000058 0.034838999999999946
0 0.792421875 0.36291423529411765 0.05999999999999994 0.09322000000000004
0 0.8578125 0.2723381764705882 0.04749999999999999 0.106403
