0 0.1981640625 0.34935393265007325 0.019375000000000003 0.04409000000000001
0 0.2328125 0.16661128843338213 0.016875 0.03095700000000002
0 0.2840625 0.3764446749633968 0.015625 0.038460999999999974
0 0.3270703125 0.40012519033674965 0.026249999999999996 0.052532000000000044
0 0.3703125 0.22365093265007321 0.016249999999999987 0.04408999999999997
0 0.5133203125 0.4143104480234261 0.02562500000000001 0.056285
0 0.5570703125 0.3465399326500732 0.025624999999999898 0.045027999999999985
0 0.6094140625 0.4065769326500732 0.01937500000000003 0.04409000000000001
0 0.63796875 0.5994993806734992 0.024375000000000036 0.100375
0 0.769140625 0.4053413191800878 0.020625000000000004 0.05347099999999999
0 0.806640625 0.4122059326500732 0.02124999999999999 0.04409000000000001
0 0.9028125 0.21674215959004392 0.016874999999999973 0.027204
