0 0.221015625 0.27971876642335763 0.05125000000000002 0.085981
0 0.242890625 0.14858432846715328 0.05124999999999999 0.09345799999999999
0 0.319609375 0.17002564233576645 0.04375000000000001 0.068224
0 0.3653125 0.5321714744525546 0.048750000000000016 0.09158900000000011
0 0.39953125 0.26138222627737223 0.03999999999999998 0.05794400000000001
0 0.4654296875 0.7118492262773722 0.038124999999999964 0.05700900000000004
0 0.4798828125 0.2268022262773723 0.04125000000000001 0.05794399999999997
0 0.5086328124999999 0.4263320583941606 0.04187500000000005 0.08037399999999995
0 0.5562109375 0.17043478832116787 0.04625000000000001 0.064486
0 0.598046875 0.5690296204379561 0.06000000000000005 0.08785000000000003
0 0.62140625 0.20892318248175182 0.039999999999999925 0.09813000000000001
0 0.6793359375 0.11920318248175182 0.04625000000000001 0.09906500000000001
0 0.7613671875 0.5458970364963504 0.053749999999999964 0.1
