0 0.05701754385964912 0.7438671875 0.11516900000000001 0.11624999999999996
0 0.11254039181286549 0.791171875 0.15355800000000003 0.12125000000000008
0 0.13814980116959066 0.7067578125 0.050561999999999996 0.04249999999999998
0 0.33836026315789475 0.895625 0.184457 0.125
0 0.31825354385964916 0.6721484375 0.11516799999999996 0.06125000000000003
0 0.5275481578947369 0.805625 0.21254600000000007 0.156875
0 0.6696074970760234 0.7990625 0.128277 0.11124999999999996
0 0.7538926842105261 0.7716015625 0.07958800000000002 0.06625000000000003
0 0.8525202397660818 0.7991015625 0.19007500000000002 0.12812500000000004
0 0.8702775321637426 0.728359375 0.11984999999999998 0.07499999999999996
0 0.9769858245614035 0.8504296875 0.04400800000000008 0.10062499999999996
