0 0.0087890625 0.5642025741556534 0.01875 0.03853400000000006
0 0.009882812500000001 0.45012900146842877 0.009999999999999998 0.022556000000000083
0 0.0483203125 0.5660815741556534 0.026875000000000003 0.03853399999999998
0 0.0442578125 0.4205824302496329 0.010625000000000002 0.024436000000000006
0 0.0835546875 0.4379110014684287 0.007499999999999993 0.021616000000000038
0 0.1641796875 0.35902086049926585 0.007500000000000007 0.04793299999999995
0 0.6226953125 0.3480910146842878 0.745 0.207707
0 0.280859375 0.578065859030837 0.013124999999999998 0.027254999999999995
0 0.3459375 0.5770658604992658 0.016874999999999973 0.04793300000000003
0 0.4109375 0.5037578604992657 0.015625 0.049811999999999974
0 0.44171875 0.5416455741556534 0.02437499999999998 0.03853399999999998
0 0.496640625 0.5189727165932452 0.019999999999999962 0.03477399999999996
0 0.5117578125 0.5650247165932453 0.010624999999999996 0.03477500000000002
0 0.5282421875 0.547108718061674 0.02187500000000009 0.053570999999999924
0 0.541015625 0.5958628604992657 0.020625000000000004 0.04981200000000006
0 0.54984375 0.6651760058737152 0.024375000000000036 0.08364699999999996
0 0.5619140625 0.5143905741556536 0.01937500000000003 0.04041299999999992
0 0.610234375 0.5141558590308369 0.013125000000000053 0.027256000000000058
0 0.6432421875 0.5803552907488987 0.023125000000000062 0.07330800000000001
0 0.7326953125 0.5485771468428782 0.026874999999999982 0.05733099999999994
0 0.7684375 0.5921038604992658 0.016874999999999973 0.04793199999999997
0 0.800390625 0.4864882878120411 0.020000000000000018 0.031015999999999988
0 0.8076171875 0.6270547165932453 0.02312499999999995 0.03477500000000002
0 0.856640625 0.49723885903083703 0.020625000000000004 0.029135
0 0.8738671875 0.5975660044052864 0.02312499999999995 0.06391000000000002
0 0.94921875 0.5737184317180617 0.024375000000000036 0.04417300000000002
0 0.95609375 0.6409168619676946 0.02375000000000005 0.06954899999999999
