0 0.103046875 0.7426404480234262 0.028124999999999997 0.0572229999999999
0 0.251640625 0.4311253499267936 0.020625000000000004 0.07879899999999995
0 0.2896875 0.43931389604685206 0.017500000000000016 0.11350900000000004
0 0.3251953125 0.4338692518301611 0.026874999999999982 0.09849999999999987
0 0.3775390625 0.44480269985358717 0.018125000000000002 0.15384600000000004
0 0.4292578125 0.44100654026354313 0.041874999999999996 0.12664100000000003
0 0.5027734374999999 0.44901073060029284 0.03062500000000007 0.17635999999999996
0 0.590546875 0.44901073060029284 0.05874999999999997 0.17635999999999996
0 0.7120703125 0.46801846705710104 0.05687500000000001 0.261726
0 0.8932421875 0.4585232093704245 0.11625000000000008 0.25703600000000004
