0 0.0107421875 0.6109375 0.023125 0.04833299999999996
0 0.0467578125 0.49817741666666665 0.010624999999999996 0.014999999999999977
0 0.0866796875 0.7691666666666667 0.03874999999999999 0.0858329999999999
0 0.1109375 0.64515625 0.048750000000000016 0.07249999999999994
0 0.125390625 0.5501559166666666 0.020625000000000004 0.029166999999999943
0 0.1714453125 0.59817675 0.02562500000000001 0.05499999999999986
0 0.174609375 0.44984341666666666 0.012499999999999983 0.014999999999999977
0 0.2352734375 0.5472395833333333 0.030624999999999986 0.051666999999999984
0 0.2491796875 0.69182325 0.03874999999999998 0.07083300000000008
0 0.3053515625 0.5957809166666667 0.034999999999999976 0.061666999999999916
0 0.3276953125 0.49369825 0.02562500000000001 0.04166599999999998
0 0.34046875 0.5389065833333334 0.023749999999999993 0.05166599999999999
0 0.362265625 0.7264059166666668 0.05125000000000002 0.09166699999999987
0 0.3628125 0.6442705 0.04750000000000004 0.04833400000000002
0 0.377265625 0.46489616666666667 0.020625000000000004 0.03750000000000001
0 0.3959765625 0.5550003333333334 0.03375 0.04333299999999992
0 0.39859375 0.6151045 0.023749999999999993 0.04750000000000002
0 0.4262109375 0.72880175 0.04562500000000003 0.08833399999999998
0 0.4557421875 0.4884899166666667 0.021874999999999978 0.030833000000000037
0 0.47015625 0.5853645833333334 0.03999999999999998 0.08249999999999987
0 0.53078125 0.9549996666666667 0.07125000000000004 0.08583400000000004
0 0.5579296875 0.7984895833333333 0.06874999999999998 0.11249999999999998
0 0.8961328125 0.6022913333333334 0.04249999999999998 0.07333400000000001
0 0.905546875 0.56375 0.028750000000000053 0.0625
0 0.9151953125 0.5033333333333333 0.026874999999999982 0.04333299999999999
0 0.9319140625 0.4808333333333334 0.018125000000000058 0.041666999999999975
0 0.9476953125 0.6375520833333334 0.025624999999999898 0.06583300000000003
0 0.9850390625 0.49036425 0.01937500000000003 0.03916700000000003
