0 0.06937499999999999 0.225153768707483 0.06312500000000001 0.11062700000000002
0 0.1590625 0.5445082108843537 0.078125 0.13675899999999996
0 0.19859375 0.24006985714285714 0.05562499999999998 0.11672499999999997
0 0.3486328125 0.1809439455782313 0.073125 0.12108
0 0.4005859375 0.5013356666666666 0.07687500000000003 0.13588800000000006
0 0.5093359375 0.1863861224489796 0.07812499999999994 0.13327500000000003
0 0.6118359375 0.5409660204081632 0.07687500000000003 0.15766500000000003
0 0.663046875 0.21899757823129248 0.059374999999999956 0.12979099999999996
0 0.8009375 0.2107761224489796 0.078125 0.13240499999999997
0 0.895234375 0.2663099455782313 0.07437499999999997 0.12108000000000003
