0 0.034648437500000004 0.82421875 0.030000000000000002 0.024166999999999977
0 0.037578125000000004 0.8917184166666666 0.036250000000000004 0.10916700000000008
0 0.08359375 0.8839065833333333 0.024375000000000008 0.05000000000000012
0 0.1280859375 0.6957815833333334 0.013750000000000012 0.019165999999999943
0 0.1394921875 0.75255175 0.021875000000000006 0.025833999999999985
0 0.2031640625 0.6793229166666667 0.018125000000000002 0.030833000000000037
0 0.2132421875 0.6638538333333334 0.02312499999999998 0.027500000000000007
0 0.3339453125 0.5627600833333334 0.026875000000000038 0.03583400000000007
0 0.365 0.5454684166666667 0.03250000000000003 0.04666699999999994
0 0.4051953125 0.47395799999999993 0.026874999999999982 0.03250000000000005
0 0.45453125 0.41651075 0.03999999999999998 0.055000000000000084
0 0.5827734375 0.3458333333333334 0.02937500000000004 0.04333299999999992
0 0.7932421875 0.15333333333333335 0.021874999999999978 0.04166700000000003
0 0.8619921875 0.09588508333333334 0.053750000000000075 0.06750000000000002
0 0.925625 0.047604499999999994 0.03125 0.048332999999999994
