0 0.121779 0.21681066666666668 0.03153800000000001 0.05435900000000001
0 0.36503575 0.21800450000000002 0.05538500000000002 0.141539
0 0.6410100000000001 0.2618593333333334 0.03307699999999991 0.04410199999999994
0 0.6473705624999999 0.2794910833333333 0.03384600000000004 0.03589800000000006
0 0.7178125 0.30457891666666664 0.016154 0.030770000000000037
0 0.7876049374999999 0.26383 0.015385000000000093 0.03179500000000002
0 0.8199731875 0.25365433333333337 0.022306999999999855 0.04307599999999997
0 0.8837589375 0.6149915 0.013846000000000025 0.017435999999999858
0 0.9039665000000001 0.6366108333333332 0.01692299999999991 0.027691999999999977
0 0.9310970625 0.6744795 0.01846100000000006 0.017436000000000007
0 0.9447355 0.6848158333333334 0.01692299999999991 0.0276919999999999
0 0.9645279375 0.7142827500000001 0.015385000000000093 0.02461499999999998
