0 0.042851562499999996 0.3739724480234261 0.035 0.05722299999999994
0 0.0928515625 0.2958128345534407 0.03375 0.06472800000000001
0 0.185625 0.4239189633967789 0.03187499999999999 0.06754199999999994
0 0.2083203125 0.25547583455344075 0.02687500000000001 0.06472799999999997
0 0.3310546875 0.3990028345534407 0.03812500000000002 0.06566599999999999
0 0.3283984375 0.30080144802342607 0.02937500000000004 0.057223000000000024
0 0.452578125 0.4280828345534407 0.036250000000000004 0.06566599999999999
0 0.4729296875 0.2681969633967789 0.03875000000000001 0.06941800000000001
0 0.5998046875 0.2615157057101025 0.03874999999999995 0.06285200000000002
0 0.6142578125 0.36440709224011714 0.04125000000000001 0.07035699999999996
0 0.7553515625 0.2592278345534407 0.03374999999999995 0.06660400000000004
0 0.7553515625 0.3769007057101025 0.03500000000000003 0.06285199999999994
0 0.9087109375 0.34159547877013174 0.04500000000000004 0.08067499999999998
0 0.9635546875 0.24122047877013178 0.03875000000000006 0.08067499999999998
