0 0.018203125 0.6578139882697948 0.036273 0.17183100000000007
0 0.165006875 0.32912450733137827 0.06003700000000001 0.14647900000000008
0 0.273363125 0.24879882111436952 0.03564700000000004 0.09577499999999999
0 0.3192475 0.31798664809384164 0.046903999999999946 0.10422499999999998
0 0.37387787499999997 0.4360878475073313 0.09068100000000001 0.21126800000000004
0 0.4030935625 0.2726340645161291 0.03439599999999998 0.06478799999999996
0 0.489046 0.23413606451612906 0.03126899999999999 0.06478899999999999
0 0.538672375 0.3795838152492669 0.07567299999999999 0.18121999999999996
0 0.7871506875000001 0.37595695601173024 0.06941799999999987 0.138967
0 0.8990616249999999 0.38875530205278597 0.052533000000000274 0.12112699999999994
