0 0.021328125 0.08181557686676429 0.036250000000000004 0.060037
0 0.15375 0.07577470571010249 0.03125 0.06191400000000001
0 0.1876171875 0.08140370571010248 0.023125000000000007 0.061913
0 0.22671875 0.11442006149341143 0.024375000000000008 0.049719000000000006
0 0.2474609375 0.11648041727672036 0.015624999999999972 0.03283299999999997
0 0.294140625 0.14514954612005856 0.020625000000000004 0.036585
0 0.3319921875 0.12046093265007321 0.023125000000000007 0.045966
0 0.4113671875 0.11940867496339679 0.023125000000000007 0.040338
0 0.4421875 0.11190467496339677 0.017500000000000016 0.038461
0 0.484765625 0.13295454612005855 0.020625000000000004 0.036585
0 0.5269921875 0.11190467496339677 0.023125000000000062 0.038461
0 0.6818359375 0.15242603074670572 0.014374999999999916 0.025328000000000003
0 0.71234375 0.1406870614934114 0.024374999999999925 0.04878000000000004
0 0.7989453125 0.12672931918008787 0.02562500000000001 0.055346999999999986
0 0.893828125 0.16500696339677892 0.03562500000000002 0.06754199999999998
0 0.947890625 0.25341547877013176 0.05249999999999999 0.08067499999999998
