0 0.027959125 0.7800394117647058 0.035467 0.04817799999999997
0 0.0575091875 0.872870294117647 0.05449799999999999 0.07682300000000002
0 0.209646625 0.8795498823529412 0.051038 0.07942699999999998
0 0.37685124999999997 0.32628676470588236 0.07093500000000003 0.059896000000000026
0 0.44360287500000006 0.797181705882353 0.02854599999999996 0.07421799999999988
0 0.533541375 0.1583644705882353 0.012974999999999959 0.084635
0 0.5744755 0.822135 0.048443000000000014 0.10026100000000009
0 0.6082965625 0.7444243529411765 0.03460299999999994 0.0625
0 0.6373738750000001 0.785462705882353 0.028546999999999878 0.07421900000000003
0 0.6901693750000001 0.7961701764705882 0.043252999999999875 0.058594000000000035
0 0.7936681875 0.8126381176470587 0.05276800000000004 0.07291600000000006
0 0.823360875 0.7980236470588237 0.02854600000000007 0.08854199999999988
