0 0.0820690307467057 0.1038671875 0.023453 0.022500000000000006
0 0.10446977306002929 0.1009375 0.018762000000000004 0.0175
0 0.31994938067349926 0.0295703125 0.10037499999999996 0.058124999999999996
0 0.3025641903367496 0.1766015625 0.05159400000000007 0.03437499999999999
0 0.37328790190336747 0.25171875 0.02063799999999996 0.024375000000000036
0 0.4940387306002928 0.3505078125 0.17729899999999998 0.16749999999999998
0 0.44897528843338214 0.1658203125 0.030956999999999957 0.02562499999999998
0 0.5745650307467057 0.12742187500000002 0.02532799999999996 0.027499999999999983
0 0.5849972884333823 0.1562109375 0.030956999999999874 0.013749999999999984
0 0.6072837730600292 0.26359375 0.01782399999999999 0.02437499999999998
