0 0.08100726654740609 0.0299609375 0.06880800000000001 0.04625
0 0.08986145259391772 0.7240625 0.021788999999999985 0.015625
0 0.30297789445438283 0.2533203125 0.16399099999999997 0.11937499999999998
0 0.3067422701252236 0.577265625 0.030963999999999995 0.020625000000000004
0 0.5492193613595706 0.7062890625 0.025230000000000086 0.018750000000000044
0 0.6304570840787119 0.308046875 0.07568800000000002 0.027500000000000024
0 0.6165130876565295 0.0390234375 0.03784400000000006 0.030625
0 0.7177973613595706 0.442265625 0.025230000000000086 0.020625000000000004
0 0.7970631788908765 0.0470703125 0.034403999999999976 0.025624999999999995
0 0.8419711753130591 0.6518359375 0.07454099999999995 0.07687500000000003
0 0.9039898139534884 0.1652734375 0.04701800000000005 0.029374999999999984
