0 0.0078125 0.7161149326500732 0.016 0.04647700000000007
0 0.5010703125 0.8188385900439239 0.995 0.35682200000000003
0 0.020625 0.5554488345534407 0.032 0.06596699999999997
0 0.0246953125 0.7428199633967789 0.027 0.06746699999999987
0 0.045578125 0.7624155768667644 0.037000000000000005 0.05996999999999995
0 0.050625 0.8432002210834554 0.032 0.07496199999999993
0 0.0536484375 0.5673382210834554 0.031000000000000007 0.07346299999999983
0 0.0746484375 0.5166441903367496 0.031 0.05247399999999992
0 0.0904375 0.8235338653001465 0.048 0.0899549999999998
0 0.098578125 0.6873828345534406 0.036000000000000004 0.06446800000000004
0 0.134625 0.49098183455344074 0.032 0.06446699999999998
0 0.143671875 0.7666326076134701 0.028999999999999998 0.08395799999999987
0 0.189625 0.548058448023426 0.032 0.058471000000000106
0 0.199765625 0.7757690922401173 0.02099999999999999 0.07046400000000001
0 0.217578125 0.7009117057101024 0.03699999999999998 0.06296800000000005
0 0.2317421875 0.4716313191800878 0.021999999999999992 0.053973000000000014
0 0.2566484375 0.5465235768667642 0.031000000000000028 0.06147000000000002
0 0.2626015625 0.7341408038067351 0.03400000000000003 0.04347799999999999
0 0.2758125 0.5242458038067349 0.01599999999999996 0.04197900000000014
0 0.2876484375 0.8269184480234261 0.030999999999999972 0.058470999999999856
0 0.288671875 0.6907325461200585 0.02899999999999997 0.03598200000000012
0 0.325671875 0.4551403191800878 0.029000000000000026 0.05547200000000003
0 0.329625 0.5644797057101025 0.032999999999999974 0.06296900000000002
0 0.346390625 0.8324591229868228 0.05099999999999999 0.09595199999999998
0 0.3317890625 0.29161670571010245 0.019000000000000017 0.06296800000000001
0 0.3588125 0.5511271903367495 0.016000000000000014 0.05097400000000002
0 0.4115546875 0.7427502210834555 0.03899999999999998 0.07496200000000001
0 0.4106953125 0.2795868345534407 0.025999999999999968 0.064468
0 0.424671875 0.6667096749633967 0.029000000000000026 0.04047999999999996
0 0.4416484375 0.44300583455344067 0.031000000000000028 0.06446699999999998
0 0.4564375 0.766984319180088 0.04799999999999999 0.05547200000000011
0 0.4467890625 0.561551448023426 0.019000000000000017 0.05697200000000001
0 0.475625 0.5388870922401171 0.03199999999999997 0.07196400000000007
0 0.52453125 0.781941448023426 0.040000000000000036 0.056971000000000036
0 0.5216484375 0.4611721903367496 0.030000000000000027 0.0509740000000001
0 0.5236015625 0.6801678038067349 0.03400000000000003 0.04347800000000007
0 0.514859375 0.567723803806735 0.013000000000000012 0.041978999999999975
0 0.532765625 0.548058448023426 0.02100000000000002 0.056971000000000036
0 0.5566953125 0.3247401903367496 0.025999999999999912 0.05097499999999999
0 0.563625 0.5658740922401172 0.03199999999999992 0.07046399999999985
0 0.578578125 0.7609873191800878 0.03699999999999992 0.055472000000000195
0 0.586625 0.2959383499267936 0.03200000000000003 0.07796100000000002
0 0.59271875 0.6802026749633967 0.025000000000000022 0.04047999999999996
0 0.624625 0.6755651903367497 0.03300000000000003 0.050973999999999936
0 0.6455546875 0.7325361903367497 0.038000000000000034 0.052474
0 0.6486015625 0.49394496339677885 0.03400000000000003 0.06746600000000007
0 0.65971875 0.26020244802342607 0.02400000000000002 0.056970999999999994
0 0.688765625 0.6426519326500731 0.020999999999999908 0.046476000000000094
0 0.7106953125 0.489587448023426 0.026000000000000023 0.05847099999999994
0 0.7226015625 0.6829555768667642 0.03500000000000003 0.059970000000000113
0 0.7396015625 0.5237894787701317 0.03500000000000003 0.0794600000000001
0 0.793625 0.5419209633967789 0.03300000000000003 0.068965
0 0.8096953125 0.6545751903367496 0.025999999999999912 0.05247399999999992
0 0.8257421875 0.482266803806735 0.02200000000000002 0.04347800000000007
0 0.8576015625 0.5089369633967789 0.03400000000000003 0.06746700000000012
0 0.8776015625 0.7949073806734994 0.03400000000000003 0.10044999999999991
0 0.899578125 0.5298213499267935 0.03600000000000003 0.07796100000000002
0 0.92471875 0.6877345461200586 0.02499999999999991 0.03748100000000005
0 0.939578125 0.6470443191800879 0.03599999999999992 0.053973000000000014
0 0.9415546875 0.4518603499267936 0.038999999999999924 0.07796099999999993
0 0.947578125 0.7323957057101024 0.03599999999999992 0.06296900000000011
0 0.9877421875 0.7708845095168375 0.02200000000000002 0.10494799999999992
0 0.9867890625 0.49551470571010253 0.019000000000000017 0.06296799999999997
0 0.9898125 0.651506448023426 0.017000000000000015 0.05847099999999994
