0 0.1487890625 0.3193841489361702 0.05 0.11161599999999999
0 0.2159375 0.31284727659574474 0.017499999999999988 0.03538999999999996
0 0.2955859375 0.2996318368794326 0.015000000000000013 0.031759999999999976
0 0.3735546875 0.3379826312056738 0.03750000000000003 0.09074399999999998
0 0.48140625 0.3640159503546099 0.04062499999999997 0.09709700000000003
0 0.5881640625 0.24751127659574468 0.018125000000000058 0.035390000000000005
0 0.6421875 0.35108319148936173 0.04749999999999999 0.085299
0 0.6919140625 0.24813659574468083 0.018125000000000058 0.042649999999999966
0 0.7553125 0.2359959574468085 0.01749999999999996 0.027224000000000022
0 0.82484375 0.281950390070922 0.05500000000000005 0.10072600000000001
