0 0.48 0.2046528163265306 0.9375 0.20522400000000002
0 0.0500390625 0.23752787463556851 0.018749999999999996 0.07835800000000001
0 0.06937499999999999 0.24609986005830903 0.032499999999999994 0.10820900000000003
0 0.1806640625 0.43512073469387763 0.11249999999999999 0.18656700000000004
0 0.34703125 0.3389212827988338 0.10249999999999998 0.17910399999999999
0 0.4583984375 0.22505051895043732 0.030000000000000027 0.05970099999999994
0 0.6096484375 0.37786637900874637 0.09250000000000003 0.16791099999999998
0 0.7711328125 0.49330447521865894 0.07374999999999998 0.15671599999999994
0 0.756875 0.28702479300291545 0.03125 0.05597
0 0.974375 0.32725424489795923 0.03125 0.06343299999999996
