0 0.0886328125 0.4580145882352942 0.1675 0.35499100000000006
0 0.2026171875 0.6253822941176471 0.05375000000000002 0.12711899999999993
0 0.243125 0.4507814705882353 0.0325 0.084745
0 0.2524609375 0.194492 0.014374999999999999 0.05272999999999997
0 0.3448046875 0.40093570588235294 0.16250000000000003 0.32485900000000006
0 0.49296875 0.17965835294117646 0.02437499999999998 0.06403
0 0.522109375 0.7594408235294118 0.07437499999999997 0.1468930000000001
0 0.5220703125 0.5073423529411766 0.026874999999999982 0.062145999999999986
0 0.6254296875 0.7352666470588235 0.03874999999999995 0.0885119999999999
0 0.715546875 0.4409156470588235 0.21562499999999996 0.48870100000000005
0 0.8059375 0.9817488823529412 0.04749999999999999 0.0320149999999999
0 0.8405859375 0.677119 0.04500000000000004 0.10263600000000002
0 0.871640625 0.16683547058823528 0.020625000000000004 0.03484000000000002
0 0.97640625 0.3215355294117647 0.04062500000000002 0.11958600000000004
