0 0.0180859375 0.31468783333333333 0.014374999999999999 0.02749999999999997
0 0.036601562500000004 0.4143746666666666 0.035 0.05333400000000007
0 0.0506640625 0.2277600833333333 0.019374999999999996 0.03583400000000003
0 0.079140625 0.303958 0.02062499999999999 0.03249999999999997
0 0.1126953125 0.41343749999999996 0.026249999999999996 0.04833299999999996
0 0.1619140625 0.37619825 0.019374999999999976 0.04166599999999998
0 0.1715234375 0.30374966666666664 0.030000000000000027 0.022499999999999964
0 0.1981640625 0.18874966666666668 0.019375000000000003 0.023334000000000004
0 0.23234375 0.3035940833333333 0.024375000000000008 0.034165999999999995
0 0.3037890625 0.3344270833333334 0.018125000000000002 0.03583299999999997
0 0.412265625 0.38999999999999996 0.08312499999999995 0.12749999999999997
0 0.7239453125 0.3309375 0.025624999999999898 0.04749999999999999
0 0.8779296875 0.5996875 0.19499999999999995 0.23583300000000004
