0 0.016927083333333332 0.766796875 0.035 0.05999999999999994
0 0.11156283333333333 0.900234375 0.12000000000000001 0.10562499999999997
0 0.1342705 0.7449609375 0.04750000000000001 0.04625000000000001
0 0.27500033333333335 0.7875 0.043332999999999955 0.03125
0 0.3111455 0.7296875 0.015834000000000053 0.01749999999999996
0 0.3462496666666666 0.7676953125 0.02083400000000002 0.02562500000000001
0 0.3636455 0.7462109375 0.015834000000000053 0.015000000000000013
0 0.38578158333333334 0.7551953125 0.018333000000000006 0.025624999999999898
0 0.4144270833333334 0.740078125 0.03416699999999998 0.036250000000000004
0 0.5459899166666666 0.7982421875 0.0300000000000001 0.022500000000000075
0 0.6247395833333332 0.761640625 0.05000000000000012 0.05125000000000002
0 0.9216663333333334 0.8030859375 0.04333399999999991 0.04625000000000001
