0 0.0687495 0.84296875 0.078126 0.08593799999999985
0 0.1656255 0.7599614375 0.07968699999999998 0.09218700000000002
0 0.1619145625 0.6748046875 0.06562399999999999 0.06874999999999998
0 0.2650385625 0.7623041875 0.06562600000000005 0.11562500000000009
0 0.2734375 0.4953125 0.04843800000000004 0.046875000000000056
0 0.28515625 0.6658203125 0.07187500000000002 0.089063
0 0.3853515625 0.5193359375 0.03437499999999999 0.046874999999999944
0 0.405859375 0.7296875 0.07499999999999996 0.07968699999999995
0 0.4259765625 0.83125 0.06562499999999999 0.09375
0 0.479296375 0.5193359375 0.043749999999999956 0.046874999999999944
0 0.5124995 0.6703125 0.04843799999999998 0.078125
0 0.578516125 0.714453125 0.067187 0.035938000000000025
0 0.6468755 0.535547375 0.046875 0.043749999999999956
0 0.651171375 0.70234375 0.043749999999999956 0.05624999999999991
0 0.6546875 0.59609425 0.04843799999999998 0.071874
0 0.65390575 0.59609375 0.02500100000000005 0.05468800000000007
0 0.6812495 0.49765625 0.017188000000000092 0.04062500000000002
0 0.7869135625 0.8343755 0.06562500000000004 0.11093699999999995
0 0.8046875 0.71484325 0.078125 0.10156299999999996
0 0.9236328125 0.833983875 0.073438 0.09062500000000007
0 0.97890625 0.7208984375 0.03906299999999996 0.09218699999999991
