0 0.00390625 0.23046841666666665 0.009375 0.046667000000000014
0 0.0733984375 0.08489616666666666 0.03 0.038333000000000006
0 0.117578125 0.2500003333333333 0.036250000000000004 0.04249999999999998
0 0.181875 0.08734375 0.03312499999999999 0.056667
0 0.22578125 0.1805211666666667 0.04000000000000001 0.06999999999999999
0 0.280546875 0.022135416666666668 0.02812500000000001 0.045000000000000005
0 0.27984375 0.08328091666666666 0.02437499999999998 0.06166700000000001
0 0.33125 0.18494791666666666 0.03250000000000003 0.06000000000000002
0 0.33375 0.08734375 0.03125 0.055000000000000014
0 0.37375 0.020833333333333332 0.03125 0.04333299999999999
0 0.4105859375 0.28828091666666666 0.044999999999999984 0.05999999999999998
0 0.4648828125 0.36864583333333334 0.04124999999999995 0.05833299999999997
0 0.4703515625 0.19588508333333335 0.03375 0.06749999999999999
0 0.46671875 0.024739583333333332 0.023749999999999993 0.051667
0 0.495625 0.047604499999999994 0.03187499999999999 0.048332999999999994
0 0.587578125 0.061302416666666665 0.036250000000000004 0.04666600000000001
0 0.661875 0.11614583333333332 0.03249999999999997 0.059167000000000046
0 0.7197265625 0.04364583333333333 0.03374999999999995 0.059167000000000004
0 0.7378515625 0.082917 0.03500000000000003 0.06333300000000001
0 0.7826171875 0.05411491666666666 0.021874999999999978 0.06
0 0.8866015625 0.15932325 0.03500000000000003 0.071666
0 0.8916015625 0.10072916666666666 0.03374999999999995 0.038333000000000006
0 0.963125 0.08958300000000001 0.03249999999999997 0.0625
0 0.987890625 0.34046841666666666 0.02124999999999999 0.046667000000000014
