0 0.0849609375 0.25955578260869566 0.045 0.10233600000000004
0 0.13078125000000002 0.17279278260869566 0.039999999999999994 0.102336
0 0.2278515625 0.25781665217391303 0.035 0.10011100000000002
0 0.27328125 0.22590326086956522 0.04062500000000002 0.08787499999999998
0 0.3505859375 0.23682391304347825 0.044999999999999984 0.10455999999999994
0 0.4003125 0.19344191304347827 0.04749999999999999 0.10678500000000003
0 0.4655859375 0.2281282608695652 0.044999999999999984 0.08898699999999994
0 0.5298046875 0.1782135217391304 0.038124999999999964 0.096774
0 0.5437109375 0.3039085217391304 0.04500000000000004 0.09566200000000001
0 0.599453125 0.13956404347826087 0.03687499999999999 0.11012199999999998
0 0.64578125 0.22381952173913047 0.040000000000000036 0.09677399999999992
0 0.68484375 0.19240908695652176 0.05625000000000002 0.136819
0 0.7348046875 0.20157252173913043 0.038124999999999964 0.09566200000000001
0 0.81796875 0.13915734782608694 0.05625000000000002 0.14571800000000001
0 0.906640625 0.16021317391304346 0.05125000000000002 0.11345899999999999
