0 0.06518325 0.33845785125184097 0.039131 0.07540999999999994
0 0.2015706875 0.5250972268041236 0.06956600000000002 0.16721299999999997
0 0.3344005625 0.28908514580265093 0.06521699999999997 0.10819600000000003
0 0.4346214375 0.2766361296023564 0.060869000000000006 0.095082
0 0.4560465 0.633347145802651 0.047826000000000035 0.10819700000000006
0 0.4878988125 0.09502908100147277 0.041305000000000036 0.059015999999999985
0 0.5474435625 0.27449739175257737 0.065218 0.10491799999999998
0 0.591049375 0.49236314580265095 0.04347800000000002 0.10819699999999997
0 0.671042625 0.28613963770250367 0.052174000000000054 0.10163900000000003
0 0.794513875 0.28908514580265093 0.05869599999999986 0.10819600000000003
0 0.7976644374999999 0.5058116377025037 0.06087000000000009 0.101639
