0 0.01015625 0.8114524105571849 0.008749999999999999 0.04878099999999983
0 0.0718359375 0.7482467565982405 0.015 0.03001800000000003
0 0.098828125 0.7295482375366569 0.03624999999999999 0.05816100000000006
0 0.1190625 0.6953665131964809 0.01625 0.060038000000000015
0 0.13796875 0.7012316158357771 0.024999999999999994 0.07317100000000001
0 0.2045703125 0.7528350263929618 0.05750000000000002 0.118199
0 0.25187499999999996 0.7435006862170087 0.0325 0.05253300000000012
0 0.3402734375 0.5823867888563049 0.06125000000000003 0.06379000000000014
0 0.345625 0.6964865454545454 0.03249999999999997 0.09380900000000006
0 0.441953125 0.5110917888563049 0.0675 0.06191400000000008
0 0.5196875000000001 0.6478325073313784 0.048750000000000016 0.1444649999999999
0 0.6196484375 0.5195431994134897 0.030000000000000027 0.10881799999999996
0 0.80171875 0.4581024046920821 0.08749999999999991 0.13320800000000005
0 0.91359375 0.35450268035190613 0.05500000000000005 0.1350850000000001
0 0.95171875 0.3747141348973607 0.02375000000000005 0.046905000000000065
