0 0.066796875 0.16124557894736843 0.060000000000000005 0.10580500000000001
0 0.191171875 0.34714838011695903 0.09 0.15730299999999997
0 0.305625 0.2028717777777778 0.033125000000000016 0.057115999999999986
0 0.3950390625 0.22749562573099416 0.050000000000000044 0.09363300000000002
0 0.4815625 0.22105560233918128 0.04749999999999999 0.10205999999999997
0 0.5325 0.18204215789473685 0.12687500000000007 0.21161100000000005
0 0.659296875 0.19664552046783626 0.05874999999999997 0.12078699999999999
0 0.707578125 0.1930805789473684 0.036250000000000004 0.10580600000000001
0 0.7842578125 0.26488254385964916 0.07374999999999998 0.11516899999999997
0 0.885703125 0.18156573099415205 0.036250000000000004 0.067416
0 0.9738671875 0.19099481286549705 0.02312499999999995 0.04962500000000002
