0 0.1151689375 0.8752604166666668 0.046874999999999986 0.07638899999999982
0 0.1832685625 0.9763893333333332 0.064583 0.04305500000000014
0 0.25950487499999997 0.6220485 0.028124999999999983 0.048611000000000036
0 0.2919921875 0.6455725833333333 0.02291700000000002 0.050000000000000044
0 0.34401075000000003 0.8675345 0.08645799999999998 0.14305600000000007
0 0.420833 0.6613710833333332 0.03125 0.03472300000000006
0 0.44798143749999997 0.7328121666666666 0.06145900000000004 0.10138900000000017
0 0.58723925 0.8217877499999999 0.10312500000000002 0.18055600000000002
0 0.713151375 0.27699675 0.013540999999999914 0.025000000000000022
0 0.7499345625 0.7347226666666667 0.033333999999999975 0.0847219999999999
0 0.800129875 0.6835071666666667 0.028124999999999956 0.03888900000000003
