0 0.01234375 0.5535593191800879 0.02375 0.05347000000000002
0 0.0237109375 0.4666149326500732 0.014374999999999999 0.044090000000000094
0 0.0309375 0.16642693265007322 0.015625 0.04408999999999999
0 0.0378125 0.439822803806735 0.0175 0.042213
0 0.04171875 0.27137867496339674 0.024375 0.04033799999999998
0 0.0562890625 0.3108929326500732 0.018125000000000002 0.04596600000000004
0 0.0834375 0.16455093265007323 0.015625 0.04596599999999996
0 0.1195703125 0.3183969326500732 0.02562500000000001 0.04409000000000005
0 0.1238671875 0.4413300922401171 0.021875000000000006 0.070357
0 0.131640625 0.401360803806735 0.02062499999999999 0.042213999999999974
0 0.156015625 0.6335679941434846 0.020625000000000004 0.09287100000000004
0 0.2032421875 0.483955963396779 0.021875000000000006 0.06941899999999994
0 0.212265625 0.39385580380673496 0.020624999999999977 0.0422140000000001
0 0.2758203125 0.4063935768667643 0.02562500000000001 0.05909900000000001
0 0.3478125 0.1259055768667643 0.01749999999999996 0.05909899999999999
0 0.4071484375 0.4172387057101025 0.030624999999999958 0.06378900000000005
0 0.42359375 0.12162744802342605 0.024375000000000036 0.058161
0 0.6078515625 0.23330360761346997 0.03437499999999993 0.08442700000000002
0 0.7233984375 0.19250957686676426 0.030625000000000013 0.06003800000000002
0 0.970625 0.4943892210834553 0.03187499999999999 0.07504700000000004
