0 0.0555078125 0.48356231332357247 0.042499999999999996 0.14634100000000005
0 0.1096875 0.27091492679355783 0.047500000000000014 0.13696000000000003
0 0.120234375 0.15848412298682282 0.04374999999999998 0.095685
0 0.19828125 0.7979969516837481 0.07062500000000002 0.24953100000000006
0 0.239609375 0.22497486530014638 0.04375000000000001 0.08818
0 0.2576953125 0.18463686530014642 0.02562500000000001 0.08817999999999995
0 0.2891796875 0.1467710922401171 0.03749999999999998 0.07317100000000001
0 0.33015625 0.1925537364568082 0.04062500000000002 0.086304
0 0.386796875 0.56444760761347 0.02812500000000001 0.08442799999999995
0 0.3897265625 0.14782334992679355 0.03437499999999999 0.078799
0 0.4203515625 0.19314996339677892 0.034999999999999976 0.06754199999999998
0 0.4200390625 0.1317880307467057 0.01874999999999999 0.026266
0 0.4276171875 0.42936360761347 0.021874999999999978 0.08442699999999997
0 0.4506640625 0.12927164421669107 0.019374999999999976 0.015009999999999997
0 0.4822265625 0.37589260761347 0.03437499999999999 0.08442799999999999
0 0.4940234375 0.29828506149341144 0.030625000000000013 0.04784299999999997
0 0.525625 0.12185496339677891 0.03125 0.069418
0 0.59484375 0.14819106149341144 0.024375000000000036 0.048780999999999984
0 0.6128515625 0.6601326076134699 0.034375000000000044 0.082552
0 0.6295703125 0.4997897057101025 0.026875000000000093 0.06378999999999994
0 0.6359375 0.7918063806734993 0.015625 0.10225199999999994
0 0.648046875 0.3248938345534407 0.028124999999999956 0.06472800000000009
0 0.6481640625 0.11314028843338214 0.018124999999999947 0.030019
0 0.690546875 0.12267870571010249 0.028124999999999956 0.06191400000000001
0 0.7456640625 0.6498837057101025 0.018125000000000058 0.06191400000000008
0 0.7575 0.469884963396779 0.032500000000000084 0.06941899999999994
0 0.7568359375 0.06998828843338213 0.015000000000000013 0.030957
0 0.7750390625 0.5970089326500732 0.018125000000000058 0.04409000000000001
0 0.7789453125 0.112429803806735 0.02562500000000001 0.04315199999999998
0 0.8105859375 0.08863603074670572 0.01375000000000004 0.02345200000000001
0 0.8675390625 0.1252210307467057 0.018124999999999947 0.025328999999999977
0 0.8970703125 0.6681195768667643 0.026874999999999982 0.06097499999999997
0 0.8924609375 0.08822415959004393 0.014375000000000027 0.029080999999999996
0 0.9158984375 0.0838759326500732 0.030625000000000013 0.04596599999999998
0 0.9466796875 0.7391159633967789 0.038125000000000075 0.06941800000000005
0 0.9426171875 0.11419254612005857 0.021874999999999978 0.035647000000000005
0 0.958203125 0.3405432210834553 0.036250000000000004 0.075047
0 0.9700390625 0.13254167496339678 0.01937499999999992 0.040338
0 0.97828125 0.10405790190336749 0.008750000000000036 0.021575999999999994
0 0.993359375 0.5475184480234261 0.011874999999999969 0.058160999999999956
0 0.99453125 0.10849344802342605 0.008750000000000036 0.05628600000000001
