0 0.1270743125 0.3410505625 0.026144000000000014 0.065359
0 0.3538408125 0.465891 0.04248400000000002 0.06372499999999998
0 0.3846060625 0.334214625 0.01797399999999999 0.05228700000000003
0 0.3976396875 0.556436625 0.037582000000000004 0.05228699999999997
0 0.4682581875 0.35876199999999997 0.022876000000000007 0.03268000000000004
0 0.5143293125 0.4564445 0.026143999999999945 0.04738500000000001
0 0.56564075 0.36103425 0.024509000000000003 0.04085
0 0.5803265625 0.4528381875 0.034313999999999956 0.053921
0 0.634586875 0.40317993750000003 0.02777800000000008 0.04575199999999996
0 0.7996390625 0.3705575 0.017973999999999934 0.01634000000000002
