0 0.04927083333333334 0.38140625 0.090833 0.07187500000000002
0 0.1441663333333333 0.378515625 0.04333400000000002 0.05124999999999996
0 0.23265591666666666 0.5265234375 0.02999999999999999 0.02937500000000004
0 0.36895833333333333 0.589296875 0.07333300000000002 0.059374999999999956
0 0.4533333333333333 0.4289453125 0.043333000000000066 0.05687500000000001
0 0.5386458333333334 0.237578125 0.05750000000000003 0.06812500000000002
0 0.5410416666666666 0.467265625 0.054167 0.05124999999999996
0 0.6252604166666668 0.651328125 0.07749999999999997 0.06812499999999999
0 0.6582809166666667 0.4395703125 0.061666999999999916 0.05812499999999998
0 0.7710416666666666 0.4474609375 0.054167000000000076 0.04625000000000001
