0 0.005859375 0.6541618345534408 0.0125 0.06660399999999995
0 0.023320312500000002 0.793296448023426 0.025624999999999995 0.05628600000000006
0 0.1080078125 0.5717500307467057 0.010000000000000009 0.02345299999999998
0 0.1219140625 0.5884516749633968 0.019375000000000003 0.03846199999999999
0 0.1234375 0.5894597730600294 0.016875 0.017823999999999906
0 0.1455078125 0.5604940307467058 0.010000000000000009 0.024389999999999905
0 0.1567578125 0.5232676442166911 0.009999999999999981 0.015009999999999976
0 0.1573046875 0.5177539019033675 0.007499999999999979 0.021576000000000057
0 0.2198828125 0.5032440922401171 0.04250000000000001 0.07317100000000001
0 0.26167968750000004 0.44812460761347 0.03874999999999998 0.082552
0 0.35875 0.45581396339677893 0.03312499999999996 0.06941799999999997
0 0.425078125 0.424856963396779 0.03562500000000002 0.06754199999999994
0 0.51 0.3922514787701318 0.03187499999999999 0.08067600000000004
0 0.5723828125 0.4150640922401172 0.04125000000000001 0.07129399999999993
0 0.636484375 0.43364173645680826 0.04437500000000005 0.08536599999999993
0 0.713359375 0.3901921229868228 0.04312499999999997 0.09474599999999998
0 0.77546875 0.36914225183016103 0.05499999999999994 0.099437
