0 0.015625 0.26097414243323447 0.031875 0.11111099999999995
0 0.0412890625 0.13906106528189913 0.05 0.093068
0 0.061640625000000004 0.4053210148367953 0.08312499999999999 0.15764399999999998
0 0.0909375 0.8015022344213649 0.079375 0.2868000000000001
0 0.09765625 0.3300021810089021 0.039999999999999994 0.11870899999999994
0 0.12984374999999998 0.26560378338278934 0.05500000000000001 0.10541300000000003
0 0.133984375 0.10137202670623147 0.04375 0.08547000000000002
0 0.15046874999999998 0.22411574480712165 0.05500000000000001 0.09781599999999994
0 0.180625 0.76014093768546 0.03187499999999999 0.14055100000000004
0 0.23359375 0.18138074480712166 0.05499999999999999 0.09591699999999999
0 0.2162890625 0.047304397626112764 0.019375000000000003 0.015194999999999986
0 0.2284375 0.08196583382789317 0.016250000000000014 0.04083600000000002
0 0.26558593750000004 0.06890442433234421 0.04500000000000001 0.099715
0 0.2797265625 0.3541023857566766 0.06624999999999998 0.09116799999999993
0 0.30109375 0.03246447477744807 0.02437499999999998 0.03323899999999999
0 0.318828125 0.019287833827893175 0.03687499999999999 0.039886000000000005
0 0.3256640625 0.27682430860534124 0.04999999999999999 0.07217400000000003
0 0.3582421875 0.18055223145400595 0.05375000000000002 0.056031
0 0.3431640625 0.020771513353115726 0.01937500000000003 0.041785
0 0.390546875 0.4609378219584569 0.05874999999999997 0.11301100000000003
0 0.4053125 0.2574118605341246 0.04874999999999996 0.12250700000000003
0 0.41828125 0.010385756676557863 0.03937499999999999 0.021842
0 0.429140625 0.16642246290801185 0.05249999999999999 0.10826300000000003
0 0.456171875 0.36632902670623146 0.05874999999999997 0.08547000000000006
0 0.456796875 0.011869436201780416 0.02812500000000001 0.025641000000000004
0 0.47578125 0.1647020652818991 0.03937499999999999 0.09306800000000003
0 0.493046875 0.053475833827893164 0.028124999999999956 0.04083600000000001
0 0.514765625 0.23919238575667656 0.05249999999999999 0.08926900000000004
0 0.5168359375 0.1365121543026706 0.04500000000000004 0.037036999999999994
0 0.52578125 0.06849123145400593 0.03937500000000005 0.054131000000000006
0 0.533125 0.008902077151335312 0.03312500000000007 0.019943000000000002
0 0.574375 0.26435994955489617 0.06312499999999999 0.065527
0 0.5634765625 0.07715659050445103 0.03374999999999995 0.061729
0 0.595 0.40259250148367953 0.06374999999999997 0.116809
0 0.586015625 0.07757291097922848 0.020625000000000004 0.05792900000000001
0 0.5990234375 0.011869436201780416 0.030625000000000013 0.025641000000000004
0 0.6068359375 0.15473262908011867 0.04625000000000001 0.068376
0 0.6319921875 0.07567291097922849 0.021874999999999978 0.05793000000000002
0 0.6496875 0.23343627002967357 0.04749999999999999 0.06457800000000005
0 0.651953125 0.07359530860534125 0.03562500000000002 0.07122499999999998
0 0.691171875 0.046233910979228486 0.028750000000000053 0.058879
0 0.7043359375 0.10422102670623144 0.04562500000000003 0.08547000000000002
0 0.7098828125 0.23788518100890207 0.04250000000000009 0.12060699999999998
0 0.72 0.02373887240356083 0.03249999999999997 0.050332
0 0.73203125 0.1766929881305638 0.03937499999999994 0.07597399999999999
0 0.7598828125 0.13265291097922852 0.041874999999999996 0.058879999999999995
0 0.7474609375 0.016320474777448073 0.01375000000000004 0.035138
0 0.75875 0.28299574480712164 0.03187499999999999 0.09686600000000002
0 0.7848046875 0.016320474777448073 0.038124999999999964 0.033238
0 0.81015625 0.05377066765578635 0.03937499999999994 0.079772
0 0.8223828125 0.13668862908011872 0.04249999999999998 0.06837599999999998
0 0.89484375 0.26916606528189907 0.05499999999999994 0.09211800000000002
0 0.89578125 0.17520930860534126 0.040000000000000036 0.07217500000000002
0 0.905234375 0.03560830860534125 0.043749999999999956 0.072175
0 0.9398046875 0.06457487240356084 0.038124999999999964 0.048433
0 0.951640625 0.33587978338278934 0.05249999999999999 0.10541299999999995
0 0.981875 0.4934666676557864 0.03312499999999996 0.07977199999999998
0 0.9814453125 0.1555632700296736 0.02562500000000001 0.064578
0 0.9833984375 0.08742711572700297 0.030625000000000013 0.028490000000000015
0 0.9918359375 0.1699266290801187 0.014375000000000027 0.07027600000000002
