0 0.0787109375 0.9621408954607978 0.045000000000000005 0.07136600000000008
0 0.1165625 0.23231094910591474 0.11 0.16563900000000004
0 0.213828125 0.9523865061898213 0.03562499999999999 0.09074899999999997
0 0.2515234375 0.8610349587345255 0.030625000000000013 0.08017699999999985
0 0.2533984375 0.05080480055020633 0.029375000000000012 0.052863000000000014
0 0.259609375 0.10080873727647867 0.012500000000000011 0.04140999999999999
0 0.3377734375 0.0863252530949106 0.029374999999999984 0.04405300000000001
0 0.3720703125 0.07321728473177441 0.026874999999999982 0.051982999999999994
0 0.446796875 0.04951856946354883 0.05937500000000001 0.10132200000000001
0 0.5867578125 0.12947950618982118 0.04125000000000001 0.08986699999999997
0 0.6611328125 0.12867964236588722 0.010624999999999996 0.027312
0 0.712265625 0.1520811581843191 0.020625000000000004 0.028194000000000004
0 0.777734375 0.1220617689133425 0.04375000000000007 0.04757800000000001
0 0.7812109375 0.19286986382393395 0.04499999999999993 0.063437
0 0.79390625 0.361151863823934 0.04062499999999991 0.06519900000000005
0 0.8384765625 0.66181707565337 0.09750000000000003 0.18854599999999994
