0 0.0302738125 0.6026392375366569 0.041992 0.05718499999999995
0 0.082031625 0.8137832375366568 0.05175700000000001 0.05718400000000006
0 0.09179725 0.6246334428152492 0.040039000000000005 0.08064500000000016
0 0.222656125 0.7507333020527859 0.06835899999999998 0.12316699999999997
0 0.2558593125 0.5747798592375367 0.025391000000000052 0.04398799999999993
0 0.27636675 0.791788853372434 0.023438000000000014 0.12903199999999998
0 0.29980450000000003 0.5278593079178886 0.01660199999999995 0.03812299999999992
0 0.3115231875 0.5953078592375367 0.02246100000000001 0.04398799999999993
0 0.34375 0.6070376158357772 0.03320300000000004 0.07038200000000006
0 0.38964831250000004 0.5689148592375366 0.02636699999999992 0.04398800000000001
0 0.40722624999999996 0.6832845131964811 0.039063000000000014 0.06011699999999993
0 0.4501950625 0.6730204750733139 0.050780999999999965 0.11143699999999995
0 0.5292973125 0.706744788856305 0.027343000000000006 0.06304999999999997
0 0.57910175 0.7492666480938416 0.056640000000000024 0.104106
0 0.6328125625 0.6114365835777126 0.035156000000000076 0.03959000000000001
0 0.6464846249999999 0.7302048914956012 0.02148400000000006 0.07477999999999999
0 0.6621096249999999 0.5733135131964809 0.02148400000000006 0.06011799999999999
0 0.684569875 0.5498534105571847 0.02832099999999993 0.048387000000000076
0 0.7226558750000001 0.6041059618768329 0.027343999999999924 0.054252
0 0.7636722499999999 0.6334307184750734 0.041015000000000135 0.08357800000000003
0 0.8066408749999999 0.8064514750733138 0.058594000000000035 0.11143700000000004
0 0.8417965625000001 0.639295788856305 0.03417999999999988 0.06304999999999997
0 0.8457035625 0.5689148592375366 0.035155999999999965 0.04398800000000001
0 0.9335941875 0.7316717507331377 0.05371099999999995 0.11730200000000021
0 0.9453129375 0.5791793401759531 0.045897999999999994 0.07038099999999992
