0 0.0355713125 0.42151143750000003 0.026144 0.031045999999999963
0 0.044079625 0.5175973125000001 0.021241999999999997 0.026143999999999945
0 0.094375125 0.5391584375 0.035947999999999994 0.029411999999999994
0 0.094732625 0.373148875 0.019608 0.027778000000000025
0 0.1467015 0.37936575 0.016339999999999993 0.024510000000000032
0 0.18623662500000002 0.4002694375 0.019606999999999986 0.029411999999999994
0 0.207477625 0.43460262499999996 0.02124200000000001 0.02124100000000001
0 0.289815875 0.4803344375 0.02777799999999997 0.029411999999999994
0 0.324129875 0.35124943750000004 0.027776999999999996 0.031045999999999963
0 0.42806662500000003 0.35485574999999997 0.01960799999999996 0.024510000000000032
0 0.44438743750000004 0.5097272500000001 0.029410999999999965 0.04085
0 0.4747941875 0.43751312500000006 0.022875999999999952 0.035946999999999896
0 0.5045445 0.40192262500000003 0.01634000000000002 0.021241999999999928
0 0.54240725 0.596009125 0.03921600000000003 0.03594799999999998
0 0.5836137499999999 0.39375262499999997 0.024510000000000032 0.019608000000000014
0 0.5836137499999999 0.4773855625 0.024510000000000032 0.034313999999999956
0 0.6221723125 0.4639944375 0.026143999999999945 0.029411999999999994
0 0.63299125 0.339830625 0.00817000000000001 0.019608000000000014
0 0.6960214375 0.581303125 0.03104499999999999 0.03594799999999998
0 0.7616995624999999 0.58979225 0.03431400000000007 0.04084999999999994
0 0.8509495 0.363344875 0.01634000000000002 0.027778000000000025
