0 0.03125 0.1837890625 0.064167 0.049375
0 0.04296875 0.11546875 0.086667 0.086875
0 0.045572916666666664 0.29496093749999996 0.093333 0.10750000000000001
0 0.2409895833333333 0.2506640625 0.11333300000000006 0.11312499999999998
0 0.24911424999999998 0.14546874999999998 0.10250000000000004 0.05500000000000001
0 0.2506253333333333 0.072265625 0.07500000000000002 0.052500000000000005
0 0.47057258333333335 0.18140625 0.17499999999999996 0.133125
0 0.65765625 0.01953125 0.07249999999999994 0.04
0 0.705208 0.2959375 0.09583400000000013 0.07874999999999999
0 0.7274996666666667 0.0514453125 0.08416700000000003 0.08875
0 0.9189586666666667 0.365 0.115833 0.09437499999999999
0 0.965417 0.208359375 0.0650000000000001 0.07499999999999998
