0 0.28789541727672036 0.5627734375 0.032802000000000026 0.030625000000000013
0 0.3339957730600293 0.1171875 0.017806999999999965 0.015625
0 0.46576736896046855 0.2326953125 0.282099 0.24437499999999998
0 0.41365777306002927 0.1149609375 0.01780700000000005 0.015
0 0.4151219019033675 0.0471875 0.022492999999999957 0.0175
0 0.416880644216691 0.095234375 0.015932000000000068 0.01187500000000001
0 0.42261990190336746 0.1753125 0.02061900000000003 0.017499999999999988
0 0.42877003074670567 0.2490625 0.023430000000000045 0.015625000000000028
0 0.4342767730600293 0.3003125 0.017806999999999965 0.01687500000000003
0 0.4434714172767203 0.58671875 0.03374000000000009 0.024375000000000036
0 0.44189103074670566 0.3500390625 0.023430000000000045 0.01874999999999999
0 0.45676977306002936 0.2028125 0.017806999999999965 0.016875
0 0.4596980307467058 0.40609375 0.02530499999999994 0.02375000000000005
0 0.4566535153733529 0.6290625 0.013120999999999971 0.015625
0 0.46239277306002924 0.0706640625 0.017806999999999965 0.018750000000000003
0 0.462803644216691 0.1474609375 0.015931999999999984 0.013750000000000012
0 0.47750503074670575 0.4851953125 0.026242000000000026 0.02562500000000001
0 0.4817811595900439 0.53421875 0.028115999999999954 0.02375000000000005
0 0.4863499019033675 0.1099609375 0.020618999999999946 0.015
0 0.49490115959004394 0.6015234375 0.028117000000000007 0.02937499999999993
0 0.5038632884333822 0.7108203125 0.030927999999999935 0.02562500000000001
0 0.5008187730600293 0.160234375 0.017806999999999965 0.013124999999999998
0 0.5026927730600292 0.1899609375 0.017806999999999965 0.013749999999999984
0 0.512708159590044 0.826171875 0.028116999999999923 0.02749999999999997
0 0.5186257730600293 0.2294140625 0.017806999999999965 0.018750000000000017
0 0.5350849019033674 0.25003906249999996 0.02061900000000003 0.018750000000000017
0 0.5438696749633968 0.77875 0.03842600000000008 0.03249999999999997
0 0.5496700307467057 0.527421875 0.025305000000000022 0.02749999999999997
0 0.5571680307467057 0.303359375 0.02530399999999997 0.011875000000000024
0 0.5805980307467058 0.3487109375 0.02530399999999997 0.01375000000000004
0 0.5923711595900439 0.5846484375 0.028116000000000037 0.030625000000000013
0 0.5952994172767203 0.481015625 0.032802000000000026 0.020000000000000018
0 0.6016269019033674 0.2696875 0.02061800000000006 0.016874999999999973
0 0.6208980307467058 0.3758203125 0.023429999999999878 0.02562500000000001
0 0.6529955461200586 0.7845703125 0.03561399999999993 0.026874999999999982
0 0.6857985461200585 0.6939453125 0.035614000000000014 0.026874999999999982
0 0.719831159590044 0.844765625 0.028116000000000037 0.020625000000000004
