0 0.1137890625 0.48957090634441086 0.05 0.058937000000000024
0 0.1569921875 0.3241615921450151 0.023125000000000007 0.026086999999999933
0 0.1709765625 0.3870327583081571 0.03437499999999999 0.05410599999999997
0 0.189140625 0.6026280906344411 0.020625000000000004 0.10628100000000001
0 0.279296875 0.26625975830815707 0.02812500000000001 0.05217400000000004
0 0.3047265625 0.5598566102719033 0.03375 0.048309000000000046
0 0.349140625 0.5402883141993957 0.020625000000000004 0.035748000000000044
0 0.3788671875 0.2886578882175227 0.021875000000000033 0.03768199999999999
0 0.3813671875 0.23509646223564956 0.023125000000000007 0.041546000000000013
0 0.4199609375 0.20212331419939578 0.014999999999999958 0.033817
0 0.4401171875 0.21975961027190333 0.023125000000000007 0.047342999999999975
0 0.474140625 0.36359846223564957 0.02124999999999999 0.041546000000000013
0 0.4844140625 0.2027910362537764 0.019374999999999976 0.04347800000000001
0 0.5064453125 0.21009861027190335 0.02562500000000001 0.04541000000000002
0 0.5365234375 0.3072611842900302 0.02937500000000004 0.05120800000000001
0 0.538046875 0.2208487583081571 0.028124999999999956 0.05410600000000001
0 0.5633984375 0.325741332326284 0.02937500000000004 0.05603799999999998
0 0.58484375 0.18334388821752265 0.024375000000000036 0.037682000000000014
0 0.6203515625 0.2898152024169184 0.034375000000000044 0.07149800000000002
0 0.625625 0.8770099063444109 0.03312499999999996 0.057970999999999995
0 0.648203125 0.6326880543806647 0.03687499999999999 0.06376800000000005
0 0.7408203125 0.30032105438066464 0.026874999999999982 0.06376800000000005
0 0.7759375 0.30859462839879154 0.0475000000000001 0.06666699999999996
0 0.965078125 0.40275123867069484 0.0675 0.11400999999999999
