0 0.033710937499999996 0.5352083333333334 0.014375000000000002 0.010832999999999945
0 0.2168359375 0.553125 0.014374999999999999 0.03250000000000005
0 0.2565625 0.5555208333333334 0.016875 0.027500000000000007
0 0.2626953125 0.5938024166666667 0.026249999999999996 0.04666600000000002
0 0.3007421875 0.5482291666666667 0.02250000000000002 0.036667000000000005
0 0.3344921875 0.6644270833333333 0.023125000000000007 0.03583299999999993
0 0.3921875 0.5439579999999999 0.016874999999999973 0.03166700000000011
0 0.439765625 0.56703125 0.020625000000000004 0.040000000000000036
0 0.45046875 0.6571354166666666 0.024375000000000036 0.045000000000000005
0 0.47625 0.7311458333333333 0.03249999999999997 0.058333000000000045
0 0.5008203124999999 0.621458 0.025625000000000064 0.031667000000000035
0 0.59 0.6235416666666667 0.032500000000000084 0.053333
0 0.593515625 0.8268746666666668 0.020625000000000004 0.05333399999999999
0 0.6681640625 0.6768746666666666 0.018124999999999947 0.05333399999999999
0 0.7329296875 0.8332812500000001 0.038124999999999964 0.10250000000000004
0 0.7262890625 0.57703125 0.018124999999999947 0.040000000000000036
0 0.8920703125 0.730417 0.02562500000000001 0.0650000000000001
0 0.9791796875 0.7772913333333333 0.03875000000000006 0.07333400000000001
0 0.9797265625 0.6984375000000002 0.03500000000000003 0.048332999999999814
