0 0.0253125 0.9201041666666666 0.0475 0.13250000000000015
0 0.0593359375 0.26468783333333334 0.014375000000000006 0.027500000000000007
0 0.0837890625 0.2569270833333333 0.019375000000000003 0.035833000000000004
0 0.087109375 0.2536455 0.012499999999999997 0.015833999999999977
0 0.1413671875 0.23145800000000002 0.021875000000000006 0.03249999999999997
0 0.170546875 0.7589065833333333 0.02812500000000001 0.05000000000000012
0 0.1765234375 0.7096354166666666 0.029375000000000012 0.04666699999999994
0 0.1912890625 0.21489616666666667 0.019375000000000003 0.038332999999999985
0 0.2156640625 0.7033336666666666 0.050625 0.08499999999999996
0 0.233984375 0.24791666666666665 0.013124999999999998 0.022500000000000037
0 0.2714453125 0.25505174999999997 0.02562500000000001 0.025834000000000024
0 0.2726953125 0.73619825 0.026874999999999982 0.03999999999999989
0 0.2705078125 0.25921875 0.010624999999999996 0.02416700000000001
0 0.3185546875 0.7067190833333333 0.03750000000000003 0.06666599999999996
0 0.3211328125 0.24921874999999996 0.010000000000000009 0.025832999999999995
0 0.3249609375 0.250625 0.014375000000000027 0.03250000000000001
0 0.3575390625 0.71036425 0.019374999999999976 0.03999999999999989
0 0.4278125 0.24239616666666666 0.01687500000000003 0.036665999999999976
0 0.565390625 0.7234374999999998 0.020625000000000004 0.048333000000000105
0 0.5724609375 0.7223961666666666 0.014999999999999902 0.03833300000000003
0 0.6002734375 0.6797395833333333 0.02937500000000004 0.0499999999999999
0 0.6264453125 0.7044270833333334 0.02562500000000001 0.034999999999999996
0 0.755234375 0.7172913333333334 0.04437499999999994 0.07416699999999994
0 0.8090234375 0.7249479166666667 0.029999999999999916 0.061666999999999916
0 0.8076171875 0.7160940833333332 0.021874999999999978 0.034166000000000064
0 0.9121875 0.75651075 0.04812499999999997 0.05666599999999988
0 0.9148046875 0.7369274166666666 0.03749999999999998 0.07583300000000011
0 0.9675 0.86848925 0.06312499999999999 0.07083400000000006
