0 0.0126953125 0.5098901903367496 0.026667000000000003 0.052500000000000026
0 0.0205078125 0.7058162518301611 0.0425 0.09874999999999995
0 0.0179560625 0.04589128843338214 0.018333000000000002 0.03125
0 0.0382421875 0.06360541727672035 0.023332999999999996 0.035
0 0.0437890625 0.16110541727672034 0.01916699999999999 0.033749999999999995
0 0.0644795 0.32278367496339677 0.016666000000000014 0.03999999999999999
0 0.09671875 0.5154978038067349 0.024999999999999994 0.04125000000000006
0 0.1207421875 0.16549780380673498 0.022500000000000006 0.0425
0 0.1653515625 0.8408107613469985 0.096667 0.20000000000000004
0 0.14950487499999998 0.48553257686676426 0.028334000000000026 0.05875000000000004
0 0.1844658125 0.6760651537335286 0.07250000000000001 0.11999999999999997
0 0.1603125 0.042355417276720354 0.016667000000000015 0.033749999999999995
0 0.1701953125 0.320497803806735 0.026666999999999996 0.0425
0 0.22875 0.6710999267935578 0.06416699999999997 0.13500000000000006
0 0.2349091875 0.3184260614934114 0.022499999999999992 0.04875000000000002
0 0.237838875 0.512818448023426 0.027500000000000024 0.05624999999999998
0 0.247265625 0.028605417276720353 0.02083299999999999 0.035
0 0.278098625 0.16256954612005856 0.02083400000000002 0.03625000000000001
0 0.3651953125 0.5246760614934114 0.025832999999999995 0.048750000000000064
0 0.368932625 0.22446193265007322 0.020000000000000018 0.04499999999999998
0 0.4015751875 0.3998901903367496 0.02333400000000002 0.052500000000000026
0 0.4176953125 0.29260431918008784 0.02583299999999994 0.05499999999999999
0 0.49098925 0.3132064421669107 0.07083400000000001 0.14875000000000005
0 0.50505175 0.06506954612005857 0.024166999999999994 0.037500000000000006
0 0.5582421875 0.2169619326500732 0.021666999999999992 0.04499999999999998
0 0.6394795 0.5657119326500731 0.01666600000000007 0.04500000000000002
0 0.773411125 0.4117825768667643 0.036667000000000005 0.058749999999999955
0 0.8482685625 0.45367496339677893 0.03499999999999992 0.06875000000000002
0 0.984504875 0.4111401903367496 0.02833400000000008 0.05125000000000004
