0 0.0437605 0.161369125 0.01634 0.03594800000000001
0 0.1225298125 0.5457328125 0.011437999999999976 0.011437999999999948
0 0.1975786875 0.5612810625 0.07026099999999999 0.08169899999999997
0 0.18328775 0.1623265 0.024509000000000003 0.047385999999999984
0 0.2906965 0.5465175 0.07843099999999997 0.1111109999999999
0 0.27969275 0.2019 0.024510000000000032 0.032679000000000014
0 0.31173449999999997 0.152918375 0.016339000000000048 0.013072
0 0.33397125 0.15357581250000002 0.00817000000000001 0.00980399999999998
0 0.33887325 0.545713625 0.008169999999999955 0.01960800000000007
0 0.41664781249999994 0.504225375 0.01143800000000006 0.013072000000000084
0 0.64774775 0.2509705 0.14869300000000008 0.17320200000000002
0 0.5839520625 0.815959875 0.017974000000000045 0.02777699999999994
0 0.6192234375 0.826402125 0.031046000000000018 0.03594699999999995
0 0.6927726249999999 0.8686043750000001 0.019607000000000152 0.013071999999999862
0 0.70978825 0.8509495 0.00817000000000001 0.01634000000000002
0 0.72122625 0.8551940625 0.00817000000000001 0.017974000000000157
0 0.8334420625 0.25658749999999997 0.11274499999999998 0.14215599999999998
0 0.8153408125 0.8617300625 0.009803000000000006 0.017974000000000045
0 0.824486375 0.8656555 0.013071999999999973 0.01634000000000002
0 0.8708958124999999 0.8623875 0.01143800000000006 0.01634000000000002
0 0.9705688125 0.8646789375 0.011437999999999948 0.014705999999999997
