0 0.009375333333333334 0.2238671875 0.011666000000000001 0.021874999999999978
0 0.06854133333333333 0.2586328125 0.011666999999999992 0.010625000000000051
0 0.11578158333333334 0.2102734375 0.02083299999999999 0.029375000000000012
0 0.4013541666666667 0.65546875 0.44416700000000003 0.524375
0 0.18770833333333334 0.2239453125 0.010833000000000018 0.02562500000000001
0 0.2760413333333333 0.2221875 0.011666999999999983 0.015625
0 0.4294795 0.2240625 0.017499999999999998 0.016875
0 0.46890625 0.2340625 0.008332999999999998 0.017499999999999988
0 0.49020833333333336 0.230859375 0.01166700000000002 0.011874999999999997
0 0.6069795 0.26046875 0.015832999999999986 0.02375000000000002
0 0.66088575 0.244765625 0.024999999999999984 0.020625000000000004
0 0.7370836666666666 0.307734375 0.022500000000000114 0.011874999999999969
0 0.8170836666666667 0.311640625 0.022499999999999964 0.020625000000000004
0 0.9775517499999999 0.276171875 0.02500000000000006 0.02749999999999997
