0 0.1321484375 0.7736795729013255 0.029375000000000012 0.055659999999999994
0 0.202734375 0.78978529455081 0.013124999999999998 0.03490599999999989
0 0.25093750000000004 0.7557077864506627 0.016875 0.027357999999999896
0 0.26921875 0.7946178026509573 0.02437499999999998 0.03867900000000007
0 0.2858984375 0.8955608026509573 0.030625000000000013 0.04056599999999998
0 0.346640625 0.8241615405007363 0.020000000000000018 0.03113200000000006
0 0.351640625 0.8219758026509573 0.020625000000000004 0.03867900000000007
0 0.37140625 0.8005765405007365 0.00874999999999998 0.03018900000000001
0 0.4574609375 0.7574792783505155 0.014375000000000027 0.022640999999999852
0 0.4573046875 0.7551780324005891 0.006250000000000033 0.023585000000000054
