0 0.0992578125 0.25786458333333334 0.041249999999999995 0.08083300000000004
0 0.1948828125 0.26005208333333335 0.04125000000000001 0.0675
0 0.2425390625 0.44796875 0.049375 0.08666699999999998
0 0.416953125 0.24041700000000002 0.036250000000000004 0.06499999999999995
0 0.5948046875 0.2535934166666667 0.03749999999999998 0.075834
0 0.597421875 0.3541149166666666 0.028750000000000053 0.062499999999999965
0 0.7598046875 0.152083 0.03750000000000009 0.0625
0 0.8360546875 0.21322950000000004 0.03874999999999995 0.07916599999999992
0 0.8497265625 0.40296841666666666 0.03374999999999995 0.046667000000000014
0 0.9455078125 0.19874966666666669 0.011249999999999982 0.02083400000000002
0 0.9703125 0.1370836666666667 0.016874999999999973 0.023332999999999975
