0 0.14686425 0.23565827164685912 0.03999999999999998 0.06373199999999998
0 0.2012216875 0.22005647877758916 0.037333000000000005 0.057937
0 0.21291112499999998 0.46215406451612906 0.036000000000000004 0.06720699999999996
0 0.235765625 0.2487279286926995 0.02066699999999999 0.037079999999999974
0 0.2779814375 0.22622744312393886 0.029334000000000027 0.07647700000000003
0 0.3232685625 0.4915804431239389 0.033999999999999975 0.07647799999999992
0 0.3267421875 0.25242006451612903 0.02200000000000002 0.06488999999999996
0 0.3554560625 0.2277895144312394 0.01933299999999999 0.044032
0 0.3847421875 0.2348782359932088 0.022666999999999993 0.07995300000000004
0 0.410245125 0.4173400288624788 0.03600000000000003 0.08458899999999997
0 0.43838575 0.23673685738539896 0.023999999999999966 0.07068400000000001
0 0.4919345625 0.24794689303904924 0.034667 0.05330200000000006
0 0.510958 0.4232144431239389 0.03266700000000006 0.07763599999999993
0 0.509098625 0.2982312716468591 0.020667000000000046 0.06141400000000004
0 0.5287890625 0.23627847877758915 0.018000000000000016 0.05793700000000005
0 0.5646015625 0.21881706451612903 0.034667 0.067207
0 0.6099345625 0.41626244312393884 0.033333999999999975 0.07531800000000005
0 0.6186953125 0.25829447877758915 0.026666999999999996 0.05793799999999991
0 0.6639814374999999 0.24546806451612904 0.030000000000000027 0.06720700000000003
0 0.718338875 0.427930857385399 0.02866599999999997 0.06952399999999995
0 0.737578125 0.2492406146010187 0.03600000000000003 0.09154200000000003
0 0.83571875 0.4393560288624788 0.024667000000000106 0.08227200000000007
0 0.85771875 0.23296330730050938 0.02533300000000005 0.045190999999999995
