0 0.016105417276720352 0.7514453125 0.034709 0.02562500000000001
0 0.01358903074670571 0.7771484375 0.025329 0.030625000000000013
0 0.01745528843338214 0.64296875 0.030956999999999995 0.02375000000000005
0 0.5006178067349927 0.4334765625 0.9962480000000001 0.28500000000000003
0 0.021321546120058564 0.704296875 0.036585999999999994 0.02749999999999997
0 0.023381901903367495 0.522890625 0.020637999999999993 0.020624999999999893
0 0.04484364421669107 0.6708203125 0.015010000000000003 0.02562500000000001
0 0.08259515959004392 0.808671875 0.02814300000000001 0.02749999999999997
0 0.0834199019033675 0.6538671875 0.02063799999999999 0.02187500000000009
0 0.1055220307467057 0.6796875 0.02345199999999999 0.016874999999999973
0 0.18621525183016105 0.62828125 0.09943700000000001 0.07187500000000002
0 0.2513369019033675 0.646015625 0.020638 0.020625000000000004
0 0.3117867730600293 0.6726171875 0.01969999999999998 0.021874999999999978
0 0.3195192884333822 0.77109375 0.030956999999999957 0.023749999999999938
0 0.3316000307467057 0.9221484375 0.025329000000000018 0.02937500000000004
0 0.3598572884333821 0.679765625 0.030957 0.020625000000000004
0 0.3672480307467057 0.7102734375 0.025328000000000045 0.030624999999999902
0 0.3904014172767204 0.73984375 0.03377199999999998 0.024374999999999925
0 0.39374254612005855 0.857890625 0.035647000000000005 0.020000000000000018
0 0.4113380307467057 0.81546875 0.02626599999999994 0.02375000000000005
0 0.4126879019033675 0.7565625 0.020638 0.015625
0 0.42927528843338214 0.738671875 0.030956999999999957 0.028750000000000053
0 0.4319760307467057 0.708046875 0.026266000000000022 0.02750000000000008
0 0.4439866749633967 0.6332421875 0.03846199999999999 0.021874999999999978
0 0.4898394172767203 0.769453125 0.032832999999999994 0.036250000000000004
0 0.4986942884333821 0.7426953125 0.030018000000000093 0.02562500000000001
0 0.5059006749633969 0.718046875 0.038461000000000016 0.02750000000000008
0 0.5076624172767203 0.648046875 0.03283299999999991 0.02749999999999997
0 0.5757747057101025 0.7719921875 0.061914 0.05437500000000006
0 0.5711106442166911 0.534765625 0.0159469999999999 0.020625000000000004
0 0.7101492210834552 0.5178125 0.07410900000000016 0.07874999999999999
0 0.9074016749633969 0.921171875 0.038461000000000016 0.02750000000000008
0 0.9365699941434845 0.60546875 0.09287100000000012 0.08687500000000004
0 0.9854470307467058 0.9121484375 0.025328000000000045 0.030625000000000013
0 0.9867969019033674 0.753125 0.0225140000000002 0.03249999999999997
