0 0.172421875 0.5982295000000001 0.12125 0.205
0 0.3021875 0.4010413333333333 0.08000000000000002 0.13583399999999998
0 0.3587109375 0.2929684166666667 0.014375000000000027 0.044999999999999964
0 0.3787890625 0.30192708333333335 0.01937500000000003 0.035833000000000004
0 0.4645703125 0.191458 0.025624999999999953 0.031667
0 0.557109375 0.21359408333333332 0.012499999999999956 0.034999999999999996
0 0.7369140625 0.3567190833333333 0.01937500000000003 0.06583299999999999
0 0.766015625 0.3085940833333333 0.020625000000000004 0.035833000000000004
0 0.8043359375 0.31713541666666667 0.014375000000000027 0.045000000000000005
0 0.8704296875 0.4478121666666666 0.06999999999999995 0.10000000000000002
0 0.899765625 0.64057325 0.08374999999999999 0.134166
0 0.988515625 0.37125 0.020625000000000004 0.06500000000000002
