0 0.069140625 0.36119825 0.020625000000000004 0.040832999999999973
0 0.0951171875 0.35093749999999996 0.023124999999999993 0.048332999999999925
0 0.117265625 0.38796841666666665 0.02062499999999999 0.045000000000000005
0 0.14625 0.5463024166666667 0.03125 0.04666600000000002
0 0.1532421875 0.38015591666666665 0.021875000000000006 0.029167000000000016
0 0.1590625 0.40692708333333333 0.015625 0.03416700000000006
0 0.1794140625 0.396458 0.019375000000000003 0.03333400000000005
0 0.203671875 0.38067674999999995 0.02812500000000001 0.055000000000000014
0 0.246171875 0.5347395833333334 0.027499999999999997 0.050000000000000044
0 0.243515625 0.37619825 0.020625000000000004 0.040000000000000036
0 0.2620703125 0.40953124999999996 0.02562500000000001 0.03916700000000003
0 0.282109375 0.388125 0.013124999999999998 0.03250000000000005
0 0.30609375 0.4033333333333333 0.025000000000000022 0.043333000000000066
0 0.3301171875 0.37489616666666664 0.021874999999999978 0.03666600000000001
0 0.335546875 0.5350003333333334 0.028124999999999956 0.04416599999999993
0 0.343046875 0.3992704999999999 0.028750000000000053 0.0483340000000001
0 0.3875390625 0.39421875 0.018125000000000002 0.024166999999999977
0 0.41234375 0.41619825000000005 0.02437499999999998 0.041665999999999905
0 0.4264453125 0.5758333333333333 0.02562500000000001 0.041667000000000044
0 0.4559375 0.38609408333333334 0.01687500000000003 0.035833000000000004
0 0.4744921875 0.5510940833333334 0.023125000000000007 0.03499999999999992
0 0.4782421875 0.3907291666666666 0.021874999999999978 0.03833300000000003
0 0.5446484375 0.5589065833333334 0.02937499999999993 0.04999999999999997
0 0.5539453125 0.4741663333333333 0.02562500000000001 0.04333400000000006
0 0.5544921875 0.3933333333333333 0.023125000000000062 0.04333299999999999
0 0.588671875 0.5363024166666667 0.028125000000000067 0.04583300000000001
0 0.6119140625 0.38869825 0.01937500000000003 0.04166599999999998
0 0.6501171875 0.39869825000000003 0.02312499999999995 0.04166599999999998
0 0.6694921875 0.3665621666666667 0.02187500000000009 0.038333999999999945
0 0.677421875 0.5516663333333334 0.02750000000000008 0.041666999999999975
0 0.6908203125 0.39057258333333333 0.026249999999999996 0.051666999999999984
0 0.702109375 0.630625 0.013124999999999942 0.031667000000000035
0 0.7407421875 0.40296841666666666 0.021874999999999978 0.045000000000000075
0 0.7583203125 0.5297395833333334 0.02562500000000001 0.051666999999999984
0 0.75859375 0.38036425 0.024375000000000036 0.03916700000000003
0 0.7794921875 0.4048961666666666 0.021874999999999978 0.03750000000000009
0 0.8132421875 0.40786425 0.023125000000000062 0.04083400000000004
0 0.8539453125 0.5669270833333334 0.025624999999999898 0.03416699999999998
0 0.8683984375 0.3695312499999999 0.030000000000000027 0.040000000000000036
0 0.9394921875 0.40463541666666664 0.023125000000000062 0.045000000000000005
