0 0.096796875 0.3010416666666667 0.028124999999999997 0.053332999999999964
0 0.1083984375 0.4011458333333333 0.030625 0.05833299999999997
0 0.1496484375 0.3330725833333333 0.030624999999999986 0.050000000000000044
0 0.20359375 0.4630725833333333 0.024375000000000008 0.05166700000000005
0 0.226171875 0.2967705 0.02812500000000001 0.04833400000000002
0 0.3051953125 0.32630241666666665 0.02562500000000001 0.045000000000000005
0 0.312421875 0.4555725833333333 0.02749999999999997 0.050000000000000044
0 0.3725 0.20963541666666666 0.03250000000000003 0.045000000000000005
0 0.383671875 0.4227086666666667 0.02812500000000001 0.053333
0 0.4544921875 0.31369825 0.021875000000000033 0.040000000000000036
0 0.47875 0.4372395833333333 0.033125000000000016 0.05000000000000012
0 0.53796875 0.32239616666666665 0.024375000000000036 0.03833300000000003
0 0.5552734375 0.41786425 0.030625000000000013 0.03999999999999996
0 0.586171875 0.32369825 0.028749999999999942 0.04166599999999998
0 0.6695703125 0.283958 0.02562500000000001 0.03250000000000001
0 0.673046875 0.4273437500000001 0.028124999999999956 0.05499999999999994
0 0.7276953125 0.3246354166666667 0.02562500000000001 0.046667000000000014
0 0.7801953125 0.32786424999999997 0.026249999999999996 0.03916700000000003
0 0.784375 0.4376045 0.03125 0.048333000000000036
0 0.8103125 0.4238024166666667 0.016874999999999973 0.04666600000000002
0 0.9058203125 0.2758333333333333 0.02562500000000001 0.04249999999999998
0 0.906796875 0.4808333333333334 0.028125000000000067 0.041666999999999975
