0 0.0087890625 0.5610294117647059 0.018257 0.04749999999999993
0 0.1220703125 0.4686029411764706 0.24564299999999997 0.06749999999999996
0 0.08362462500000001 0.63 0.020746999999999988 0.05125000000000003
0 0.1133530625 0.5436764705882353 0.018257999999999996 0.032500000000000036
0 0.15958687500000002 0.758014705882353 0.059751 0.12624999999999986
0 0.15602056250000002 0.513014705882353 0.034855 0.07375000000000005
0 0.150844625 0.5775 0.020746999999999988 0.052499999999999984
0 0.180719625 0.6516176470588235 0.020747000000000015 0.038750000000000034
0 0.19394725000000002 0.5024264705882353 0.009128999999999998 0.034999999999999934
0 0.2013200625 0.5732352941176471 0.018256999999999995 0.07750000000000007
0 0.2312958125 0.608235294117647 0.041494 0.07749999999999999
0 0.277086375 0.8365441176470588 0.043982999999999994 0.12249999999999993
0 0.303298875 0.7118382352941177 0.027384999999999993 0.04375
0 0.29865881250000004 0.5549264705882353 0.009957999999999967 0.033750000000000065
0 0.3376205625 0.4571323529411765 0.06556000000000001 0.0625
0 0.331271125 0.6389705882352942 0.03651399999999999 0.05499999999999988
0 0.336493875 0.5480882352941177 0.029044999999999987 0.04249999999999997
0 0.36061025 0.7736029411764705 0.03983399999999998 0.11625000000000002
0 0.36744162500000005 0.5013235294117647 0.019916999999999907 0.01875
0 0.3816 0.54 0.03236500000000003 0.05125000000000003
0 0.381549625 0.48448529411764707 0.019917000000000018 0.028750000000000015
0 0.3950245625 0.5955147058823529 0.03402499999999997 0.07374999999999997
0 0.4744660625 0.4523529411764705 0.17427400000000004 0.06500000000000007
0 0.4115721875 0.49985294117647056 0.021576999999999957 0.01750000000000005
0 0.4156708125 0.5322058823529412 0.01161899999999999 0.03125
0 0.441401375 0.6302941176470588 0.043982999999999994 0.07250000000000002
0 0.4319756875 0.49691176470588233 0.007469000000000003 0.010000000000000018
0 0.46053518750000005 0.5109558823529412 0.02157599999999993 0.03125
0 0.45423512499999996 0.4723529411764706 0.004979000000000011 0.014999999999999984
0 0.4675635 0.47544117647058826 0.016597999999999946 0.007499999999999949
0 0.48719093750000003 0.6357352941176471 0.045642999999999934 0.07750000000000007
0 0.4939729375 0.4707352941176471 0.014107999999999954 0.028750000000000015
0 0.5042754375 0.54625 0.030704999999999982 0.05125000000000003
0 0.5065675000000001 0.47051470588235295 0.016597999999999946 0.026250000000000034
0 0.51925925 0.48588235294117643 0.008298000000000028 0.013750000000000033
0 0.534590125 0.6588235294117647 0.03568499999999997 0.06999999999999995
0 0.5318538125 0.5748529411764706 0.01078800000000002 0.017499999999999967
0 0.5658788125 0.5602941176470589 0.011618000000000017 0.022499999999999933
0 0.567685375 0.5153676470588235 0.013277999999999901 0.038750000000000034
0 0.5721275 0.4447058823529411 0.017428 0.03125
0 0.5823796250000001 0.46316176470588233 0.02074699999999985 0.010000000000000018
0 0.5862858750000001 0.5275 0.028215999999999908 0.05250000000000007
0 0.604057375 0.4475 0.043982999999999994 0.05
0 0.6110353125 0.6471323529411764 0.026556000000000024 0.0625
0 0.639691 0.5333823529411764 0.033194999999999975 0.06375000000000003
0 0.6593148750000001 0.43426470588235294 0.029045999999999905 0.025
0 0.6620476249999999 0.4597058823529412 0.02074700000000007 0.03125
0 0.6675635 0.5358088235294118 0.015768000000000004 0.04499999999999995
0 0.7049120624999999 0.67875 0.050622000000000056 0.10124999999999995
0 0.6996353750000001 0.4383823529411765 0.013277999999999901 0.0125
0 0.7164796875 0.560514705882353 0.03734499999999996 0.07499999999999991
0 0.7289276874999999 0.94625 0.03734500000000007 0.1024999999999999
0 0.73668625 0.44845588235294115 0.009129000000000054 0.03125
0 0.7756444375 0.4394852941176471 0.029874999999999985 0.027499999999999983
0 0.7793033749999999 0.4830147058823529 0.013278000000000123 0.025
0 0.7812564999999999 0.5297794117647059 0.015768000000000115 0.04875000000000005
0 0.7930210624999999 0.45676470588235296 0.018257999999999996 0.023749999999999966
0 0.8299299375 0.45808823529411763 0.04647299999999999 0.04249999999999997
0 0.82167775 0.5268382352941177 0.024895999999999918 0.04375000000000008
0 0.85936525 0.5653676470588235 0.039834000000000036 0.03874999999999995
0 0.8621941875000001 0.5145588235294117 0.02323699999999984 0.046249999999999986
0 0.8929999375 0.5626470588235295 0.04564400000000002 0.0875
0 0.8949998750000001 0.751470588235294 0.029044999999999876 0.10500000000000005
0 0.9129673125 0.44867647058823534 0.057262000000000035 0.03249999999999995
0 0.9217024375000001 0.805514705882353 0.029874999999999985 0.075
0 0.9423486875 0.3963235294117647 0.007468999999999948 0.01875
0 0.95113775 0.49676470588235294 0.024066000000000032 0.02624999999999995
0 0.956310125 0.39676470588235296 0.005808999999999953 0.023749999999999966
0 0.9679785 0.39073529411764707 0.01742700000000008 0.028750000000000015
0 0.9814030625 0.545 0.018256999999999968 0.052499999999999984
