0 0.06323925 0.5612489019033675 0.009333999999999988 0.02299999999999992
0 0.06990625 0.5727847730600293 0.008666999999999994 0.017999999999999974
0 0.1061689375 0.5555695461200586 0.015334 0.03799999999999993
0 0.1828359375 0.5612489019033675 0.015333000000000013 0.020999999999999942
0 0.21016893749999999 0.6042489019033674 0.015334000000000014 0.023000000000000003
0 0.2909296875 0.5422489019033675 0.007333000000000034 0.023000000000000086
0 0.3021220625 0.5605695461200586 0.01866699999999999 0.036999999999999936
0 0.476734375 0.2899531478770132 0.10666700000000001 0.20800000000000002
0 0.6571923749999999 0.4931771595900439 0.012667000000000095 0.029000000000000022
0 0.7241220625 0.528177159590044 0.019333999999999962 0.028000000000000035
0 0.7362626875 0.5287130307467057 0.007333999999999952 0.026000000000000054
0 0.7704795 0.5280336749633968 0.01666599999999996 0.04000000000000007
0 0.7882158125 0.5407847730600293 0.011334000000000066 0.019000000000000048
0 0.883004875 0.4613879941434846 0.028000000000000025 0.09100000000000003
0 0.9048828125 0.5373206442166911 0.011332999999999926 0.015000000000000006
0 0.985765625 0.46660322108345537 0.021333000000000046 0.07500000000000004
