0 0.0224609375 0.1836578947368421 0.046714 0.15200000000000002
0 0.1335725625 0.24828036842105258 0.06571700000000001 0.16000000000000003
0 0.285988 0.42131173684210527 0.09421999999999997 0.25600000000000006
0 0.39237506250000004 0.19530668421052633 0.08155199999999996 0.20666700000000002
0 0.48181674999999996 0.28463157894736846 0.055424000000000084 0.10800000000000003
0 0.5842466875 0.5831801578947369 0.10134600000000005 0.2760000000000001
0 0.6883886875 0.33747773684210525 0.03879599999999994 0.130667
0 0.8078929375 0.2588117368421053 0.04671399999999992 0.13066599999999995
0 0.8991305 0.2596973684210526 0.04829699999999992 0.09866700000000002
0 0.9390613125 0.5020131578947368 0.02612800000000004 0.14933300000000002
