0 0.02734375 0.2154095095168375 0.05625 0.10412800000000001
0 0.0966796875 0.3477937672035139 0.06937499999999999 0.10975599999999995
0 0.12796875000000002 0.24135967496339683 0.024374999999999994 0.03846199999999999
0 0.1766015625 0.19500002489019036 0.06562499999999999 0.115384
0 0.230625 0.19330738067349923 0.033125000000000016 0.10037500000000003
0 0.2922265625 0.7110967247437774 0.09749999999999998 0.26735499999999995
0 0.2571875 0.20065396339677888 0.016874999999999973 0.06848099999999999
0 0.30015625 0.4598376383601757 0.07187499999999997 0.10788000000000005
0 0.36171875 0.30159925183016106 0.05500000000000005 0.099437
0 0.431875 0.23694134992679355 0.033125000000000016 0.07692299999999996
0 0.52296875 0.17575605563689606 0.05625000000000002 0.138837
0 0.575703125 0.2430081595900439 0.036250000000000004 0.029081000000000006
0 0.6125 0.2239927057101025 0.03187499999999999 0.061913000000000024
0 0.67296875 0.1812266383601757 0.05625000000000002 0.10694199999999998
0 0.7803515625 0.159054411420205 0.06624999999999992 0.12476500000000004
0 0.8698828125 0.21415567496339677 0.041874999999999996 0.04033799999999998
0 0.964296875 0.24659402489019033 0.05874999999999997 0.11538500000000003
