0 0.0087890625 0.3360822352941177 0.018125 0.141541
0 0.023984375 0.3947154640522876 0.013125000000000001 0.036012999999999976
0 0.0726171875 0.4308935163398693 0.023125000000000007 0.022613000000000005
0 0.141328125 0.3437675490196078 0.06687499999999999 0.063652
0 0.19765625 0.31539392810457517 0.070625 0.07035199999999998
0 0.3339453125 0.2420859869281046 0.15187500000000004 0.30485799999999996
0 0.4389453125 0.3978784444444445 0.057499999999999996 0.09128999999999989
0 0.4994921875 0.36879216993464053 0.02312499999999995 0.05862599999999998
0 0.5273828125 0.298190477124183 0.07312499999999994 0.13149099999999997
0 0.661171875 0.356317091503268 0.15312500000000007 0.27721999999999997
