0 0.11773857686676427 0.3914765625 0.05997000000000001 0.128
0 0.14151534992679354 0.22925 0.076462 0.064
0 0.1773927364568082 0.36696875 0.08545700000000002 0.08699999999999997
0 0.28105096339677893 0.13834375 0.067467 0.05600000000000001
0 0.4069530922401171 0.22896875 0.07196399999999999 0.08600000000000002
0 0.3998078038067349 0.3270625 0.04197900000000006 0.08000000000000002
0 0.452281803806735 0.1292734375 0.043477999999999906 0.062
0 0.5629807057101025 0.265921875 0.06296799999999997 0.09
0 0.6333749633967789 0.2228515625 0.06746600000000007 0.09600000000000003
0 0.6662533499267935 0.20296875 0.0779610000000001 0.086
