0 0.035546875 0.32214121522693995 0.060000000000000005 0.16510300000000003
0 0.0444140625 0.09202031918008785 0.019375000000000003 0.05347099999999999
0 0.0787890625 0.1406870614934114 0.01937499999999999 0.047842000000000016
0 0.095390625 0.19685780380673498 0.02062499999999999 0.04315199999999999
0 0.161640625 0.28988622108345535 0.020624999999999977 0.075047
0 0.24984375 0.25149531918008783 0.024375000000000008 0.05534700000000003
0 0.27640625 0.30272160761347 0.03999999999999998 0.08442800000000003
0 0.3240625 0.30826228843338216 0.016250000000000042 0.030957
0 0.36859375 0.31873970571010246 0.02437499999999998 0.06191299999999998
0 0.421953125 0.4132581903367496 0.036250000000000004 0.05159399999999999
0 0.46359375 0.27757696339677895 0.02437499999999998 0.06941899999999998
0 0.7765234375 0.23686353440702781 0.15500000000000003 0.21763600000000002
0 0.887265625 0.28327606149341145 0.020000000000000018 0.04971799999999999
