0 0.08645486196769456 0.2360546875 0.069614 0.06999999999999998
0 0.2527351468428781 0.25082031250000003 0.05644400000000001 0.05812500000000001
0 0.2940591483113069 0.454765625 0.07714000000000001 0.05125000000000002
0 0.3891870058737152 0.6037109375 0.08278499999999997 0.07687499999999992
0 0.4023121468428781 0.38484375 0.0583260000000001 0.05625000000000002
0 0.5150852892804699 0.360234375 0.05080000000000003 0.044375
0 0.6249674331864905 0.3887890625 0.06679199999999996 0.049375
0 0.6355451483113069 0.456796875 0.07714000000000006 0.06
0 0.706582718061674 0.24625 0.05362099999999998 0.06312500000000001
0 0.8595091468428782 0.25015624999999997 0.05644400000000013 0.07125000000000001
