0 0.06485471056241428 0.585859375 0.014059999999999984 0.013125000000000053
0 0.07209967901234568 0.5140625 0.026361999999999997 0.016874999999999973
0 0.11908148971193416 0.44671875 0.09138799999999998 0.08687499999999998
0 0.10553535802469136 0.1984375 0.05096599999999998 0.047500000000000014
0 0.12068832647462277 0.3295703125 0.06239 0.05812499999999998
0 0.10802019478737997 0.5050390625000001 0.019332000000000005 0.01874999999999999
0 0.11905793689986281 0.54671875 0.023725999999999987 0.024374999999999925
0 0.14657771056241428 0.527734375 0.014059999999999984 0.013125000000000053
0 0.14932119478737998 0.503359375 0.021088999999999997 0.011875000000000024
0 0.18423510013717423 0.1689453125 0.052724000000000014 0.05812500000000001
0 0.2757953895747599 0.192734375 0.04042100000000006 0.044375
0 0.31023667901234564 0.5968359375 0.026362000000000028 0.01375000000000004
0 0.33657855281207133 0.390546875 0.06942 0.05937500000000001
0 0.31863842112482854 0.6253125 0.028998000000000006 0.016874999999999973
0 0.33533442112482853 0.5732421875 0.028998000000000048 0.022499999999999964
0 0.3629606790123457 0.627265625 0.026361999999999986 0.019999999999999907
0 0.36999067901234567 0.5840625 0.026362000000000066 0.015625
0 0.3893226790123457 0.6046875 0.026361999999999986 0.016874999999999973
0 0.43334603703703706 0.3688671875 0.07469300000000005 0.05437499999999995
0 0.5916893264746228 0.3375 0.06239100000000003 0.06312499999999999
0 0.6168508737997256 0.4794921875 0.04569500000000004 0.05312499999999998
0 0.6304819368998628 0.39078125 0.021968000000000102 0.03937499999999999
0 0.7481043264746228 0.4885546875 0.06238999999999998 0.038125000000000075
0 0.7523471632373114 0.364296875 0.031634999999999996 0.02749999999999997
0 0.7804033580246913 0.4055859375 0.05096600000000003 0.04625000000000001
0 0.8654714951989027 0.20671875 0.17750500000000005 0.18062499999999998
0 0.7939269368998628 0.341640625 0.021968000000000026 0.020625000000000004
0 0.8297198422496571 0.5385546875 0.05536000000000015 0.03749999999999998
0 0.8579026474622772 0.3858203125 0.03602799999999983 0.026875000000000038
0 0.9158996474622773 0.410546875 0.037784999999999964 0.028749999999999998
0 0.935231647462277 0.3465234375 0.03602799999999999 0.030625000000000013
