0 0.0427734375 0.5706458960468522 0.061875 0.11163299999999991
0 0.0680859375 0.2648126749633968 0.014374999999999999 0.038461000000000016
0 0.1463671875 0.35006441727672033 0.023125000000000007 0.03470899999999998
0 0.159765625 0.4241033191800878 0.02125000000000002 0.05347000000000002
0 0.1895703125 0.34946819033674964 0.02562500000000001 0.05159499999999995
0 0.1995703125 0.5294409941434846 0.026874999999999982 0.09287000000000006
0 0.2321484375 0.39859096339677885 0.029375000000000012 0.06754200000000002
0 0.2609375 0.45908399414348466 0.048750000000000016 0.09099399999999995
0 0.2480078125 0.2911929326500732 0.010624999999999968 0.04409000000000001
0 0.2573828125 0.2554316749633968 0.011249999999999982 0.038461000000000016
0 0.2764453125 0.2993373191800878 0.026875000000000038 0.05534700000000003
0 0.2981640625 0.2789979326500732 0.018125000000000002 0.045966
0 0.3420703125 0.328189803806735 0.026875000000000038 0.042213999999999974
0 0.356953125 0.3995990614934114 0.03687499999999999 0.048779999999999976
0 0.384609375 0.2806454172767204 0.013124999999999998 0.032832999999999994
0 0.4159765625 0.46970060761347 0.03375 0.08255199999999992
0 0.46109375 0.3703337057101025 0.02437499999999998 0.06191400000000004
0 0.49078125 0.26270815959004395 0.00874999999999998 0.027204
0 0.49328125 0.31453067496339676 0.00874999999999998 0.04033800000000002
0 0.52953125 0.48384270571010246 0.04062500000000002 0.06378999999999994
0 0.5383203125 0.7334869633967789 0.057499999999999996 0.06941900000000002
0 0.523515625 0.3051496749633968 0.020625000000000004 0.04033800000000002
0 0.5294921875 0.3710441903367497 0.02312499999999995 0.05159499999999991
0 0.555390625 0.3663531903367497 0.020625000000000004 0.05065699999999994
0 0.5771484375 0.4700693191800878 0.02937500000000004 0.054408999999999964
0 0.6021875 0.3716404172767203 0.016874999999999973 0.032832999999999994
0 0.6005078125 0.28698390190336753 0.011250000000000093 0.022515000000000007
0 0.6248828125 0.5551808653001463 0.04125000000000001 0.0881800000000001
0 0.62765625 0.4272149326500732 0.008749999999999925 0.04409000000000001
0 0.7017578125 0.48347399414348463 0.04249999999999998 0.09193299999999989
0 0.708984375 0.354456803806735 0.013125000000000053 0.042213999999999974
0 0.735625 0.5102229633967789 0.03312500000000007 0.06754199999999994
0 0.765234375 0.33130241727672033 0.013124999999999942 0.03470899999999998
0 0.835859375 0.3756209326500731 0.013125000000000053 0.045966
0 0.8403125 0.48912893265007323 0.016874999999999973 0.04408999999999993
0 0.8567578125 0.3653720307467057 0.009999999999999898 0.026266000000000064
0 0.8857421875 0.43055506149341144 0.021874999999999978 0.04971899999999992
0 0.9840625 0.408865803806735 0.01750000000000007 0.042213999999999974
