0 0.0078125 0.496458 0.015625 0.03250000000000005
0 0.021640625 0.42656216666666663 0.020625 0.03750000000000001
0 0.026640625 0.37822916666666667 0.020624999999999998 0.03750000000000001
0 0.036992187499999996 0.4690621666666666 0.023125000000000003 0.036667000000000005
0 0.0382421875 0.4105208333333334 0.021875000000000002 0.02749999999999993
0 0.0368359375 0.6177600833333333 0.013749999999999998 0.035000000000000066
0 0.0437890625 0.3460940833333333 0.019374999999999996 0.035833000000000004
0 0.0576171875 0.64953125 0.021875000000000006 0.040000000000000036
0 0.06441406250000001 0.49421875 0.018124999999999995 0.025833000000000068
0 0.0728125 0.4647919999999999 0.0175 0.03166600000000005
0 0.0926953125 0.4335940833333334 0.026249999999999996 0.03416599999999992
0 0.0921875 0.3719270833333333 0.017499999999999988 0.03416699999999998
0 0.105 0.7856246666666666 0.031875 0.11583399999999999
0 0.100390625 0.4018229166666667 0.020625000000000004 0.029167000000000016
0 0.1081640625 0.3518229166666667 0.01812499999999999 0.03083299999999989
0 0.1190625 0.613125 0.016874999999999987 0.03250000000000005
0 0.123515625 0.6668229166666667 0.02062499999999999 0.029167000000000016
0 0.120859375 0.56869825 0.013124999999999984 0.04166599999999998
0 0.135390625 0.52786425 0.020625000000000004 0.04083399999999989
0 0.1406640625 0.6607291666666666 0.019375000000000003 0.03750000000000009
0 0.144140625 0.5034899166666666 0.020625000000000004 0.030833000000000037
0 0.146640625 0.45276008333333334 0.020625000000000004 0.03416699999999998
0 0.153515625 0.643958 0.020625000000000004 0.031666999999999966
0 0.1575390625 0.36572916666666666 0.019375000000000003 0.036667000000000005
0 0.1625390625 0.33432291666666664 0.018125000000000002 0.029999999999999954
0 0.18859375 0.6073961666666666 0.023749999999999993 0.03750000000000001
0 0.1982421875 0.4977600833333333 0.021875000000000006 0.035834
0 0.2000390625 0.561458 0.019375000000000003 0.03249999999999997
0 0.2044921875 0.5309899166666666 0.021875000000000006 0.029166000000000025
0 0.211640625 0.4348961666666667 0.020625000000000004 0.03666599999999994
0 0.2156640625 0.38921875 0.019375000000000003 0.025832999999999995
0 0.2169140625 0.4743229166666667 0.019375000000000003 0.029166999999999943
0 0.225 0.6523961666666667 0.0325 0.03749999999999994
0 0.2196875 0.34052083333333333 0.015625 0.02749999999999997
0 0.2646875 0.5991663333333334 0.015625 0.043333999999999984
0 0.26859375 0.492292 0.024999999999999967 0.03333299999999998
0 0.2715625 0.4605208333333333 0.015625 0.02749999999999993
0 0.27796875 0.6480725833333333 0.024375000000000036 0.04999999999999997
0 0.279765625 0.5627600833333334 0.020625000000000004 0.03416699999999991
0 0.2800390625 0.36671875 0.01937500000000003 0.025832999999999995
0 0.3180859375 0.6510940833333333 0.014374999999999971 0.03583300000000008
0 0.3259375 0.3953642499999999 0.016249999999999987 0.04083400000000011
0 0.3309375 0.5439579999999999 0.01687500000000003 0.03166700000000011
0 0.336640625 0.4159899166666667 0.02062499999999995 0.03083299999999996
0 0.337890625 0.5941663333333334 0.020625000000000004 0.04333399999999991
0 0.340390625 0.4885940833333333 0.020625000000000004 0.034999999999999996
0 0.3406640625 0.44958366666666666 0.01937500000000003 0.022499999999999964
0 0.3469921875 0.33989616666666667 0.023125000000000007 0.03666600000000001
0 0.347265625 0.5610940833333333 0.020625000000000004 0.03583299999999993
0 0.3878125 0.6742705 0.016874999999999973 0.04833399999999995
0 0.393515625 0.40109408333333335 0.020625000000000004 0.034165999999999995
0 0.3990625 0.36239616666666663 0.01687500000000003 0.03833300000000003
0 0.4088671875 0.48822916666666666 0.021874999999999978 0.038333000000000096
0 0.4175 0.5584899166666667 0.03125 0.029166000000000025
0 0.41609375 0.5952600833333334 0.024375000000000036 0.035000000000000066
0 0.415390625 0.5230208333333334 0.020625000000000004 0.02749999999999993
0 0.4117578125 0.4579166666666667 0.010624999999999996 0.022499999999999964
0 0.4159375 0.4294795 0.016874999999999973 0.015832999999999986
0 0.4169140625 0.62171875 0.019374999999999976 0.024166999999999977
0 0.4275390625 0.33359408333333335 0.018125000000000002 0.034999999999999996
0 0.4563671875 0.40421875 0.023125000000000007 0.02416700000000005
0 0.456640625 0.3607291666666667 0.020625000000000004 0.03833299999999995
0 0.4687890625 0.44958366666666666 0.018125000000000002 0.022499999999999964
0 0.4687890625 0.4876559166666667 0.018125000000000002 0.029166999999999943
0 0.481640625 0.5412496666666667 0.020625000000000004 0.021666999999999954
0 0.4896875 0.6382291666666666 0.01687500000000003 0.03750000000000001
0 0.4934375 0.3427600833333333 0.015625 0.03416700000000006
0 0.509765625 0.6547395833333334 0.020625000000000004 0.051666999999999984
0 0.5194921875 0.3534899166666667 0.022499999999999964 0.029165999999999952
0 0.5246875 0.3901559166666666 0.016874999999999973 0.029167000000000092
0 0.5334375 0.42505175 0.015625 0.024166999999999977
0 0.537890625 0.4560413333333333 0.02124999999999999 0.01083400000000001
0 0.541015625 0.48395800000000005 0.020625000000000004 0.0324999999999999
0 0.554375 0.6527086666666667 0.032500000000000084 0.053333
0 0.5551953125 0.5219270833333334 0.026249999999999996 0.03416699999999991
0 0.5724609375 0.3698961666666667 0.014374999999999916 0.03749999999999994
0 0.5775390625 0.3348961666666667 0.01937500000000003 0.03666599999999994
0 0.589921875 0.6436458333333334 0.028124999999999956 0.05833299999999997
0 0.596015625 0.37619825 0.02124999999999999 0.03916599999999996
0 0.5974609375 0.4477600833333333 0.015000000000000013 0.03416700000000006
0 0.5984375 0.414792 0.016875000000000084 0.03166599999999997
0 0.628515625 0.514792 0.020625000000000004 0.03166599999999997
0 0.63671875 0.658125 0.025000000000000022 0.032500000000000195
0 0.6376953125 0.5568229166666666 0.026249999999999996 0.029167000000000016
0 0.6451171875 0.3282291666666666 0.021874999999999978 0.03750000000000001
0 0.65609375 0.6263024166666668 0.025000000000000022 0.045000000000000005
0 0.6589453125 0.38453125 0.02562500000000001 0.040000000000000036
0 0.6562890625 0.348125 0.01937500000000003 0.03249999999999997
0 0.6749609375 0.44218783333333334 0.015000000000000013 0.027500000000000007
0 0.68109375 0.47750033333333336 0.024374999999999925 0.04250000000000006
0 0.6919140625 0.5068229166666667 0.018125000000000058 0.030833000000000037
0 0.69921875 0.32765591666666666 0.024375000000000036 0.03083399999999999
0 0.7012890625 0.5415621666666667 0.01937500000000003 0.036667000000000005
0 0.71046875 0.5921354166666667 0.025000000000000022 0.04666699999999994
0 0.7163671875 0.3551559166666667 0.02187500000000009 0.030834000000000028
0 0.7226171875 0.6397395833333334 0.02312499999999995 0.050000000000000044
0 0.7281640625 0.3787496666666666 0.018125000000000058 0.022500000000000037
0 0.735859375 0.4098434166666667 0.013125000000000053 0.013334000000000032
0 0.743359375 0.44421874999999994 0.011874999999999969 0.025832999999999995
0 0.7482421875 0.4785940833333333 0.02312499999999995 0.034165999999999995
0 0.758984375 0.6409899166666667 0.013124999999999942 0.03083299999999996
0 0.7713671875 0.327292 0.022499999999999964 0.03249999999999994
0 0.779765625 0.5332291666666666 0.020625000000000004 0.03750000000000001
0 0.7850390625 0.337292 0.018125000000000058 0.03333299999999998
0 0.789765625 0.3846878333333334 0.02124999999999999 0.02749999999999993
0 0.794140625 0.5927600833333334 0.020625000000000004 0.03583399999999992
0 0.8091796875 0.443125 0.007499999999999951 0.03250000000000005
0 0.82171875 0.6248961666666667 0.024374999999999925 0.03833300000000003
0 0.8384375 0.5140621666666666 0.015625 0.03833400000000009
0 0.8426171875 0.409792 0.02312499999999995 0.03333299999999998
0 0.8434375 0.34250033333333335 0.016875000000000084 0.04333299999999999
0 0.8532421875 0.37708366666666665 0.02312499999999995 0.022499999999999964
0 0.854765625 0.5501559166666666 0.020625000000000004 0.030834000000000028
0 0.8550390625 0.3152600833333334 0.018125000000000058 0.03416699999999998
0 0.8601953125 0.6282291666666667 0.02562500000000001 0.03749999999999994
0 0.8637890625 0.45015591666666666 0.018125000000000058 0.030834000000000028
0 0.8681640625 0.5815621666666666 0.01937500000000003 0.03750000000000001
0 0.8937890625 0.5155208333333333 0.018124999999999947 0.02833300000000009
0 0.9131640625 0.311458 0.018124999999999947 0.031667
0 0.922890625 0.5415621666666667 0.020625000000000004 0.036667000000000005
0 0.9412890625 0.34703124999999996 0.018125000000000058 0.03916699999999999
0 0.992734375 0.6463024166666668 0.012500000000000067 0.04499999999999993
