0 0.07875650000000001 0.5907402857142857 0.14113399999999998 0.271605
0 0.0896703125 0.224656 0.150784 0.282187
0 0.096276 0.936543 0.125452 0.12169300000000005
0 0.35499250000000004 0.2559607142857143 0.14113399999999998 0.209877
0 0.35958806249999997 0.9205112857142856 0.14354700000000004 0.1534390000000001
0 0.359702875 0.5947614285714286 0.12183300000000008 0.23809600000000006
0 0.6000959375 0.5775487142857143 0.13992800000000005 0.25044099999999997
0 0.6179604999999999 0.2626802857142857 0.14234000000000013 0.21340399999999995
0 0.6230149375 0.9320107142857144 0.13992799999999994 0.13051100000000004
0 0.8707608124999999 0.21088142857142855 0.1363080000000001 0.27866
0 0.8869595 0.6046735714285715 0.14113299999999995 0.24515000000000003
0 0.8981027500000001 0.9320107142857144 0.149578 0.13051100000000004
