0 0.12015625 0.40526075 0.07187499999999998 0.11916600000000004
0 0.1862109375 0.0582295 0.046249999999999986 0.079166
0 0.2813671875 0.27333366666666664 0.05312499999999998 0.085833
0 0.2941796875 0.22255208333333334 0.03749999999999998 0.06583299999999996
0 0.30484375 0.34130175 0.05499999999999999 0.08833399999999991
0 0.388828125 0.22697883333333332 0.03624999999999995 0.057499999999999996
0 0.45015625 0.20578091666666665 0.04062500000000002 0.060834000000000055
0 0.63375 0.22864583333333335 0.03125 0.05749999999999996
0 0.6669140625 0.29098925 0.04937500000000006 0.07166700000000004
0 0.9228515625 0.31703125 0.09687500000000004 0.16500000000000006
0 0.965078125 0.50994825 0.0675 0.2291659999999999
