0 0.043853312500000005 0.1140334428152493 0.056952 0.08111199999999998
0 0.12628287500000002 0.08504398826979472 0.090237 0.17222200000000001
0 0.2032928125 0.1492341671554252 0.07396399999999997 0.07888900000000003
0 0.267878375 0.03372434017595308 0.07544400000000001 0.07
0 0.32459987500000004 0.26077257184750735 0.12204199999999993 0.21111099999999994
0 0.3672855625 0.02932551319648094 0.06508900000000001 0.060000000000000005
0 0.4946835 0.06158357771260997 0.07840299999999994 0.125556
0 0.5926460625 0.2345060205278592 0.11316599999999999 0.20333400000000001
0 0.65571825 0.10345030205278592 0.07174600000000009 0.121111
0 0.7198711250000001 0.48935146920821115 0.16050299999999995 0.19666699999999998
0 0.71627725 0.024926686217008796 0.04068000000000005 0.052222000000000005
0 0.8314014375 0.14961539882697947 0.0924560000000001 0.218889
