0 0.1123828125 0.5662103499267935 0.041249999999999995 0.07879899999999995
0 0.1508203125 0.4110835768667643 0.02562500000000001 0.06003800000000004
0 0.1630859375 0.5689542518301611 0.04625000000000001 0.09943699999999996
0 0.2073828125 0.5737143499267936 0.04249999999999998 0.07692299999999992
0 0.26625 0.4085671903367496 0.03125 0.0525330000000001
0 0.3018359375 0.5680863499267934 0.04562500000000003 0.07692300000000009
0 0.3972265625 0.37843493265007316 0.03437499999999999 0.045028000000000026
0 0.44734375 0.4771355095168374 0.05499999999999999 0.10412799999999997
0 0.477578125 0.33832544802342607 0.03562499999999996 0.058160999999999956
0 0.6176171875 0.36218931918008784 0.021874999999999978 0.05534700000000007
0 0.6594140625 0.1776138345534407 0.050000000000000044 0.06566600000000003
0 0.7914453125 0.49265341727672035 0.025624999999999898 0.03377099999999997
0 0.8702734375 0.25600096339677897 0.030625000000000013 0.06754299999999995
0 0.9918359375 0.0538569326500732 0.014375000000000027 0.04409
