0 0.184921875 0.6661458333333333 0.027499999999999997 0.05750000000000003
0 0.2572265625 0.5251045 0.035 0.048333000000000036
0 0.27125 0.67401075 0.03187499999999999 0.05666600000000003
0 0.2714453125 0.46119825000000003 0.026875000000000038 0.040832999999999973
0 0.3395703125 0.5214065833333333 0.026249999999999996 0.05166599999999991
0 0.394921875 0.4264065833333333 0.027500000000000024 0.05166599999999999
0 0.408046875 0.3335416666666666 0.02812500000000001 0.05333300000000004
0 0.413125 0.66651075 0.03249999999999997 0.055832999999999945
0 0.4289453125 0.5204684166666667 0.026874999999999982 0.04499999999999993
0 0.46546875 0.34166633333333335 0.024375000000000036 0.043333999999999984
0 0.48796875 0.66151075 0.02437499999999998 0.055000000000000014
0 0.4947265625 0.4188024166666667 0.03374999999999995 0.045000000000000005
0 0.524453125 0.5243746666666667 0.03562500000000002 0.05333399999999999
0 0.5601171875 0.34296841666666666 0.023125000000000062 0.046667000000000014
0 0.614375 0.6524479166666667 0.03125 0.05999999999999991
0 0.6253515625 0.4110416666666667 0.03500000000000003 0.05333299999999993
0 0.6226953125 0.5282291666666666 0.026874999999999982 0.03833299999999995
0 0.6416796875 0.32734375 0.03749999999999998 0.055000000000000014
0 0.688046875 0.41416633333333336 0.02750000000000008 0.04333400000000006
0 0.7063671875 0.6814065833333333 0.021874999999999978 0.05166599999999999
0 0.709296875 0.5405725833333334 0.028749999999999942 0.05166700000000005
0 0.7314453125 0.33166633333333334 0.02562500000000001 0.04249999999999998
0 0.764296875 0.41041700000000003 0.02749999999999997 0.0625
0 0.786875 0.49614583333333334 0.03125 0.05833299999999997
0 0.84 0.3164065833333333 0.03125 0.051666000000000024
0 0.8702734375 0.5422395833333332 0.02937500000000004 0.05166700000000005
0 0.8982421875 0.45114583333333336 0.023125000000000062 0.05833299999999997
0 0.9446484375 0.3147395833333333 0.029999999999999916 0.05166700000000005
0 0.96 0.5055725833333333 0.03125 0.051666999999999984
