0 0.048515625 0.47882181208053687 0.083125 0.23308300000000007
0 0.13624999999999998 0.6022121073825503 0.09500000000000001 0.22771200000000005
0 0.2773046875 0.5567137181208055 0.006250000000000033 0.09881799999999992
0 0.3776171875 0.7231169597315437 0.08437499999999998 0.22878599999999996
0 0.3657421875 0.5418167852348994 0.021875000000000033 0.05048299999999993
0 0.479140625 0.42513053691275166 0.05125000000000002 0.126746
0 0.661875 0.42774968456375834 0.06374999999999997 0.12244899999999999
0 0.74046875 0.825620744966443 0.11875000000000002 0.2792690000000001
0 0.825625 0.5361093422818792 0.03312499999999996 0.06122400000000002
0 0.9073828125 0.28261097986577177 0.041874999999999996 0.11707800000000002
0 0.939375 0.6527024697986578 0.06437500000000007 0.174007
