0 0.0125390625 0.7493224963503651 0.019375 0.07096099999999995
0 0.098828125 0.6927589781021897 0.005624999999999991 0.02334200000000013
0 0.1469140625 0.679109102189781 0.018125000000000002 0.038281999999999976
0 0.2604296875 0.6610129781021897 0.006249999999999978 0.022409000000000005
0 0.32140625 0.6909576642335766 0.00874999999999998 0.049487000000000086
0 0.4081640625 0.6984276642335766 0.018125000000000002 0.04855299999999999
0 0.484609375 0.6509793941605839 0.011874999999999969 0.03267899999999998
0 0.5039843749999999 0.7373542262773722 0.013124999999999998 0.057890000000000004
0 0.5495703125 0.7145380802919707 0.02562500000000001 0.05882300000000013
0 0.6060546875 0.6848818321167883 0.006249999999999978 0.025210000000000062
0 0.761640625 0.6886835182481751 0.020625000000000004 0.051353
0 0.8465234375 0.7890790145985402 0.061249999999999916 0.12044800000000004
0 0.96828125 0.6260578321167883 0.008125000000000049 0.026143999999999903
