0 0.285234375 0.37092993265007324 0.013124999999999998 0.04596599999999996
0 0.3089453125 0.35621854612005854 0.026874999999999982 0.036586000000000035
0 0.4281640625 0.3401572884333821 0.018125000000000002 0.03095700000000004
0 0.4851171875 0.24357844802342601 0.021875000000000033 0.056285
0 0.6173828125 0.3720522884333822 0.010624999999999996 0.03189499999999989
0 0.7076953125 0.29990760761346996 0.02562500000000001 0.08442800000000003
0 0.7075390625 0.18463686530014642 0.01937500000000003 0.08911799999999998
0 0.7421875 0.39209406149341147 0.016874999999999973 0.04971799999999999
0 0.8093359375 0.4179481903367496 0.015000000000000013 0.05065699999999998
0 0.8183984375 0.16603328257686678 0.030625000000000013 0.12195100000000003
0 0.8176953125 0.3059916383601757 0.025624999999999898 0.10600399999999996
0 0.8849609375 0.411495448023426 0.014999999999999902 0.056285
0 0.924765625 0.47942438067349924 0.020625000000000004 0.10037499999999992
0 0.9554296875 0.37532231918008785 0.03749999999999998 0.054408999999999964
0 0.9780078125 0.3014859941434846 0.041874999999999996 0.09287000000000002
0 0.9798046875 0.13782018448023423 0.038124999999999964 0.142589
