0 0.037343749999999995 0.25146875438596494 0.024375000000000004 0.06361099999999997
0 0.14984375 0.1829506140350877 0.05562500000000001 0.09822300000000003
0 0.2372265625 0.6173545438596492 0.06625 0.11506099999999994
0 0.3013671875 0.23972257894736843 0.05437499999999995 0.10664099999999999
0 0.3621484375 0.5942595789473684 0.06125000000000003 0.10757700000000002
0 0.4728125 0.2573786023391813 0.04874999999999996 0.10009299999999997
0 0.512421875 0.5853135906432748 0.05874999999999997 0.104771
0 0.611015625 0.27947667251461983 0.0525000000000001 0.08419100000000006
0 0.6633203125 0.5837955204678363 0.05687500000000001 0.12067399999999993
0 0.7645703125 0.2603025789473684 0.05687500000000001 0.10757700000000002
0 0.843671875 0.261932812865497 0.028125000000000067 0.049579
0 0.89296875 0.23317457894736845 0.055625000000000036 0.10570599999999995
