0 0.5312109375 0.4621755741556534 0.014374999999999916 0.04045100000000005
0 0.6503125 0.40724486196769455 0.015625 0.06961499999999995
0 0.6491015625 0.2760244317180617 0.003750000000000031 0.046096000000000054
0 0.6738671875 0.18218014684287812 0.023125000000000062 0.05738500000000001
0 0.6801171875 0.46850771953010284 0.021874999999999978 0.07525900000000006
0 0.685234375 0.16026857268722466 0.013125000000000053 0.017874000000000008
0 0.72109375 0.350043718061674 0.024375000000000036 0.053622000000000045
0 0.7251171875 0.22763386049926582 0.021874999999999978 0.049858999999999966
0 0.7308203125 0.5719887195301027 0.026874999999999982 0.07525800000000009
0 0.734765625 0.17630643171806168 0.02124999999999999 0.044215000000000004
0 0.7469921875 0.2938294331864904 0.023125000000000062 0.06585100000000006
0 0.7508984375 0.4282395756240823 0.02937500000000004 0.06020699999999992
0 0.7876953125 0.4900298619676946 0.026874999999999982 0.0696139999999999
0 0.7944921875 0.24479657562408225 0.023125000000000062 0.06020699999999996
0 0.79921875 0.37168071806167396 0.024375000000000036 0.055504000000000046
0 0.8238671875 0.2041158604992658 0.021874999999999978 0.04891799999999998
0 0.8256640625 0.29954243171806166 0.01937500000000003 0.04609600000000001
0 0.8407421875 0.5986274331864905 0.023125000000000062 0.06491
0 0.8514453125 0.4275972892804699 0.02562500000000001 0.051739999999999994
0 0.858359375 0.8311032907488985 0.012499999999999956 0.07149600000000012
0 0.87109375 0.5139614331864905 0.024375000000000036 0.06679199999999988
0 0.875390625 0.22786357562408224 0.020625000000000004 0.061147999999999945
0 0.8826171875 0.35550486196769454 0.02187500000000009 0.06773300000000003
0 0.886015625 0.2041158604992658 0.02124999999999999 0.04891799999999998
0 0.9128125 0.9040677195301028 0.016249999999999987 0.07525799999999992
0 0.9159375 0.4254175756240822 0.016249999999999987 0.06020700000000009
0 0.925390625 0.3091791468428781 0.020625000000000004 0.05738499999999999
0 0.929140625 0.44223571806167405 0.020624999999999893 0.053621999999999954
0 0.9444921875 0.2572094317180617 0.021874999999999978 0.04609599999999997
0 0.9496484375 0.5999120058737151 0.030624999999999902 0.08278400000000007
0 0.9881640625 0.851914148311307 0.018750000000000044 0.07713999999999996
