0 0.236796875 0.4018229166666667 0.027499999999999997 0.03083299999999996
0 0.26382812499999997 0.3838024166666667 0.03624999999999998 0.04666599999999995
0 0.3506640625 0.42062533333333335 0.049375 0.07416599999999995
0 0.3815234375 0.3698961666666667 0.030625000000000013 0.03749999999999994
0 0.37984375 0.44348991666666665 0.024375000000000036 0.029165999999999952
0 0.3948828125 0.4172913333333333 0.04249999999999998 0.07416700000000002
0 0.4340625 0.40666633333333335 0.016249999999999987 0.041666999999999975
0 0.4873046875 0.36598925 0.03874999999999995 0.07250000000000001
0 0.50625 0.31072916666666667 0.03249999999999997 0.03833300000000003
0 0.5601953125 0.38213541666666667 0.026874999999999982 0.04666699999999994
0 0.599375 0.4477600833333333 0.03312499999999996 0.03416700000000006
0 0.6329296875 0.2966663333333333 0.03874999999999995 0.04416699999999999
0 0.6326953125 0.3764065833333334 0.026874999999999982 0.04999999999999997
