0 0.0107421875 0.1043737364568082 0.021875 0.08630400000000002
0 0.056523437499999996 0.31042818448023424 0.06125 0.14071300000000003
0 0.08953125 0.6374083133235725 0.10249999999999998 0.14352700000000013
0 0.166640625 0.04328347877013177 0.05125000000000002 0.080676
0 0.3548046875 0.05712696339677892 0.03812500000000002 0.06848
0 0.3843359375 0.1361544787701318 0.04562499999999997 0.08067500000000001
0 0.5127734374999999 0.39224376134699845 0.09187499999999998 0.20168800000000003
0 0.5249609375 0.10647725183016105 0.04625000000000001 0.099437
0 0.569140625 0.23037534992679354 0.05125000000000002 0.07879900000000004
0 0.62453125 0.0574687364568082 0.040000000000000036 0.08724199999999999
0 0.7259375 0.19067773645680822 0.04874999999999996 0.08630399999999994
0 0.7519921875 0.4325376017569546 0.08500000000000008 0.17542200000000002
0 0.8749609375 0.29960899414348463 0.04499999999999993 0.09193300000000001
