0 0.021718750000000002 0.33859408333333335 0.024375 0.034999999999999996
0 0.06812499999999999 0.4421875 0.0625 0.11166700000000003
0 0.06519531249999999 0.3460940833333333 0.025625000000000002 0.034166000000000064
0 0.101015625 0.3259899166666667 0.020625000000000004 0.030833
0 0.1325390625 0.32786424999999997 0.019375000000000003 0.03916700000000003
0 0.1551171875 0.3408333333333333 0.021875000000000006 0.041667000000000044
0 0.206015625 0.6267190833333333 0.11500000000000002 0.19166599999999998
0 0.1739453125 0.3776559166666667 0.02562500000000001 0.030833999999999955
0 0.179609375 0.33171875 0.013125000000000026 0.024166999999999977
0 0.230078125 0.3955211666666667 0.036250000000000004 0.06916599999999991
0 0.3293359375 0.33338575 0.014374999999999971 0.025832999999999995
0 0.3392578125 0.32171875 0.011250000000000038 0.025832999999999995
0 0.3651953125 0.38067674999999995 0.02562500000000001 0.05666700000000002
0 0.4015625 0.318958 0.01687500000000003 0.03249999999999997
0 0.425234375 0.32578158333333335 0.011875000000000024 0.02083300000000003
0 0.4967578125 0.38994791666666667 0.04124999999999995 0.06166699999999999
0 0.4862890625 0.3291145833333333 0.018125000000000002 0.019167000000000007
0 0.542890625 0.5218753333333334 0.083125 0.13666599999999995
0 0.5374609375 0.3505208333333334 0.014375000000000027 0.02749999999999993
0 0.5780078125 0.4014583333333333 0.04125000000000001 0.07416700000000002
0 0.6169140625 0.3460940833333333 0.018124999999999947 0.035833000000000004
0 0.6753125 0.4126038333333333 0.04812499999999997 0.09000000000000001
0 0.7019140625 0.34588575000000005 0.018125000000000058 0.024165999999999983
0 0.736953125 0.3971354166666667 0.03562500000000002 0.046667000000000014
0 0.79171875 0.35776008333333337 0.024374999999999925 0.03416699999999998
0 0.8644921875 0.56911425 0.08499999999999996 0.10333399999999997
0 0.86 0.36338508333333336 0.03125 0.06666700000000003
0 0.9603515625 0.3534899166666667 0.03500000000000003 0.029165999999999952
0 0.9753125 0.45223991666666663 0.04749999999999999 0.0925000000000001
