0 0.0971010625 0.15787203225806454 0.019046999999999994 0.03511
0 0.15542125 0.1497374809384164 0.008657999999999999 0.027308000000000016
0 0.3426873125 0.32052180938416425 0.12034600000000001 0.26397899999999996
0 0.5722644375 0.2944926480938416 0.062338000000000005 0.10273099999999998
0 0.5566199375 0.17427920527859236 0.015583999999999931 0.024707000000000014
0 0.5708946874999999 0.20825548093841642 0.006061000000000094 0.027307999999999995
0 0.7464920625 0.7951164428152494 0.049351000000000034 0.08192399999999998
0 0.7505999375 0.9194556158357771 0.046753000000000045 0.07282200000000025
0 0.8057888125 0.7970271348973607 0.042424999999999935 0.04421299999999988
0 0.8233269375 0.895385513196481 0.046753000000000045 0.061118000000000096
