0 0.13135022108345534 0.35671875 0.07410900000000001 0.05625000000000002
0 0.21536534992679357 0.5255468750000001 0.076923 0.05937500000000001
0 0.36346909224011714 0.225703125 0.07129499999999998 0.06812499999999999
0 0.3993004480234261 0.100703125 0.056285 0.03562499999999999
0 0.5115728345534407 0.528515625 0.06660399999999995 0.05249999999999999
0 0.5723203191800879 0.178359375 0.05440900000000005 0.044375000000000026
0 0.64324660761347 0.679375 0.082552 0.0631250000000001
0 0.7601658345534407 0.430234375 0.06472800000000009 0.044375
0 0.8336786076134701 0.454609375 0.08442799999999995 0.07500000000000001
0 0.8648631229868228 0.6359375 0.09474700000000007 0.07999999999999996
