0 0.0781254375 0.6041665833333334 0.06249999999999999 0.05078099999999989
0 0.2822265625 0.35546916666666667 0.034180000000000044 0.037760000000000016
0 0.34375 0.4895829166666667 0.063477 0.09114600000000002
0 0.39648475 0.5286458333333334 0.056640000000000024 0.057292000000000044
0 0.3964844375 0.3450524166666667 0.029296999999999962 0.044270999999999984
0 0.4248044375 0.35807325000000007 0.030274000000000023 0.04036399999999999
0 0.44921906250000004 0.31510408333333334 0.01953099999999991 0.035155999999999965
0 0.5117183125 0.2812501666666667 0.026368000000000003 0.037760000000000016
0 0.556640625 0.441406 0.05175799999999997 0.09375
0 0.5996093125 0.6770831666666668 0.08789099999999994 0.13151099999999993
0 0.5966801875 0.28776025 0.02343700000000004 0.040364999999999984
0 0.6152346875 0.3854163333333333 0.03906200000000004 0.04296900000000011
0 0.710938 0.43619775 0.06445299999999998 0.055989999999999984
0 0.9267574375000001 0.6002605 0.09277399999999991 0.14192700000000005
