0 0.1873046875 0.4834855975359343 0.007291999999999993 0.07002199999999996
0 0.2504560625 0.6005687022587269 0.017708 0.105033
0 0.36015625 0.4888048809034908 0.009374999999999967 0.04376400000000003
0 0.3940751875 0.346303657084189 0.021875000000000033 0.050327999999999894
0 0.47044237499999997 0.348357045174538 0.013542000000000054 0.054704999999999934
0 0.5682939375 0.3524638213552362 0.014584000000000041 0.06564599999999995
0 0.637890625 0.223631045174538 0.01979199999999992 0.05470399999999998
0 0.6672529375 0.4144068809034908 0.014583000000000013 0.04376399999999998
0 0.6817060625 0.3509498809034907 0.017708000000000057 0.04157499999999996
0 0.79661425 0.45763143326488703 0.008334000000000064 0.06126899999999997
0 0.857161125 0.4604934928131417 0.005209000000000019 0.039386999999999985
