0 0.0353515625 0.4728515625 0.065625 0.09687499999999999
0 0.1232421875 0.55 0.08437499999999999 0.09531199999999995
0 0.2326171875 0.498828125 0.08437500000000003 0.09843699999999994
0 0.295702625 0.4580073125 0.051563000000000025 0.08906300000000006
0 0.3328125 0.413671875 0.046875 0.059374999999999956
0 0.3599609375 0.399609875 0.04531199999999996 0.05937500000000001
0 0.4025390625 0.447265125 0.04999999999999999 0.06718800000000003
0 0.4544921875 0.39375 0.05312500000000003 0.0625
0 0.53046875 0.4296875 0.05468799999999996 0.07968800000000004
0 0.5779296875 0.399609375 0.03906200000000004 0.04375000000000001
0 0.6427734375 0.362109375 0.06093699999999991 0.07500000000000001
0 0.6970698125 0.3884760625 0.042188 0.04999999999999999
0 0.74375 0.435547375 0.06406299999999998 0.07499899999999998
0 0.79609375 0.37265625 0.05468799999999985 0.07031300000000001
0 0.8859375 0.40703075 0.078125 0.08593800000000001
0 0.9369145624999999 0.3703125 0.06562400000000013 0.07968700000000001
