0 0.056640625 0.43733433962264145 0.020000000000000004 0.03062099999999996
0 0.225859375 0.3952564339622641 0.044375 0.08380299999999997
0 0.254140625 0.28584333962264147 0.020000000000000018 0.03142700000000004
0 0.318359375 0.4496972955974843 0.04375000000000001 0.08622100000000003
0 0.394453125 0.3833261257861635 0.03562499999999996 0.07091100000000004
0 0.4076171875 0.28771075471698115 0.02250000000000002 0.023367999999999972
0 0.4434375 0.27849361635220127 0.015625 0.027396999999999942
0 0.4698046875 0.42839215723270446 0.03875000000000001 0.08944399999999993
0 0.539375 0.403668572327044 0.03187499999999999 0.08138599999999992
0 0.5994140625 0.4611359874213836 0.050000000000000044 0.07413300000000003
0 0.6140625 0.2854902012578616 0.016250000000000098 0.033038
0 0.66328125 0.4157555723270441 0.039999999999999925 0.08138599999999992
0 0.8090234375 0.5180528176100629 0.030624999999999902 0.058823000000000035
0 0.9677734375 0.461292679245283 0.030625000000000013 0.062047000000000053
