0 0.046171875 0.36515735294117646 0.028124999999999997 0.06308800000000002
0 0.07375000000000001 0.45243111764705884 0.031874999999999994 0.071564
0 0.1082421875 0.29106558823529405 0.02187499999999999 0.055556000000000064
0 0.138125 0.425229705882353 0.06375 0.12523600000000004
0 0.1939453125 0.34556341176470584 0.02562500000000001 0.04708100000000006
0 0.1971484375 0.2916580588235294 0.029375000000000012 0.03672300000000001
0 0.218828125 0.4749139411764706 0.03624999999999998 0.06497199999999996
0 0.317890625 0.339553294117647 0.02124999999999999 0.079096
0 0.5011328125000001 0.29447247058823534 0.04124999999999995 0.08286199999999999
0 0.512734375 0.44235876470588237 0.044375 0.11016999999999998
0 0.62359375 0.452072 0.05500000000000005 0.10169399999999994
0 0.6287109375 0.2761690588235294 0.04500000000000004 0.08662900000000005
0 0.7127734375 0.388136 0.09312500000000001 0.20244800000000002
0 0.6870703125 0.2463971764705882 0.026875000000000093 0.057439000000000025
0 0.7766015625 0.3097185294117647 0.03500000000000003 0.069679
0 0.8239453125 0.28830447058823533 0.02562500000000001 0.03295699999999993
0 0.84875 0.4271881764705882 0.03187499999999999 0.05649699999999999
0 0.8708984375 0.45596576470588235 0.030625000000000013 0.06026299999999999
0 0.89109375 0.3460281176470589 0.024375000000000036 0.07344700000000001
0 0.944296875 0.47020594117647063 0.028124999999999956 0.06591299999999987
0 0.9846484375 0.35027141176470594 0.02937500000000004 0.04802299999999997
0 0.9800390625 0.2805914117647059 0.018125000000000058 0.04802299999999997
