0 0.27359374999999997 0.14274307631160574 0.08687500000000001 0.037677999999999975
0 0.3609765625 0.8562487535771065 0.03437499999999999 0.0957229999999999
0 0.377109375 0.6574462511923689 0.013124999999999998 0.032585999999999934
0 0.4054296875 0.46935597774244825 0.03874999999999995 0.07535700000000004
0 0.4092578125 0.21874312559618442 0.010624999999999996 0.017312000000000015
0 0.418515625 0.6956960763116058 0.02124999999999999 0.037677999999999975
0 0.5365625 0.22172590143084264 0.016874999999999973 0.039715000000000035
0 0.5509765625 0.8505335023847376 0.03437499999999993 0.0641550000000001
0 0.6171875 0.6319882511923687 0.015625 0.03360500000000016
0 0.6592578125 0.8221659507154213 0.010624999999999996 0.020366999999999965
