0 0.005859375 0.6494120588235293 0.0125 0.03647000000000016
0 0.24511668749999999 0.5173528823529413 0.03828200000000004 0.07999999999999988
0 0.300390375 0.504705411764706 0.011719000000000035 0.047058999999999886
0 0.5712893124999999 0.15794117647058825 0.08906200000000009 0.15764699999999995
0 0.6505856875 0.601470705882353 0.03749999999999998 0.0741179999999999
0 0.6845700625000001 0.48147070588235297 0.019530999999999965 0.07529400000000003
0 0.75078075 0.4008819411764706 0.05468799999999996 0.11647100000000003
0 0.7718755 0.7626474117647059 0.04765599999999992 0.09999999999999992
0 0.9115239374999999 0.47441170588235293 0.04609300000000005 0.07529399999999994
0 0.9615231875 0.4099999999999999 0.05312499999999998 0.10000000000000005
