0 0.4598846998535871 0.4704033125 0.15375000000000003 0.120834
0 0.08784773060029283 0.61723925 0.17625 0.13416700000000004
0 0.07489019033674964 0.2541533125 0.051250000000000004 0.058334
0 0.22956625183016105 0.312161125 0.09875 0.09833400000000003
0 0.5030325768667643 0.263463875 0.06125000000000001 0.06
0 0.5332814787701318 0.4189453125 0.07999999999999997 0.088333
0 0.6111401903367497 0.150651375 0.05249999999999994 0.04333299999999998
0 0.7888488286969254 0.5562626875000001 0.15749999999999997 0.1325
0 0.7505325768667642 0.21395799999999998 0.05875000000000004 0.0325
0 0.7617478038067349 0.15536424999999998 0.042500000000000045 0.04000000000000001
0 0.8649945095168374 0.3823046875 0.10375000000000006 0.09999999999999998
