0 0.03806734992679356 0.73390625 0.077861 0.16437500000000005
0 0.07115480380673499 0.13546875 0.04315199999999999 0.056249999999999994
0 0.11281573645680819 0.301875 0.08536600000000001 0.06312499999999999
0 0.22230006149341142 0.268671875 0.048781000000000026 0.06
0 0.270966803806735 0.16703125 0.041276 0.040624999999999994
0 0.3566745768667643 0.195703125 0.06097599999999994 0.03562499999999999
0 0.42639119033674966 0.333515625 0.05159499999999995 0.05125000000000002
0 0.483448055636896 0.507421875 0.13977500000000007 0.12249999999999994
0 0.5401277057101026 0.1537890625 0.06378999999999994 0.049375
0 0.5686124787701318 0.422890625 0.0797370000000001 0.08249999999999996
0 0.552392803806735 0.271875 0.04315199999999995 0.06312500000000001
0 0.5978326749633968 0.1286328125 0.04033800000000002 0.04125000000000001
0 0.7552473191800879 0.1687109375 0.054408999999999964 0.04625000000000001
0 0.824253448023426 0.321484375 0.056285000000000085 0.043125000000000024
0 0.8300658038067351 0.330703125 0.04315199999999995 0.03562500000000002
