0 0.0276953125 0.5688024166666666 0.026250000000000002 0.04666600000000002
0 0.5035546875 0.563333 0.975625 0.12750000000000009
0 0.0349609375 0.53421875 0.014375000000000002 0.02416700000000005
0 0.0448828125 0.5137496666666667 0.011249999999999996 0.022499999999999964
0 0.073046875 0.7626559166666667 0.028124999999999997 0.030834000000000028
0 0.1063671875 0.55036425 0.023124999999999993 0.040000000000000036
0 0.12796875000000002 0.5555725833333334 0.024374999999999994 0.051666999999999984
0 0.1544140625 0.5318229166666666 0.018125000000000002 0.029167000000000092
0 0.1881640625 0.5384899166666667 0.019375000000000003 0.03083299999999996
0 0.1934375 0.5769270833333334 0.016875 0.03499999999999992
0 0.2015234375 0.78786425 0.03 0.03999999999999989
0 0.2043359375 0.5207815833333332 0.014374999999999999 0.02083300000000003
0 0.209609375 0.5504166666666667 0.011875000000000024 0.0233329999999999
0 0.231796875 0.6972395833333334 0.028124999999999983 0.04999999999999997
0 0.2514453125 0.5704684166666666 0.025625000000000037 0.045000000000000075
0 0.2807421875 0.5507291666666666 0.023125000000000007 0.038333000000000096
0 0.3315625 0.5282815833333334 0.01687500000000003 0.01833299999999986
0 0.3317578125 0.55338575 0.009999999999999953 0.024165999999999983
0 0.35609375 0.5721354166666667 0.023749999999999993 0.046667000000000014
0 0.3630859375 0.5159899166666667 0.014374999999999971 0.03083299999999996
0 0.373984375 0.5619270833333334 0.012500000000000011 0.03416699999999991
0 0.3863671875 0.53703125 0.021875000000000033 0.04083300000000004
0 0.4065625 0.5462496666666666 0.01687500000000003 0.022499999999999964
0 0.5155859375 0.5121878333333334 0.014374999999999916 0.02749999999999993
0 0.5239453125 0.6109899166666667 0.026249999999999996 0.029999999999999954
0 0.5338671875 0.5560940833333333 0.023125000000000062 0.035833000000000004
0 0.5540625 0.56505175 0.016874999999999973 0.025833999999999985
0 0.5603125 0.52171875 0.015625 0.02416700000000005
0 0.5796875 0.5309899166666666 0.016874999999999973 0.030833000000000037
0 0.594609375 0.6661458333333333 0.04437500000000005 0.059167000000000046
0 0.5975390625 0.51421875 0.018125000000000058 0.02416700000000005
0 0.6056640625 0.5387496666666666 0.018124999999999947 0.02083400000000002
0 0.62234375 0.5633333333333334 0.02375000000000005 0.041667000000000044
0 0.6262890625 0.520625 0.01937499999999992 0.0324999999999999
0 0.643125 0.592083 0.03125 0.06333400000000007
0 0.7525390625 0.5541663333333333 0.01937500000000003 0.041666999999999975
0 0.77875 0.58875 0.03249999999999997 0.06333300000000001
0 0.7850390625 0.51588575 0.01937500000000003 0.02416599999999991
0 0.8262890625 0.57203125 0.018124999999999947 0.03916700000000003
0 0.854453125 0.6068746666666667 0.036250000000000004 0.05333399999999999
0 0.860859375 0.5298434166666667 0.013125000000000053 0.014999999999999902
0 0.942421875 0.5775003333333334 0.028125000000000067 0.04333299999999992
0 0.977109375 0.90375 0.04375000000000007 0.189167
0 0.9832421875 0.55338575 0.021874999999999978 0.024165999999999983
