0 0.005859375 0.46493137758112096 0.013125 0.065156
0 0.062890625 0.6740704277286136 0.08249999999999999 0.18413599999999988
0 0.235 0.4762633775811209 0.033125000000000016 0.06610000000000003
0 0.370234375 0.5101405250737463 0.04375000000000001 0.05948999999999994
0 0.3909375 0.657854418879056 0.01687500000000003 0.10481599999999991
0 0.447734375 0.7621231327433627 0.07499999999999996 0.19546799999999995
0 0.488359375 0.5682099351032447 0.07437500000000002 0.0840420000000001
0 0.527890625 0.5179292300884956 0.0525000000000001 0.073654
0 0.6361328125 0.5534524926253688 0.041874999999999996 0.10292699999999995
0 0.6849609375 0.5278396401179941 0.04625000000000001 0.09442900000000004
0 0.890390625 0.6713634601769911 0.05249999999999999 0.14353099999999996
0 0.892890625 0.5084237138643067 0.05249999999999999 0.09159499999999998
0 0.9349609375 0.5109676725663715 0.015000000000000013 0.055713000000000006
