0 0.0537890625 0.38750960175695465 0.081875 0.17354600000000003
0 0.14152343750000002 0.31095431332357243 0.061249999999999985 0.14446499999999998
0 0.3065234375 0.15589763836017573 0.06187500000000001 0.10600399999999996
0 0.3684375 0.704837055636896 0.11000000000000004 0.1397740000000001
0 0.494609375 0.5261180863836017 0.07499999999999996 0.16135100000000002
0 0.5691015625 0.3381151537335286 0.06625000000000003 0.11819899999999992
0 0.6620703125 0.0527086383601757 0.026874999999999982 0.10694200000000001
0 0.778828125 0.2632956691068814 0.0675 0.131332
0 0.86125 0.427067019033675 0.09500000000000008 0.20544099999999987
0 0.91625 0.16692712298682283 0.06312499999999999 0.09474699999999998
