0 0.078125125 0.4117644705882353 0.036133 0.035293999999999964
0 0.188476125 0.7852939999999999 0.067383 0.20147099999999996
0 0.28222643750000004 0.5147063529411765 0.06054699999999996 0.11323499999999999
0 0.43066393750000004 0.5132348235294117 0.04492199999999996 0.09411799999999995
0 0.635741875 0.5323528235294117 0.05957099999999993 0.095588
0 0.683593625 0.3999997647058824 0.02148400000000006 0.060293999999999966
0 0.7724604375 0.4014704117647058 0.030273999999999912 0.04853000000000002
0 0.8535154375 0.6764702352941176 0.09277399999999991 0.19264700000000007
0 0.8408203750000001 0.5294113529411765 0.04296899999999981 0.06323599999999989
0 0.8955080625 0.30735276470588235 0.019530999999999965 0.06029400000000001
0 0.9521486875 0.5161768823529411 0.03906199999999993 0.08088200000000005
