0 0.2291796875 0.3226565833333333 0.037500000000000006 0.11333300000000006
0 0.2331640625 0.6049479166666666 0.019375000000000003 0.06000000000000005
0 0.339453125 0.6544788333333332 0.036250000000000004 0.059167000000000115
0 0.3837890625 0.5744270833333333 0.019374999999999976 0.03583300000000008
0 0.4430078125 0.6799996666666667 0.04250000000000004 0.08416699999999995
0 0.44046875 0.545625 0.023749999999999993 0.03249999999999997
0 0.4533203125 0.5716663333333334 0.026875000000000038 0.04249999999999998
0 0.463515625 0.6251559166666666 0.020625000000000004 0.029167000000000016
0 0.504609375 0.5749475833333334 0.013124999999999942 0.019166999999999934
0 0.5233203125 0.57703125 0.02562500000000001 0.0391670000000001
0 0.559375 0.6097395833333333 0.03125 0.050000000000000044
0 0.5571875 0.5407291666666666 0.016250000000000098 0.036667000000000005
0 0.5718359375 0.6548955 0.04625000000000001 0.07916699999999999
0 0.59796875 0.57036425 0.02499999999999991 0.04083399999999996
0 0.6175390625 0.5357291666666666 0.01937500000000003 0.036667000000000005
0 0.6741015625 0.6328128333333334 0.03500000000000003 0.05833299999999989
0 0.6694921875 0.5744270833333333 0.02187500000000009 0.03583300000000008
0 0.6906640625 0.5526559166666666 0.01937500000000003 0.030834000000000028
0 0.7269140625 0.558958 0.018124999999999947 0.03333400000000012
0 0.7596875 0.69130175 0.046875 0.08833399999999998
0 0.8097265625 0.6377604166666666 0.03500000000000003 0.07583300000000011
0 0.8420703125 0.5790621666666667 0.02562500000000001 0.03750000000000001
0 0.93125 0.6300003333333334 0.03125 0.04249999999999998
0 0.9275390625 0.5745836666666667 0.018125000000000058 0.022500000000000037
0 0.9558203125 0.71328125 0.05812499999999998 0.1016670000000001
0 0.9512109375 0.6316145833333334 0.014375000000000027 0.019166999999999934
0 0.9942578125 0.5658333333333334 0.010000000000000009 0.041666999999999975
