0 0.2602734375 0.5199340825958702 0.06062500000000001 0.07932100000000004
0 0.2864453125 0.6456962713864306 0.05812499999999998 0.11048100000000008
0 0.33046875 0.4042554926253687 0.05500000000000005 0.10103799999999999
0 0.4118359375 0.34234556637168145 0.04562499999999997 0.10009500000000003
0 0.431171875 0.5129653451327435 0.058750000000000024 0.10859299999999993
0 0.47796875 0.38377771386430676 0.05499999999999999 0.09348399999999998
0 0.51125 0.6290498289085545 0.06312499999999999 0.12747899999999984
0 0.575234375 0.31555500884955756 0.04375000000000007 0.08120899999999998
0 0.586953125 0.419894418879056 0.03562500000000002 0.10481600000000003
0 0.66296875 0.31844234513274333 0.05500000000000005 0.10859300000000001
0 0.680859375 0.49585149262536876 0.07437499999999997 0.10103800000000007
0 0.73328125 0.6498238289085546 0.07125000000000004 0.12842299999999995
0 0.758984375 0.37031482890855455 0.07562499999999994 0.12936799999999998
0 0.823984375 0.5145571238938054 0.07437499999999997 0.11614699999999997
