0 0.02734375 0.28655095601173025 0.055 0.13789899999999994
0 0.1072265625 0.35291044281524925 0.03375 0.08067500000000005
0 0.20265625 0.36845612903225805 0.03937499999999999 0.13039399999999995
0 0.2384375 0.3882662697947214 0.04874999999999999 0.08817999999999994
0 0.300703125 0.40896675073313793 0.06812499999999999 0.117261
0 0.3103515625 0.3429460967741936 0.06624999999999998 0.09756099999999998
0 0.37703125 0.3479282697947214 0.04062500000000002 0.08817999999999998
0 0.429375 0.3791297829912023 0.06437500000000002 0.14821800000000002
0 0.5527734375 0.38856585337243393 0.06187500000000001 0.12851800000000002
0 0.6241796875 0.4181032375366569 0.03875000000000006 0.05816099999999998
0 0.657890625 0.3808714105571848 0.020625000000000004 0.0487799999999999
0 0.6966796875 0.37350178299120235 0.07000000000000006 0.148217
0 0.783515625 0.4067827565982405 0.05249999999999999 0.03095700000000004
0 0.837265625 0.3798783401759531 0.020625000000000004 0.06941800000000004
0 0.9152734375 0.45745557771261003 0.06062500000000004 0.12570399999999998
0 0.960859375 0.5150342316715542 0.07437500000000008 0.14165100000000005
0 0.9571875 0.3948873401759531 0.04875000000000007 0.06754199999999998
