0 0.1565625 0.29 0.08000000000000002 0.12749999999999997
0 0.33484375 0.15505208333333334 0.05562499999999998 0.06583300000000002
0 0.3562109375 0.29223925 0.07624999999999998 0.13333399999999998
0 0.731328125 0.22291666666666665 0.4425 0.14666700000000002
0 0.5526953125 0.6828642500000001 0.026874999999999982 0.04000000000000011
0 0.6027734375 0.3134375 0.02937500000000004 0.048333000000000036
0 0.63671875 0.7027600833333333 0.025000000000000022 0.034999999999999996
0 0.69796875 0.6817705 0.024374999999999925 0.0483340000000001
0 0.7732421875 0.68119825 0.02187500000000009 0.04166600000000006
0 0.8273046875 0.6950003333333333 0.03749999999999998 0.04249999999999998
0 0.863515625 0.05526008333333333 0.020625000000000004 0.034166999999999996
0 0.9096484375 0.6914065833333334 0.030000000000000027 0.05166599999999999
