0 0.0998046875 0.3391408823529412 0.03749999999999999 0.08097899999999995
0 0.244609375 0.31307211764705883 0.04374999999999998 0.07156299999999999
0 0.3340625 0.721893 0.07937500000000003 0.15065900000000002
0 0.39421875 0.3313755294117647 0.05499999999999999 0.06779600000000005
0 0.661171875 0.6365012352941176 0.05875000000000008 0.1440680000000001
0 0.6705078125 0.28223147058823533 0.04249999999999998 0.08286199999999999
0 0.81015625 0.29040923529411766 0.039999999999999925 0.09321999999999996
0 0.844453125 0.030882352941176472 0.03562500000000002 0.06402999999999999
0 0.8830078125 0.5587712352941177 0.04249999999999998 0.09322000000000004
0 0.9055859375 0.1551124705882353 0.04499999999999993 0.08286200000000002
0 0.98734375 0.28228376470588235 0.02375000000000005 0.11016899999999999
