0 0.023242437499999997 0.11197916666666667 0.029687000000000005 0.06979200000000002
0 0.1068364375 0.10078091666666666 0.02968699999999999 0.061459000000000014
0 0.1685546875 0.8703121666666668 0.13125 0.2562499999999999
0 0.19609400000000002 0.11458366666666665 0.03281199999999998 0.05416600000000001
0 0.2423830625 0.5182291666666666 0.11250000000000002 0.19479199999999994
0 0.2904294375 0.22656216666666665 0.06093799999999999 0.06979200000000003
0 0.28750025 0.326042 0.03984399999999999 0.09375
0 0.5619140625 0.3533854166666666 0.017969000000000013 0.07708300000000001
0 0.6796875 0.4109375 0.07968699999999995 0.141667
0 0.794921375 0.46562466666666663 0.07421899999999992 0.1468750000000001
0 0.8548830625 0.554167 0.050000000000000044 0.12604100000000007
0 0.9423830625 0.8286458333333334 0.11250000000000004 0.33958299999999997
0 0.9169926875 0.34531283333333335 0.03906200000000004 0.09062499999999996
0 0.9183591249999999 0.1572916666666667 0.03671900000000006 0.054167
0 0.9501955625 0.3317708333333333 0.0335939999999999 0.090625
0 0.9808591249999999 0.33177049999999997 0.035938000000000137 0.11145900000000004
