0 0.016105417276720352 0.6865234375 0.034709 0.06187500000000001
0 0.22693997071742314 0.5008984375000001 0.454972 0.435625
0 0.04470444802342606 0.53578125 0.056285 0.03937500000000005
0 0.16136822108345536 0.633046875 0.07410899999999997 0.059374999999999956
0 0.21209531918008787 0.5632421875 0.054408999999999964 0.05312499999999998
0 0.25611522108345536 0.5751953125 0.07410900000000004 0.05812499999999998
0 0.2618574787701318 0.6529296875 0.08161399999999994 0.06874999999999998
0 0.3185111903367497 0.408515625 0.05159499999999995 0.05125000000000002
0 0.3185111903367497 0.52875 0.05159499999999995 0.03249999999999997
0 0.3435415768667643 0.610546875 0.05909899999999993 0.05999999999999994
0 0.41765057686676427 0.5298046875 0.05909900000000001 0.03749999999999998
0 0.5254604787701317 0.1498828125 0.08161300000000005 0.04250000000000001
0 0.7078171903367497 0.2040625 0.05159499999999995 0.04749999999999999
0 0.8909275461200585 0.2229296875 0.03564799999999998 0.037500000000000006
