0 0.0078125 0.51994825 0.0175 0.039198999999999984
0 0.059296875 0.496859 0.027499999999999997 0.032526999999999896
0 0.0714453125 0.5567474166666666 0.02687500000000001 0.04503800000000006
0 0.0987890625 0.5097359166666666 0.019375000000000003 0.03085900000000012
0 0.1453125 0.49462075 0.016875 0.02585499999999996
0 0.16484375 0.5482030833333332 0.02437499999999998 0.035863000000000124
0 0.19703125 0.5876491666666667 0.04000000000000001 0.06838999999999995
0 0.2026171875 0.51380375 0.023125000000000007 0.024187000000000108
0 0.24359375 0.5351645833333333 0.02437499999999998 0.050042000000000066
0 0.2718359375 0.48164266666666666 0.014374999999999971 0.022518999999999956
0 0.2987890625 0.4972249166666667 0.018125000000000002 0.029190999999999967
0 0.3231640625 0.5061361666666667 0.018125000000000002 0.03836500000000006
0 0.3549609375 0.4949866666666667 0.013749999999999984 0.022518999999999956
0 0.4130859375 0.4763749166666667 0.013749999999999984 0.029190999999999967
0 0.422421875 0.5580495 0.02812500000000001 0.04837400000000006
0 0.4637890625 0.48064708333333334 0.018125000000000002 0.03502899999999998
0 0.48234375 0.5404333333333332 0.02437499999999998 0.04420299999999999
0 0.5162109375 0.4734048333333334 0.013749999999999929 0.027522999999999964
0 0.5340625 0.506868 0.016249999999999987 0.0333609999999999
0 0.59296875 0.4810130000000001 0.02499999999999991 0.0333609999999999
0 0.6495703125 0.5336581666666667 0.02562500000000001 0.038366000000000046
0 0.7014453125 0.5388665 0.02562500000000001 0.04837399999999992
0 0.766953125 0.5347986666666666 0.036250000000000004 0.05337800000000007
0 0.7807421875 0.4762123333333333 0.02312499999999995 0.04170200000000005
0 0.8115625 0.5052 0.016249999999999987 0.0333609999999999
0 0.8396875 0.5197439166666666 0.016874999999999973 0.029190999999999967
0 0.909921875 0.5255225 0.02749999999999997 0.04837400000000006
0 0.9450390625 0.5016596666666667 0.018124999999999947 0.02251799999999989
0 0.9942578125 0.49148908333333335 0.010000000000000009 0.03586299999999998
