0 0.0375 0.4371143440702781 0.0625 0.16885500000000006
0 0.191484375 0.30855218448023425 0.04374999999999998 0.140713
0 0.26875 0.2745095095168375 0.03250000000000003 0.10506499999999998
0 0.349140625 0.36035747877013175 0.02124999999999999 0.08067500000000002
0 0.4090234375 0.35555222108345536 0.030625000000000013 0.075047
0 0.51484375 0.40282493265007324 0.024374999999999925 0.04408999999999993
0 0.577109375 0.3975559267935579 0.07437499999999997 0.136961
0 0.635625 0.38065270571010246 0.03187499999999999 0.06379000000000003
0 0.7238671875 0.4092776749633968 0.02312499999999995 0.040337999999999936
0 0.7691796875 0.3242275095168375 0.038124999999999964 0.10412800000000005
0 0.7989453125 0.3081220922401171 0.02562500000000001 0.07317100000000006
0 0.82796875 0.3803022152269399 0.05625000000000002 0.16510399999999995
