0 0.0234375 0.3141666666666667 0.048125 0.08499999999999996
0 0.11140625 0.36145866666666665 0.039999999999999994 0.11499999999999999
0 0.147109375 0.6428128333333333 0.075 0.18249999999999997
0 0.1398828125 0.26552116666666664 0.042499999999999996 0.06916600000000002
0 0.20375 0.3322399166666667 0.06312500000000001 0.09166599999999996
0 0.39484375 0.4702086666666667 0.08625 0.17916599999999994
0 0.4431640625 0.2900520833333333 0.049375 0.06666699999999999
0 0.5684765625 0.3906253333333334 0.03374999999999995 0.07333299999999994
0 0.6582421875 0.3831770833333334 0.05312500000000009 0.09833299999999993
0 0.6904296875 0.3183336666666667 0.03874999999999995 0.08416600000000003
0 0.7983203125 0.32328125 0.05812499999999998 0.1033329999999999
0 0.8721875 0.2900520833333333 0.04812499999999997 0.06666699999999999
0 0.8966015625 0.36812466666666666 0.06499999999999995 0.11500000000000006
