0 0.1083984375 0.5310443191800878 0.029375 0.053471000000000074
0 0.1141015625 0.49839567496339676 0.03375 0.03846199999999999
0 0.1784765625 0.5048925768667643 0.03437500000000002 0.06003699999999999
0 0.2046484375 0.547745963396779 0.029374999999999984 0.06941899999999994
0 0.23875 0.5201300922401171 0.031875000000000014 0.07129400000000001
0 0.2464453125 0.45993467496339685 0.02562500000000001 0.03846099999999993
0 0.3083984375 0.5568994480234261 0.029374999999999984 0.05816100000000004
0 0.3277734375 0.4888313191800879 0.030625000000000013 0.05347000000000002
0 0.3658984375 0.49235480380673496 0.030625000000000013 0.04221400000000006
0 0.3760546875 0.5490968345534406 0.03750000000000003 0.06472700000000012
0 0.456875 0.5166757057101025 0.033125000000000016 0.06378999999999994
0 0.5522265625 0.5382517057101024 0.03374999999999995 0.06285100000000017
0 0.5776171875 0.47153344802342606 0.02312499999999995 0.05722299999999998
0 0.6228515625 0.4913467057101025 0.03500000000000003 0.061914
0 0.6875 0.44538070571010246 0.03187499999999999 0.061914
0 0.7233984375 0.5143868345534407 0.030625000000000013 0.06566600000000007
0 0.7541796875 0.45956596339677885 0.03749999999999998 0.0694190000000001
0 0.813359375 0.4780293499267935 0.043749999999999956 0.07880000000000001
0 0.8929296875 0.49157522108345536 0.038124999999999964 0.07504699999999988
