0 0.0450390625 0.49922747058823524 0.018125000000000002 0.032957000000000056
0 0.1165625 0.8939233529411765 0.046875000000000014 0.11393600000000005
0 0.0985546875 0.5493658235294118 0.007499999999999993 0.04425600000000003
0 0.1602734375 0.5831370588235294 0.030624999999999986 0.08757000000000015
0 0.3480859375 0.4820451176470588 0.014375000000000027 0.020716000000000012
0 0.3776171875 0.49169447058823534 0.023125000000000007 0.034839999999999885
0 0.4082421875 0.44755464705882353 0.021874999999999978 0.04049000000000003
0 0.44421875 0.5065804117647058 0.02437499999999998 0.049906000000000006
0 0.5131640625 0.47609988235294115 0.018749999999999933 0.031073000000000076
0 0.55296875 0.6400464705882353 0.055625000000000036 0.08474599999999997
0 0.5796875 0.5134676470588235 0.016874999999999973 0.038606999999999954
0 0.664609375 0.8211532352941175 0.10625000000000007 0.24387900000000007
0 0.640859375 0.573075294117647 0.043749999999999956 0.07909599999999992
0 0.6738671875 0.4868064117647059 0.023125000000000062 0.04896399999999993
0 0.7050390625 0.5138810588235294 0.01937499999999992 0.03672299999999997
0 0.803671875 0.4946356470588236 0.028124999999999956 0.04048999999999995
0 0.8376171875 0.5063480588235294 0.02312499999999995 0.03672299999999997
0 0.8731640625 0.4858121176470589 0.018750000000000044 0.022598999999999925
0 0.9198828125 0.8637807647058823 0.10499999999999998 0.16007500000000016
0 0.8826171875 0.520768294117647 0.02187500000000009 0.027306999999999998
0 0.8913671875 0.5604324705882354 0.021874999999999978 0.03483999999999997
0 0.935703125 0.6284618235294117 0.03562500000000002 0.046138999999999944
0 0.975390625 0.5309462352941177 0.02124999999999999 0.04237300000000011
0 0.9876171875 0.5953247647058824 0.022499999999999964 0.06026400000000014
