0 0.0087890625 0.635496820058997 0.01875 0.050047000000000105
0 0.0740625 0.580081041297935 0.015625 0.038715000000000055
0 0.1384375 0.5948384837758112 0.017500000000000016 0.020774000000000063
0 0.195234375 0.5682816312684366 0.013125000000000026 0.016052000000000025
0 0.2458203125 0.6443463775811209 0.02562499999999998 0.06515600000000009
0 0.297734375 0.5651514100294985 0.013124999999999998 0.023606999999999972
0 0.4655078125 0.6343099351032448 0.04125000000000001 0.08309799999999999
0 0.4673828125 0.5655654837758112 0.009999999999999953 0.021718000000000008
0 0.5218359375 0.5527585575221239 0.015000000000000013 0.018886000000000007
0 0.54859375 0.6160808938053097 0.024375000000000036 0.04438100000000004
0 0.563984375 0.5868704100294986 0.013125000000000053 0.024551
0 0.630078125 0.6897892300884955 0.03562499999999991 0.07176600000000002
0 0.6362890625 0.580081041297935 0.018125000000000058 0.038715000000000055
0 0.6865625 0.5969611887905604 0.016875000000000084 0.03493800000000003
0 0.7587109375 0.5733531887905604 0.014375000000000027 0.03305000000000006
0 0.8253125 0.7001137138643067 0.04749999999999999 0.09254000000000008
0 0.83921875 0.5860432625368731 0.024375000000000036 0.03210500000000004
