0 0.250703125 0.3801188594436311 0.09874999999999998 0.18011199999999994
0 0.49 0.38781593265007325 0.03312499999999996 0.04596599999999996
0 0.7786328125 0.45583990190336743 0.009999999999999898 0.020638000000000083
0 0.7798046875 0.4565503865300146 0.007500000000000062 0.00938000000000001
0 0.8005078125 0.4581277730600293 0.011249999999999982 0.018761999999999963
0 0.8004296875 0.45801451537335286 0.007500000000000062 0.01313299999999997
0 0.8298828125 0.44657315959004396 0.010000000000000009 0.027204
0 0.8305078125 0.44716938653001465 0.009999999999999898 0.011256999999999934
0 0.856484375 0.45208790190336756 0.012500000000000067 0.02251399999999995
0 0.85765625 0.45384964421669105 0.008750000000000036 0.015009000000000005
0 0.887109375 0.4497990307467057 0.013125000000000053 0.02439100000000004
0 0.88703125 0.4505095153733528 0.008749999999999925 0.01313299999999997
0 0.921484375 0.45208790190336756 0.011874999999999969 0.020638
0 0.9768359375 0.4497990307467057 0.01375000000000004 0.02439100000000004
