0 0.0766015625 0.47965122627737233 0.034375 0.057890000000000004
0 0.073515625 0.42140610218978103 0.020625000000000004 0.03828200000000006
0 0.08578125 0.40914939416058393 0.008749999999999994 0.034546999999999994
0 0.0994140625 0.39526210218978103 0.019375000000000003 0.04014899999999994
0 0.5109375 0.211322102189781 0.016874999999999973 0.04014899999999998
0 0.5580859375 0.472760102189781 0.014375000000000027 0.03828100000000001
0 0.6259765625 0.6100817883211678 0.034375000000000044 0.06442500000000008
0 0.6365625 0.3394098321167883 0.016874999999999973 0.024276000000000013
0 0.6449609375 0.20215483211678834 0.013749999999999929 0.02427700000000002
0 0.6693359375 0.34378939416058396 0.01375000000000004 0.03361399999999999
0 0.6964453125 0.7143006642335766 0.02562500000000001 0.04761899999999999
0 0.71890625 0.9541596204379562 0.07187500000000002 0.0887020000000001
0 0.7012109375 0.3628715401459854 0.015000000000000013 0.03081200000000001
0 0.7450390625 0.369118102189781 0.018125000000000058 0.03828200000000002
0 0.7644140625 0.38580639416058393 0.01937500000000003 0.03454699999999995
0 0.7965625 0.6499933722627736 0.016875000000000084 0.055089000000000034
0 0.8512890625 0.4132395182481752 0.01937499999999992 0.05135399999999997
0 0.939296875 0.4385682262773723 0.028749999999999942 0.056021999999999905
