0 0.041015625 0.46744825000000007 0.083008 0.1666659999999999
0 0.099609375 0.8828123333333334 0.199219 0.2304689999999998
0 0.0380855625 0.2630211666666667 0.033204 0.039061999999999965
0 0.0390625 0.16145808333333334 0.016602 0.035156999999999994
0 0.0703125 0.126302 0.015625 0.03125
0 0.0800783125 0.1874995833333333 0.026367 0.049480000000000045
0 0.142578125 0.26171833333333333 0.037109 0.07291700000000005
0 0.1513675 0.13541708333333335 0.01757800000000001 0.035155999999999986
0 0.2187499375 0.20182274999999997 0.013672000000000017 0.02343800000000003
0 0.617187375 0.3580731666666666 0.762695 0.31901000000000007
0 0.246093375 0.23958366666666667 0.011719000000000035 0.02343699999999997
0 0.295898875 0.4726564166666667 0.06054599999999999 0.10807299999999993
0 0.29980437499999996 0.270833 0.011719000000000035 0.033854000000000016
0 0.3505861875 0.3333335 0.022461000000000064 0.046875
0 0.4013671875 0.5624995833333334 0.022460999999999953 0.08203200000000004
0 0.41699231249999996 0.4231768333333334 0.026367000000000085 0.05859399999999996
0 0.4638671875 0.38932325000000007 0.023436999999999986 0.041665999999999905
0 0.504882875 0.4661461666666667 0.028320000000000123 0.03906199999999993
0 0.53417925 0.3372391666666667 0.007812999999999959 0.03776100000000001
0 0.5468753125 0.4726565833333334 0.02636700000000003 0.05078099999999989
0 0.57421875 0.5716145833333334 0.02343799999999996 0.11328100000000003
0 0.6328124375 0.50260375 0.030273999999999912 0.055989999999999984
0 0.6308595 0.4153643333333334 0.017577999999999983 0.0416669999999999
0 0.700194875 0.6249996666666666 0.02832099999999993 0.084636
0 0.7509765 0.440104 0.017577999999999983 0.03125
0 0.783203 0.6588545833333334 0.03125 0.0820309999999999
0 0.8193360625 0.4700520833333333 0.019531000000000076 0.03515600000000004
0 0.8759770625 0.5091141666666666 0.01855400000000007 0.03645899999999994
0 0.9160159374999999 0.5104170833333334 0.013672000000000128 0.035155999999999965
0 0.9404295 0.5208329166666666 0.015625 0.029947999999999936
