0 0.178125 0.9532256204379561 0.09562499999999999 0.08963600000000019
0 0.2923828125 0.7831582481751824 0.04125000000000001 0.03641400000000013
0 0.4018359375 0.4361900364963504 0.044999999999999984 0.10177399999999993
0 0.5249609375 0.3594406423357664 0.01375000000000004 0.06909399999999999
0 0.6126953125 0.5339916204379562 0.05687500000000001 0.08776899999999989
0 0.655625 0.6680374744525547 0.06374999999999997 0.09150400000000004
0 0.6440234375 0.020437956204379562 0.030625000000000013 0.042017
0 0.6932421875 0.1313938905109489 0.053749999999999964 0.10364100000000004
0 0.786484375 0.40471781021897807 0.012499999999999956 0.043884000000000006
0 0.9298046875 0.7726801605839417 0.06937499999999996 0.11857999999999994
