0 0.00390625 0.5416145833333333 0.009375 0.019167000000000007
0 0.022734375 0.27088575 0.013124999999999998 0.025832999999999995
0 0.05328125 0.7522913333333333 0.039999999999999994 0.0741670000000001
0 0.0596875 0.53755175 0.016875000000000008 0.02416700000000005
0 0.1334375 0.51338575 0.016875 0.024165999999999983
0 0.140234375 0.3012496666666667 0.011874999999999997 0.022499999999999964
0 0.1748046875 0.25124966666666665 0.007500000000000007 0.022499999999999964
0 0.2124609375 0.50588575 0.014374999999999999 0.024165999999999983
0 0.2489453125 0.7472395833333333 0.026250000000000023 0.04999999999999997
0 0.3193359375 0.2616145833333334 0.014375000000000027 0.019166999999999972
0 0.3512890625 0.5071878333333334 0.018124999999999947 0.027500000000000007
0 0.4115234375 0.7853649166666666 0.06187500000000001 0.12416599999999993
0 0.5198828125 0.4011455 0.011249999999999982 0.017499999999999998
0 0.5412890625 0.7601038333333333 0.050000000000000044 0.09000000000000015
0 0.560234375 0.5713541666666666 0.04375000000000007 0.06916700000000005
0 0.5542578125 0.2724475833333333 0.011250000000000093 0.020000000000000018
0 0.65359375 0.7302086666666666 0.02375000000000005 0.053333
0 0.6865234375 0.7379684166666666 0.02937500000000004 0.04666699999999994
0 0.7305859375 0.6048440833333334 0.04500000000000004 0.09666599999999992
0 0.7318359375 0.2443229166666667 0.01375000000000004 0.02916699999999998
0 0.8569921875 0.8149475833333334 0.05437500000000006 0.14333399999999985
0 0.9346484375 0.6174479166666668 0.06187500000000001 0.06166699999999999
0 0.9559375 0.23411458333333335 0.015625 0.019166999999999972
0 0.9894140625 0.7415107500000001 0.018750000000000044 0.055000000000000014
