0 0.1780078125 0.27083050996015934 0.04250000000000001 0.065685
0 0.2085810625 0.4341065312084993 0.04916599999999999 0.06681800000000003
0 0.30036425 0.2727044674634794 0.03916700000000001 0.058890000000000026
0 0.3616279375 0.4246554887118194 0.044999999999999984 0.06342000000000003
0 0.44369825 0.26079340371845955 0.04083300000000001 0.05096199999999998
0 0.466223625 0.6319847436918992 0.05166700000000002 0.0951299999999999
0 0.4966015625 0.41446248871181934 0.03500000000000003 0.06228800000000011
0 0.5916279375 0.6315535737051793 0.046665999999999985 0.07248000000000003
0 0.5949345625 0.23931653120849933 0.03500000000000003 0.06795
0 0.626484375 0.4152445737051793 0.043333000000000066 0.073613
0 0.713958 0.2666915524568393 0.03249999999999997 0.07021500000000003
0 0.7857939375 0.4046615312084993 0.04499999999999993 0.06794999999999995
0 0.8321748125 0.25345246746347944 0.04166599999999998 0.058890000000000026
