0 0.04375 0.24133442274052475 0.033125 0.07282900000000007
0 0.0917578125 0.33745888921282796 0.04125000000000001 0.04575200000000001
0 0.25992187499999997 0.23469373469387753 0.05875 0.18394
0 0.3002734375 0.22452742274052478 0.030624999999999958 0.07002900000000001
0 0.31625 0.15684361516034984 0.03250000000000003 0.04761900000000002
0 0.3515234375 0.25989397084548105 0.030625000000000013 0.06442600000000004
0 0.388515625 0.2021853411078717 0.020625000000000004 0.052288
0 0.4552734375 0.19471634110787173 0.030625000000000013 0.05135399999999997
0 0.4761328125 0.321042778425656 0.04249999999999998 0.08963599999999992
0 0.481875 0.222612889212828 0.033125000000000016 0.045751999999999966
0 0.5668359375 0.37554113411078716 0.0462499999999999 0.10737600000000003
0 0.6540234375 0.5994497638483965 0.030625000000000013 0.12044799999999997
0 0.6780859375 0.5299261049562682 0.04625000000000001 0.17086899999999994
0 0.6909375 0.372396778425656 0.04749999999999999 0.08870199999999999
0 0.69203125 0.16121679300291544 0.03937500000000005 0.05602200000000001
0 0.81625 0.08820642274052479 0.03312499999999996 0.07282899999999999
0 0.8392578125 0.3347054227405247 0.041874999999999996 0.07096200000000005
0 0.9071875 0.396129667638484 0.04874999999999996 0.13258699999999995
