0 0.06119825 0.4023046875 0.039166000000000006 0.03750000000000003
0 0.10317741666666665 0.391640625 0.01333300000000002 0.020625000000000004
0 0.29901041666666667 0.4084375 0.013332999999999965 0.015625
0 0.35161458333333334 0.4194140625 0.02083300000000003 0.01874999999999999
0 0.36197950000000007 0.3978125 0.017499999999999998 0.016874999999999973
0 0.38984375 0.56171875 0.05666700000000002 0.05624999999999991
0 0.48838575 0.415390625 0.024999999999999984 0.019999999999999962
0 0.5438538333333334 0.54125 0.02749999999999993 0.03249999999999997
0 0.5491145833333334 0.4540625 0.018332999999999933 0.015625
0 0.5870836666666667 0.453046875 0.022499999999999964 0.02749999999999997
0 0.6113541666666666 0.57234375 0.06833299999999998 0.05624999999999991
0 0.5990104166666667 0.4106640625 0.013332999999999892 0.018750000000000044
0 0.60505175 0.5086328125 0.024999999999999984 0.010624999999999996
0 0.7183336666666666 0.7567578125 0.08416600000000003 0.135
0 0.69588575 0.4832421875 0.02500000000000006 0.02250000000000002
0 0.7026559166666666 0.4484375 0.029167000000000016 0.017500000000000016
0 0.7421878333333334 0.444296875 0.027499999999999858 0.028749999999999998
0 0.7526559166666668 0.584453125 0.02916699999999987 0.036250000000000004
0 0.7824475833333334 0.4406640625 0.01999999999999987 0.01874999999999999
0 0.8195836666666666 0.440390625 0.022500000000000114 0.020625000000000004
0 0.8944795 0.46296875 0.01583300000000006 0.023749999999999993
0 0.9758333333333332 0.5871875 0.043333000000000066 0.07874999999999999
