0 0.013671875 0.49713312298682294 0.0275 0.09380899999999985
0 0.136015625 0.49713312298682294 0.05124999999999999 0.09380899999999985
0 0.317734375 0.467780448023426 0.013124999999999998 0.05816200000000001
0 0.3473046875 0.4858329633967789 0.03812500000000002 0.06754200000000002
0 0.494921875 0.4402788345534407 0.02812500000000001 0.06472699999999995
0 0.548125 0.419938448023426 0.03312500000000007 0.05816100000000012
0 0.58625 0.37250831918008787 0.03249999999999997 0.05347099999999995
0 0.6457421875 0.37269267496339675 0.02312499999999995 0.038460999999999974
0 0.7334765625 0.3212550922401171 0.03499999999999992 0.070357
0 0.796328125 0.30830644802342605 0.03562499999999991 0.05628499999999996
