0 0.12625 0.37801347450110867 0.03187499999999999 0.024130000000000013
0 0.2154296875 0.3627516541019956 0.037500000000000006 0.041163999999999944
0 0.26089843749999997 0.5067838270509978 0.030624999999999986 0.020581999999999972
0 0.3186328125 0.3537895388026608 0.04125000000000001 0.053229999999999944
0 0.3483984375 0.41318912195121954 0.030625000000000013 0.025549999999999965
0 0.3644921875 0.43377112195121953 0.022499999999999964 0.025550000000000028
0 0.4702734375 0.7339134501108647 0.12499999999999994 0.21930500000000006
0 0.5187109375000001 0.2409388980044346 0.044999999999999984 0.09084500000000004
0 0.519453125 0.35929194900221734 0.036250000000000004 0.04471199999999999
0 0.6153515625 0.5151660643015521 0.03374999999999995 0.03264699999999998
0 0.63390625 0.5452854168514412 0.04062500000000002 0.029099000000000128
0 0.6732421875 0.3289030709534368 0.05437500000000006 0.070263
0 0.77546875 0.21263819290465633 0.055624999999999925 0.09368400000000002
0 0.77328125 0.39185065410199554 0.03937499999999994 0.04116400000000007
0 0.7948828125 0.42347730155210644 0.041874999999999996 0.04258299999999996
