0 0.12546875000000002 0.6744762825768669 0.024374999999999994 0.12288899999999989
0 0.25406249999999997 0.5630535768667643 0.04874999999999999 0.06003800000000004
0 0.2792578125 0.5135890307467057 0.010000000000000009 0.023452000000000094
0 0.306953125 0.716321571010249 0.03687499999999999 0.150094
0 0.3203125 0.4146080614934115 0.016874999999999973 0.04690399999999994
0 0.3534375 0.44597693265007315 0.015625 0.04409000000000001
0 0.374609375 0.4819926442166911 0.013124999999999998 0.016884999999999956
0 0.52265625 0.53818160761347 0.039999999999999925 0.08255099999999994
0 0.6655859375 0.51566760761347 0.04625000000000001 0.08255099999999986
0 0.7253125 0.4646947730600294 0.016874999999999973 0.018761999999999963
0 0.7341015625 0.7689688286969253 0.03437499999999993 0.15759800000000007
0 0.7690625 0.33130241727672033 0.016249999999999987 0.03470899999999998
0 0.9056640625 0.3886396749633968 0.018125000000000058 0.040337999999999936
0 0.9161328125 0.3630831595900439 0.010000000000000009 0.029081000000000006
0 0.9569140625 0.5672356691068814 0.050000000000000044 0.12945600000000002
0 0.9693359375 0.3491264172767204 0.013749999999999929 0.032832999999999994
