0 0.045 0.20390658333333334 0.033125 0.05000000000000001
0 0.046953125 0.5503128333333334 0.035625000000000004 0.059165999999999976
0 0.0565234375 0.1380725833333333 0.029999999999999992 0.050000000000000024
0 0.07035156249999999 0.775417 0.034999999999999996 0.06499999999999995
0 0.0716015625 0.594583 0.033749999999999995 0.0650000000000001
0 0.0808984375 0.4003128333333334 0.03 0.05749999999999996
0 0.13265625 0.5724479166666666 0.04000000000000001 0.06166700000000006
0 0.1295703125 0.15463541666666666 0.02562499999999998 0.04666699999999999
0 0.149375 0.4722395833333333 0.0325 0.05166700000000005
0 0.1528515625 0.3819788333333333 0.03375 0.05750000000000003
0 0.1665234375 0.06140658333333333 0.030624999999999986 0.049999999999999996
0 0.17625 0.25567674999999995 0.03125 0.055000000000000014
0 0.1991015625 0.69817675 0.03375 0.05666700000000002
0 0.2427734375 0.6028128333333332 0.029375000000000012 0.058333000000000045
0 0.24625 0.3649479166666667 0.03125000000000003 0.06166699999999999
0 0.2445703125 0.8567705 0.026874999999999982 0.04833399999999995
0 0.265625 0.7311982499999999 0.03249999999999997 0.040832999999999973
0 0.314375 0.5743746666666666 0.03125 0.05333399999999999
0 0.3152734375 0.017760083333333333 0.030625000000000013 0.034167
0 0.335625 0.7866149166666666 0.03187499999999999 0.061666000000000075
0 0.353828125 0.6264065833333333 0.036250000000000004 0.05166599999999999
0 0.353125 0.3651045 0.03249999999999997 0.04833299999999996
0 0.4133984375 0.5677086666666668 0.029374999999999984 0.05333299999999993
0 0.423046875 0.5241663333333334 0.027500000000000024 0.041667000000000044
0 0.4526953125 0.17447883333333333 0.02562500000000001 0.05833400000000003
0 0.453671875 0.82817675 0.02812500000000001 0.05499999999999986
0 0.4715234375 0.6528128333333334 0.02937500000000004 0.05833299999999989
0 0.48359375 0.08140658333333332 0.025000000000000022 0.051666
0 0.520703125 0.5605725833333334 0.036250000000000004 0.050000000000000044
0 0.543671875 0.28583333333333333 0.028749999999999942 0.04249999999999998
0 0.546875 0.16104166666666667 0.03249999999999997 0.053333
0 0.5516796875 0.70765625 0.03875000000000006 0.071667
0 0.562265625 0.336458 0.020625000000000004 0.03333400000000005
0 0.5841015625 0.6266149166666667 0.03500000000000003 0.05999999999999991
0 0.6153515625 0.23817674999999996 0.03374999999999995 0.05666700000000002
0 0.620625 0.50151075 0.03249999999999997 0.055000000000000014
0 0.660625 0.1935416666666667 0.03125 0.053332999999999964
0 0.6602734375 0.3638024166666667 0.030625000000000013 0.04666599999999995
0 0.703984375 0.6392708333333333 0.04437500000000005 0.089167
0 0.7052734375 0.5253128333333333 0.030624999999999902 0.05833299999999997
0 0.7175 0.25401075 0.03249999999999997 0.05499999999999997
0 0.7276953125 0.14937466666666666 0.026874999999999982 0.05333400000000003
0 0.756171875 0.31484375 0.028124999999999956 0.05666699999999999
0 0.79 0.5189065833333334 0.03249999999999997 0.05166599999999999
0 0.8607421875 0.08463541666666667 0.023125000000000062 0.046667000000000014
0 0.8715234375 0.48140658333333336 0.029999999999999916 0.04999999999999997
0 0.876171875 0.14973958333333334 0.028124999999999956 0.05166700000000002
0 0.9125 0.5925520833333334 0.03125 0.06583299999999988
0 0.9166796875 0.22234374999999998 0.03750000000000009 0.05583299999999999
0 0.91421875 0.08526008333333335 0.024375000000000036 0.034166999999999996
0 0.92609375 0.014322916666666666 0.024374999999999925 0.03
0 0.9918359375 0.5042705 0.014375000000000027 0.04833400000000002
