0 0.2446875 0.40199302489019034 0.07937499999999997 0.11527699999999994
0 0.380859375 0.4022265402635432 0.07437500000000002 0.12839699999999998
0 0.5316796875 0.5423976691068814 0.06937500000000002 0.13027100000000003
0 0.542421875 0.30786215373352854 0.05999999999999994 0.11715100000000002
0 0.6277734375 0.5642462825768668 0.061249999999999916 0.12277499999999991
0 0.659921875 0.20465289604685213 0.05874999999999997 0.11340199999999999
0 0.6829296875 0.40890379795021964 0.06937499999999996 0.133083
0 0.7479296875 0.6423249575402636 0.06874999999999998 0.15932499999999986
0 0.7518359375 0.11960828843338216 0.015000000000000013 0.030927999999999997
0 0.9882421875 0.330415251830161 0.021874999999999978 0.09840700000000005
