0 0.1201171875 0.5902604166666666 0.021875000000000006 0.07750000000000005
0 0.3859375 0.4235940833333333 0.01687500000000003 0.034165999999999995
0 0.4712109375 0.4127600833333333 0.014375000000000027 0.034999999999999996
0 0.486015625 0.527292 0.020625000000000004 0.03250000000000005
0 0.4984375 0.440625 0.016874999999999973 0.03333299999999998
0 0.5153125 0.5922913333333334 0.016250000000000098 0.07416700000000002
0 0.5303125 0.5201559166666666 0.015625 0.030000000000000027
0 0.5940625 0.5415621666666667 0.016874999999999973 0.036667000000000005
0 0.6687890625 0.7453121666666668 0.04999999999999993 0.09999999999999994
0 0.682109375 0.49395799999999995 0.011874999999999969 0.031667000000000035
0 0.73734375 0.5272395833333333 0.024375000000000036 0.051666999999999984
0 0.7503125 0.47151041666666665 0.015625 0.013332999999999965
0 0.79515625 0.5016145833333333 0.008124999999999938 0.02083300000000003
0 0.811640625 0.4399475833333333 0.020625000000000004 0.018334
0 0.8400390625 0.4830208333333333 0.018124999999999947 0.027500000000000007
0 0.8606640625 0.5018229166666667 0.01937499999999992 0.029167000000000016
0 0.9143359375 0.4913538333333333 0.014375000000000027 0.027500000000000007
0 0.930390625 0.5227600833333333 0.020625000000000004 0.034999999999999996
0 0.932734375 0.4809899166666667 0.013124999999999942 0.03083299999999996
0 0.9862890625 0.48432291666666666 0.01937499999999992 0.029167000000000092
