0 0.082578125 0.32734408333333337 0.035625000000000004 0.098333
0 0.2609765625 0.039114916666666666 0.03375 0.061666000000000006
0 0.408828125 0.05281283333333333 0.036250000000000004 0.05916600000000002
0 0.411953125 0.42640591666666666 0.03562500000000002 0.09166700000000001
0 0.4447265625 0.8303125000000001 0.09687500000000004 0.14249999999999993
0 0.5458984375 0.02734375 0.02937500000000004 0.055833
0 0.6398046875 0.7146875 0.03875000000000006 0.11166700000000003
0 0.6791015625 0.035208666666666666 0.03375000000000006 0.053333
0 0.8603125 0.41026075 0.046875 0.11916599999999995
0 0.8558984375 0.0234375 0.02937499999999993 0.048332999999999994
0 0.9473046875 0.5629684166666666 0.03875000000000006 0.045000000000000075
0 0.963046875 0.13223958333333333 0.028750000000000053 0.051667
