0 0.09109375 0.3355729166666666 0.056249999999999994 0.09333300000000004
0 0.2001171875 0.33296875 0.05375000000000002 0.088333
0 0.2146875 0.19796875 0.04749999999999999 0.088333
0 0.3296875 0.23869758333333332 0.04874999999999996 0.08166700000000005
0 0.36109375 0.30765658333333334 0.05625000000000002 0.11333299999999998
0 0.4324609375 0.20239550000000003 0.04625000000000001 0.078334
0 0.509140625 0.38166666666666665 0.05125000000000002 0.08499999999999996
0 0.517265625 0.188958 0.020000000000000018 0.03333400000000001
0 0.5517578125 0.20536458333333332 0.04249999999999998 0.08333299999999999
0 0.5987890625 0.188958 0.018750000000000044 0.031667
0 0.6369140625 0.3542708333333333 0.04999999999999993 0.09000000000000008
0 0.6742578125 0.24536458333333333 0.04249999999999998 0.081667
0 0.78234375 0.36984408333333335 0.05500000000000005 0.09666599999999999
0 0.801640625 0.22796874999999997 0.05249999999999999 0.08666700000000001
0 0.88359375 0.3605729166666667 0.05500000000000005 0.09333299999999996
