0 0.18665306149341143 0.5541015625 0.04690399999999996 0.034375000000000044
0 0.1880029326500732 0.28265625 0.045966999999999994 0.03937499999999999
0 0.27078244802342605 0.2117578125 0.05628600000000002 0.04125000000000001
0 0.353334448023426 0.7623046875 0.05628500000000004 0.03749999999999998
0 0.4468448345534407 0.7130078125 0.06660400000000004 0.04249999999999998
0 0.46279283455344067 0.22640625 0.06660400000000004 0.040624999999999994
0 0.6140081903367496 0.679609375 0.05159499999999995 0.04312500000000008
0 0.6242129326500732 0.1948046875 0.0459670000000001 0.037500000000000006
0 0.7113416749633968 0.2935546875 0.03846099999999993 0.03749999999999998
0 0.7236509326500732 0.55640625 0.04409000000000001 0.03937500000000005
