0 0.10452637499999999 0.15042171659324524 0.01200000000000001 0.03306599999999997
0 0.1335498125 0.15897328781204112 0.01133300000000001 0.03106200000000002
0 0.1648359375 0.16337857415565343 0.013999999999999985 0.04008000000000001
0 0.2181220625 0.08729471659324523 0.017999999999999988 0.033066000000000005
0 0.246057625 0.8194655785609398 0.05133300000000002 0.10220500000000009
0 0.2301689375 0.15536257415565344 0.015334000000000014 0.04108199999999999
0 0.3014560625 0.11688828781204112 0.018000000000000016 0.032064999999999996
0 0.333484375 0.8248377283406754 0.04333300000000001 0.197395
0 0.356526375 0.12042985903083701 0.01266600000000001 0.029058999999999984
0 0.3867421875 0.13886314537444935 0.02200000000000002 0.03807700000000002
0 0.537776375 0.2901825829662261 0.07533299999999998 0.16232500000000002
0 0.6587060625 0.7468375814977973 0.08066600000000002 0.1432859999999999
0 0.6262158125 0.176542859030837 0.010000000000000009 0.027054000000000012
0 0.6781689375 0.17106643024963292 0.014000000000000012 0.024047999999999983
0 0.71857325 0.17467714390602054 0.009332999999999925 0.017034000000000025
0 0.8235810625 0.5429268854625551 0.174666 0.39779600000000004
0 0.7515498125 0.1189614302496329 0.010666000000000064 0.025051
0 0.8515029375000001 0.09144100146842878 0.013999999999999901 0.023046000000000004
