0 0.1880078125 0.25487063049853376 0.073125 0.360225
0 0.5867578125 0.22727272727272727 0.82375 0.456848
0 0.2671484375 0.02932551319648094 0.06124999999999997 0.060976
0 0.37890625 0.35496006451612905 0.03999999999999998 0.06660399999999998
0 0.4496875 0.3139201671554252 0.04749999999999999 0.07880000000000001
0 0.4829296875 0.21530361583577715 0.03749999999999998 0.07129399999999997
0 0.5236328125 0.35601661583577715 0.04249999999999998 0.072232
0 0.7144140625 0.18939126979472143 0.050000000000000044 0.08818000000000001
0 0.7928125 0.3666902697947214 0.04749999999999999 0.08817999999999998
0 0.8398828125 0.27762634017595306 0.04249999999999998 0.06848099999999999
0 0.8467578125 0.3982380263929619 0.041874999999999996 0.11913699999999998
0 0.9876171875 0.30143399413489735 0.022499999999999964 0.086304
