0 0.47265625 0.20351390922401172 0.945625 0.407129
0 0.3459765625 0.6971035402635432 0.065 0.126642
0 0.4358203125 0.6700838960468523 0.05750000000000005 0.1135079999999999
0 0.4839453125 0.5238119941434846 0.05687499999999995 0.09193200000000017
0 0.48484375 0.7336895402635432 0.05499999999999994 0.12664100000000003
0 0.5472265625 0.774255055636896 0.06625000000000003 0.13789900000000002
0 0.6967578125 0.7757191844802342 0.073125 0.14165099999999992
0 0.6940234375 0.6581423499267935 0.06125000000000003 0.07879899999999995
0 0.7683203125 0.6475688960468521 0.026874999999999982 0.11350899999999996
0 0.80390625 0.8040455402635431 0.07124999999999992 0.12758000000000005
0 0.8967578125 0.6863726691068814 0.073125 0.13133199999999998
0 0.9173828125 0.8590949267935578 0.073125 0.13602199999999992
