0 0.27539093750000004 0.26562541666666667 0.04492199999999996 0.07682299999999997
0 0.3486328125 0.29427033333333336 0.041016 0.07421900000000003
0 0.4199215 0.19531258333333334 0.04882799999999998 0.08333299999999999
0 0.46191450000000006 0.4036458333333333 0.04882799999999998 0.08854200000000005
0 0.5390621875 0.227865 0.052734999999999976 0.09505199999999998
0 0.66992175 0.29557300000000003 0.05566400000000005 0.09635400000000005
0 0.7343747500000001 0.3281249166666667 0.055663999999999936 0.09244799999999997
0 0.7656247500000001 0.19531275 0.05468799999999985 0.08854099999999998
0 0.8466794375000001 0.2734375 0.0615239999999998 0.11067700000000003
0 0.95410175 0.3632815833333334 0.025390000000000024 0.052082999999999956
