0 0.148828125 0.22689598826979474 0.067187 0.172333
0 0.36464793749999996 0.34352802639296187 0.046094000000000024 0.11957799999999998
0 0.44570262499999996 0.22804426979472137 0.050781999999999994 0.08909800000000002
0 0.532812 0.1691164809384164 0.03125 0.02696399999999998
0 0.57578125 0.3353385395894428 0.07187500000000002 0.17702299999999999
0 0.6757814999999999 0.1336697184750733 0.04765600000000003 0.08323600000000002
0 0.7197265625 0.3684413020527859 0.06562500000000004 0.12309499999999994
0 0.726953375 0.25382185923753664 0.043749999999999956 0.04220400000000005
0 0.788671375 0.22013254545454547 0.043751000000000095 0.09378599999999998
0 0.8509765625 0.42030726979472144 0.06562500000000004 0.08909699999999994
0 0.9744140625 0.2553087507331378 0.049219000000000124 0.11606100000000001
