0 0.08844283455344071 0.7703125 0.06654199999999999 0.048125000000000084
0 0.09283522108345535 0.3295703125 0.07403999999999998 0.05812499999999998
0 0.10197470571010249 0.6282421875 0.061854999999999986 0.05437499999999995
0 0.11216744802342606 0.4813671875 0.058105999999999984 0.05312500000000003
0 0.26440531918008786 0.3998046875 0.05341999999999996 0.03750000000000003
0 0.30587089604685214 0.69203125 0.11340199999999999 0.10250000000000004
0 0.31694054026354324 0.2225 0.12745999999999993 0.095
0 0.2884787057101025 0.5296875 0.061855999999999994 0.04749999999999999
0 0.49091570571010246 0.364140625 0.061854999999999986 0.05125000000000002
0 0.49642244802342606 0.4815625 0.058106 0.04812499999999997
0 0.501108448023426 0.6135546875 0.056232000000000074 0.03749999999999998
0 0.6668121537335285 0.2228125 0.11715099999999994 0.07812500000000003
0 0.6737830248901904 0.691953125 0.11527700000000002 0.09875
0 0.6798208345534407 0.5336328125 0.06654200000000003 0.04249999999999998
0 0.7021975768667642 0.415390625 0.059044000000000055 0.05124999999999996
0 0.8632803191800879 0.487265625 0.054358000000000066 0.05125000000000007
0 0.8821405768667643 0.33734375 0.06091899999999995 0.05625000000000002
0 0.8972528345534406 0.774140625 0.06654200000000011 0.05125000000000002
0 0.8955551903367496 0.6262890625 0.050610000000000044 0.04937499999999995
