0 0.114453125 0.18659266081871348 0.03624999999999999 0.08614199999999995
0 0.120234375 0.42980770760233916 0.043125 0.07490699999999996
0 0.138125 0.24149073099415205 0.0325 0.06835199999999997
0 0.206796875 0.24893183625730994 0.02812500000000001 0.042134999999999985
0 0.2504296875 0.19074867251461988 0.03812500000000002 0.084269
0 0.2923046875 0.21995573099415205 0.03750000000000003 0.06741499999999999
0 0.313359375 0.40270360233918123 0.04375000000000001 0.10018800000000008
0 0.384375 0.20935969590643275 0.03312499999999996 0.07677899999999997
0 0.4949609375 0.4721726608187135 0.044999999999999984 0.0861429999999999
0 0.5077734375 0.18928668421052633 0.03062500000000007 0.08052399999999997
0 0.5641796875 0.5810826959064327 0.038124999999999964 0.07865199999999996
0 0.6376953125 0.23792578947368423 0.026874999999999982 0.05524399999999998
0 0.6690625 0.45637063742690054 0.04874999999999996 0.0917600000000001
0 0.7625 0.26080880116959065 0.0318750000000001 0.052435000000000016
0 0.8510546875 0.24183566081871347 0.03749999999999998 0.08520599999999999
0 0.970703125 0.2053847426900585 0.03562500000000002 0.06460699999999997
