0 0.181328125 0.7480034705882352 0.130625 0.23446299999999992
0 0.2024609375 0.43343064705882356 0.014374999999999999 0.04048900000000005
0 0.2583203125 0.4753902352941177 0.02687500000000001 0.042372999999999945
0 0.3167578125 0.6795838823529411 0.07250000000000001 0.13182600000000008
0 0.4484375 0.39564947058823535 0.01687500000000003 0.03295599999999991
0 0.4608203125 0.46538176470588233 0.026874999999999982 0.06120500000000006
0 0.4946484375 0.4672647647058824 0.030000000000000027 0.061204999999999975
0 0.5258984375 0.8287722941176471 0.02937500000000004 0.12711800000000004
0 0.546875 0.4684391176470588 0.03125 0.07156300000000011
0 0.6326953125 0.44702605882352947 0.02562500000000001 0.03672299999999997
0 0.673359375 0.4354937058823529 0.012500000000000067 0.023540000000000016
0 0.7009375 0.6013242941176471 0.04874999999999996 0.079096
0 0.702890625 0.4240136470588235 0.020625000000000004 0.03860700000000004
0 0.7387890625 0.4822784705882353 0.01937500000000003 0.03295599999999999
0 0.7663671875 0.43673194117647063 0.021874999999999978 0.016006999999999875
0 0.776015625 0.5016390588235294 0.020000000000000018 0.03672399999999987
0 0.8351953125 0.45697064705882356 0.02562500000000001 0.04048999999999995
0 0.840625 0.6084438823529411 0.03312500000000007 0.08098000000000007
0 0.8911328125 0.4110117058823529 0.010624999999999996 0.026365000000000006
0 0.9138671875 0.5291261176470587 0.02187500000000009 0.02071599999999993
0 0.921640625 0.446380294117647 0.020625000000000004 0.029190000000000077
0 0.9694140625 0.5257619411764706 0.018125000000000058 0.06591299999999996
0 0.99265625 0.41224894117647054 0.009375000000000022 0.016950000000000014
