0 0.011640625 0.3371589326500732 0.019999999999999997 0.045966
0 0.0394921875 0.2930689326500732 0.023124999999999996 0.04596599999999996
0 0.0641015625 0.3614788345534407 0.035 0.066604
0 0.06636718750000001 0.10492580380673498 0.023125 0.04221400000000001
0 0.1230078125 0.2928404172767204 0.01062500000000001 0.032832999999999994
0 0.147421875 0.44110257686676424 0.028124999999999983 0.05909900000000001
0 0.1706640625 0.278471803806735 0.019375000000000003 0.042214000000000015
0 0.196875 0.3706323191800879 0.033125000000000016 0.05347099999999991
0 0.1936328125 0.2119379019033675 0.01125000000000001 0.021576000000000015
0 0.2090625 0.24728628843338213 0.015625 0.030957
0 0.2363671875 0.258771803806735 0.021875000000000006 0.042214000000000015
0 0.25199218749999996 0.3580945461200586 0.021875000000000006 0.036585999999999994
0 0.25199218749999996 0.30984067496339684 0.023125000000000034 0.04033699999999993
0 0.26859374999999996 0.5891102825768668 0.05500000000000002 0.12101299999999993
0 0.248359375 0.21340203074670572 0.012500000000000011 0.02345199999999997
0 0.2825 0.3831690922401171 0.033125000000000016 0.07317100000000006
0 0.2852734375 0.5089863499267936 0.030625000000000013 0.07692300000000009
0 0.2863671875 0.2329176749633968 0.021874999999999978 0.038460999999999974
0 0.3003125 0.28263567496339675 0.015625 0.04033799999999998
0 0.3053125 0.32027293265007317 0.015625 0.045967000000000056
0 0.3401171875 0.3585074172767203 0.023125000000000007 0.034709000000000066
0 0.3394140625 0.26803854612005856 0.018125000000000002 0.035647000000000005
0 0.3468359375 0.23163690190336747 0.013749999999999984 0.022514000000000034
0 0.3770703125 0.31464493265007315 0.02562500000000001 0.045966
0 0.3734375 0.22676254612005856 0.017500000000000016 0.036585999999999994
0 0.3987890625 0.26064780380673497 0.01874999999999999 0.042214000000000015
0 0.4365625 0.8159169882869692 0.07937499999999997 0.18292699999999984
0 0.416171875 0.3423750614934114 0.028124999999999956 0.048781000000000026
0 0.434609375 0.5647893806734994 0.044375 0.10037599999999998
0 0.4365625 0.43769234992679357 0.04874999999999996 0.07879899999999995
0 0.4430859375 0.22259867496339678 0.013749999999999984 0.038461000000000016
0 0.4838671875 0.31231290190336747 0.023125000000000007 0.020638
0 0.5096484375 0.4402788345534407 0.030625000000000013 0.06472699999999995
0 0.5219921875 0.3756209326500731 0.023125000000000062 0.045966
0 0.5212109375 0.2795240614934114 0.013749999999999929 0.047841999999999996
0 0.577890625 0.32338554612005854 0.020000000000000018 0.036585999999999994
0 0.5771875 0.357270803806735 0.01750000000000007 0.042214000000000015
0 0.5928125 0.4787138960468521 0.04749999999999999 0.11163200000000004
0 0.5794140625 0.28075967496339677 0.01937499999999992 0.04033799999999998
0 0.612578125 0.40872560761346993 0.03562500000000002 0.08255100000000007
0 0.6176953125 0.26593403074670574 0.02562500000000001 0.026266999999999995
0 0.636796875 0.339446803806735 0.028124999999999956 0.042214000000000015
0 0.6617578125 0.38898144802342605 0.041874999999999996 0.05816200000000001
0 0.6680078125 0.47409299414348466 0.041874999999999996 0.090995
0 0.6954296875 0.7191355710102488 0.06937499999999996 0.1500940000000001
0 0.6884375 0.35246654612005857 0.015625 0.03658500000000002
0 0.7232421875 0.34766228843338215 0.021874999999999978 0.03001799999999997
0 0.730625 0.3937857057101025 0.03125 0.06378999999999999
0 0.763125 0.4657210922401171 0.03312499999999996 0.07317000000000012
0 0.767265625 0.33464254612005856 0.020625000000000004 0.036585999999999994
0 0.792890625 0.38230119033674964 0.020625000000000004 0.05253299999999989
0 0.8098828125 0.4837284480234261 0.0412499999999999 0.0572229999999999
0 0.8175390625 0.3269100307467057 0.01937500000000003 0.025328000000000045
0 0.8383203125 0.3672921903367496 0.025624999999999898 0.05159400000000003
0 0.877734375 0.43101109224011713 0.04375000000000007 0.07129499999999998
0 0.884375 0.36248693265007326 0.03249999999999997 0.04596699999999997
0 0.9176953125 0.357455159590044 0.02562500000000001 0.029079999999999908
0 0.9398046875 0.40369283455344074 0.03749999999999998 0.06660399999999995
0 0.9694921875 0.3400871903367496 0.023125000000000062 0.05065700000000002
0 0.9909375 0.40909331918008784 0.016249999999999987 0.05534700000000003
0 0.99328125 0.3288301903367496 0.008750000000000036 0.051594999999999995
