0 0.169765625 0.36823019033674964 0.020625000000000004 0.051593999999999945
0 0.450390625 0.24504257686676423 0.020625000000000004 0.06003699999999999
0 0.7358203125 0.335468074670571 0.433125 0.34427800000000003
0 0.538515625 0.25021454612005856 0.020624999999999893 0.036585999999999994
0 0.565859375 0.3714119019033675 0.012499999999999956 0.02251399999999995
0 0.5686328125 0.37257841727672036 0.011249999999999982 0.034709000000000066
0 0.5812890625 0.21603167496339679 0.01937500000000003 0.04033800000000002
0 0.6071875 0.20237254612005856 0.015625 0.03658499999999998
0 0.6131640625 0.4502550614934114 0.01937500000000003 0.049719000000000006
0 0.6400390625 0.32567341727672033 0.018125000000000058 0.03283399999999997
0 0.6437890625 0.2636461595900439 0.01937500000000003 0.029081000000000048
0 0.6621875 0.347889803806735 0.015625 0.042213999999999974
0 0.6711328125 0.1871350307467057 0.011249999999999982 0.02345199999999999
0 0.6887890625 0.22436041727672038 0.01937499999999992 0.032832999999999994
0 0.7070703125 0.33258219033674963 0.02562500000000001 0.05253300000000002
0 0.7080078125 0.1894229019033675 0.010624999999999996 0.021576000000000015
0 0.7151171875 0.2805321595900439 0.021874999999999978 0.027204
0 0.741015625 0.3834235461200586 0.020625000000000004 0.03658499999999998
0 0.770390625 0.2948306749633967 0.020625000000000004 0.03846200000000007
0 0.7748828125 0.24758490190336752 0.011249999999999982 0.022513999999999992
0 0.789765625 0.3254900614934114 0.020625000000000004 0.04878000000000002
0 0.7925390625 0.24042167496339675 0.018125000000000058 0.04033800000000002
0 0.803984375 0.1824450307467057 0.012500000000000067 0.025327999999999982
0 0.8238671875 0.2366696749633968 0.023125000000000062 0.03846199999999995
0 0.8314453125 0.4751711903367497 0.026874999999999982 0.05159499999999987
0 0.8432421875 0.2930689326500732 0.021874999999999978 0.045027999999999985
0 0.8601171875 0.24083454612005858 0.021874999999999978 0.03658499999999998
0 0.8857421875 0.45993467496339685 0.02312499999999995 0.04033699999999997
0 0.8865625 0.23937041727672037 0.015625 0.03470899999999994
0 0.890859375 0.1682597730600293 0.011874999999999969 0.017823000000000016
0 0.9188671875 0.27430693265007317 0.02187500000000009 0.045966
0 0.9279296875 0.1720117730600293 0.007499999999999951 0.01782399999999999
0 0.94265625 0.19358777306002928 0.008125000000000049 0.018762000000000004
