0 0.135546875 0.3450520833333333 0.02734400000000002 0.036457999999999956
0 0.1623041875 0.59375 0.021876000000000007 0.03125
0 0.20624974999999998 0.6085940833333333 0.025000000000000022 0.036458000000000025
0 0.20722631249999998 0.30677116666666665 0.025782000000000027 0.03854100000000001
0 0.225390625 0.5434899166666667 0.020312999999999998 0.029165999999999952
0 0.255077625 0.5963545 0.021093999999999974 0.046875
0 0.2624995 0.5507815833333334 0.016407000000000005 0.020832999999999952
0 0.27031275 0.3098955 0.024219000000000046 0.04895900000000001
0 0.282421875 0.6015625 0.028905999999999987 0.04791699999999999
0 0.2830073125 0.55651075 0.025782000000000027 0.026041000000000054
0 0.280859625 0.44322883333333335 0.021094 0.028124999999999956
0 0.319921625 0.4281249999999999 0.021094 0.03125
0 0.3298823125 0.563542 0.025782000000000027 0.03333300000000006
0 0.3341801875 0.3119795 0.023436999999999986 0.046875
0 0.3537111875 0.4609378333333334 0.021874999999999978 0.027082999999999895
0 0.36015575 0.5635416666666666 0.02421899999999999 0.022917000000000076
0 0.36093775 0.61848925 0.025000000000000022 0.039584000000000064
0 0.388281 0.55703125 0.03281300000000004 0.04062500000000006
0 0.4177734375 0.41979133333333335 0.029687999999999992 0.041666999999999975
0 0.4240234375 0.29713575000000003 0.029688000000000048 0.05729099999999998
0 0.43710987500000004 0.5700520833333332 0.028905999999999932 0.036458000000000025
0 0.455858875 0.42447950000000007 0.027344000000000035 0.046875
0 0.471483875 0.6520833333333332 0.02812600000000004 0.04375000000000018
0 0.5025393125 0.4453121666666666 0.026562000000000086 0.036459000000000095
0 0.5080075625 0.6645833333333334 0.03359399999999996 0.041666999999999975
0 0.514452875 0.32890658333333334 0.027343999999999924 0.050000000000000044
0 0.51484375 0.5708333333333334 0.02499999999999991 0.041666999999999975
0 0.5462890625 0.30963575 0.018750000000000044 0.02604099999999998
0 0.555859875 0.4315104166666666 0.028905999999999987 0.04479200000000002
0 0.559375 0.6598958333333332 0.03125 0.05937500000000018
0 0.5591791875 0.5960940833333334 0.022657000000000038 0.036457999999999956
0 0.589452875 0.42682325 0.027344000000000035 0.04062500000000006
0 0.6150385625 0.6757815833333334 0.03359400000000001 0.052082999999999956
0 0.620313 0.3036455 0.03125 0.04791699999999999
0 0.622265875 0.4528645833333333 0.027344000000000035 0.052083000000000025
0 0.648046875 0.5872395833333334 0.027343999999999924 0.050000000000000044
0 0.6453125 0.44973925 0.01640600000000003 0.03958399999999999
0 0.66093725 0.6710937500000002 0.03984399999999999 0.05520799999999985
0 0.6619143125 0.4614583333333333 0.025781000000000054 0.041667000000000044
0 0.6873044375 0.4322913333333333 0.029687999999999937 0.041667000000000044
0 0.702733875 0.30546875 0.028907000000000016 0.05520799999999996
0 0.7150395625 0.6015625 0.035155999999999965 0.04791699999999999
0 0.737890125 0.6997395833333334 0.03671900000000006 0.052082999999999956
0 0.7408205625 0.4453125 0.034375000000000044 0.046875
0 0.787890125 0.6052086666666666 0.035156999999999994 0.05416600000000008
0 0.801952875 0.4536455 0.028905999999999987 0.04895900000000005
0 0.8208981875 0.31041633333333335 0.02265600000000012 0.041666999999999975
