0 0.0546875 0.28371471486761707 0.110625 0.17144700000000004
0 0.2992578125 0.29039131364562115 0.13624999999999998 0.21251600000000007
0 0.456796875 0.32165550712830954 0.058750000000000024 0.09713200000000005
0 0.5241015625 0.20207855804480654 0.034375000000000044 0.06649200000000002
0 0.553046875 0.2715791364562118 0.05874999999999997 0.11994800000000001
0 0.5531640625 0.24172392871690426 0.04937499999999995 0.043025
0 0.5858984375 0.3500528370672098 0.02937499999999993 0.097784
0 0.60703125 0.19892974541751526 0.07187500000000002 0.153195
0 0.8832421875 0.3541725682281059 0.053749999999999964 0.05997399999999996
0 0.9246875 0.3795501568228105 0.04874999999999996 0.1062580000000001
0 0.9762109375 0.2744338370672098 0.04562500000000003 0.097784
