0 0.015625 0.3320344750733138 0.03125 0.11372199999999999
0 0.021484375 0.15406671260997068 0.044375 0.16917299999999996
0 0.07828125 0.2352679560117302 0.07187500000000001 0.13909800000000003
0 0.14835937500000002 0.31451612903225806 0.07437500000000001 0.130639
0 0.2078515625 0.5423757448680352 0.09687500000000002 0.20018799999999998
0 0.3072265625 0.6263200263929619 0.06562499999999999 0.11748100000000003
0 0.3430078125 0.24477950733137827 0.073125 0.143797
0 0.4024609375 0.3113574750733138 0.04625000000000001 0.11184199999999998
0 0.4719921875 0.3458313020527859 0.05375000000000002 0.12030100000000006
0 0.554609375 0.5421111612903226 0.07562500000000005 0.163534
0 0.545390625 0.3739137507331378 0.05249999999999999 0.115602
0 0.642578125 0.588425853372434 0.06687500000000002 0.12688000000000005
0 0.661796875 0.3357934750733138 0.05875000000000008 0.11184199999999998
0 0.7669921875 0.4703050263929619 0.05437500000000006 0.119361
0 0.79703125 0.3528240263929619 0.07062500000000005 0.119361
0 0.896171875 0.4566207507331378 0.05937500000000007 0.11560200000000004
0 0.94265625 0.41252282111436944 0.040000000000000036 0.09398400000000003
