0 0.099375 0.30331783455344075 0.033125 0.06566599999999995
0 0.156875 0.2862043191800879 0.031875000000000014 0.05347099999999999
0 0.2266796875 0.3211418345534407 0.03812499999999999 0.06472800000000001
0 0.26171875 0.2901848345534407 0.02437499999999998 0.06660400000000004
0 0.311875 0.32800644802342604 0.03187499999999999 0.057223000000000065
0 0.3377734375 0.28245231918008784 0.030625000000000013 0.05347000000000002
0 0.4053515625 0.3511598345534407 0.03437499999999999 0.06566600000000003
0 0.4171484375 0.28432831918008783 0.030624999999999958 0.05347099999999999
0 0.473671875 0.2932964480234261 0.028749999999999998 0.05722399999999995
0 0.519375 0.30789457686676425 0.03312499999999996 0.06003699999999999
0 0.5770703125 0.2964090614934114 0.026875000000000093 0.049719000000000006
0 0.6233984375 0.3112347057101025 0.030625000000000013 0.061913999999999955
0 0.668125 0.27400931918008786 0.03187499999999999 0.054408999999999964
0 0.73375 0.29517344802342604 0.03187499999999999 0.057223000000000024
0 0.7952734375 0.32654231918008786 0.030625000000000013 0.05347099999999999
0 0.8609765625 0.31018244802342604 0.03375000000000006 0.05816100000000004
