0 0.0029296875 0.28888698639455784 0.006729000000000001 0.03189499999999996
0 0.23139375 0.2561166530612245 0.08748299999999998 0.16510299999999997
0 0.396169375 0.2720019863945578 0.012112999999999985 0.03001799999999997
0 0.43187543750000007 0.2878120612244898 0.029609999999999914 0.06566699999999995
0 0.556149 0.26075775510204086 0.06325700000000001 0.138836
0 0.60929575 0.2808665306122449 0.024227 0.03377099999999997
0 0.6736610625 0.2848053537414966 0.018842999999999943 0.02251399999999999
0 0.7064384375 0.2699391632653061 0.030955999999999984 0.043151999999999975
0 0.7336189375 0.24981661904761907 0.014805000000000068 0.03939999999999996
0 0.7903101875 0.220326843537415 0.08479099999999995 0.14446499999999995
0 0.8883969375 0.278475074829932 0.014804999999999957 0.035647000000000005
0 0.9803943125 0.26548488435374146 0.02691699999999997 0.05628500000000003
