0 0.05952909224011714 0.3608984375 0.071295 0.06187500000000001
0 0.12943006149341144 0.366796875 0.04690399999999998 0.06
0 0.32408731332357243 0.3562109375 0.14634200000000003 0.17062500000000003
0 0.4888313191800879 0.3971875 0.05440899999999988 0.04749999999999999
0 0.5448177057101025 0.362421875 0.06191400000000008 0.05937500000000001
0 0.547745963396779 0.697890625 0.06941899999999994 0.05125000000000002
0 0.596298448023426 0.372265625 0.056285 0.05249999999999999
0 0.6217407057101024 0.7027734375 0.06191400000000008 0.06125000000000003
0 0.6553984480234262 0.3842578125 0.05816099999999987 0.04249999999999998
0 0.7048188345534406 0.4289453125 0.06660400000000004 0.05812499999999998
0 0.79427860761347 0.377421875 0.08442800000000011 0.06
0 0.8586648345534409 0.4504296875 0.06472799999999976 0.07
0 0.9130037364568083 0.385078125 0.08724199999999996 0.06812499999999999
0 0.9074458345534406 0.7127734375 0.06660400000000004 0.06187500000000001
