0 0.13873549999999998 0.48016275 0.08006600000000003 0.11764699999999999
0 0.2185965 0.4032375000000001 0.017973999999999973 0.01797399999999986
0 0.2636590833333334 0.42869208333333325 0.03431399999999999 0.03431300000000004
0 0.37706791666666667 0.42705808333333334 0.03104599999999998 0.03594699999999995
0 0.4629293333333333 0.5295136666666668 0.07352900000000002 0.11601299999999999
0 0.4826130833333333 0.4123520833333334 0.035948000000000015 0.03594799999999987
0 0.53387975 0.4358151666666667 0.05718900000000008 0.07026100000000006
0 0.6545395833333334 0.4019098333333333 0.01960799999999992 0.026144000000000018
0 0.72051125 0.4590230833333333 0.03921599999999984 0.0653590000000001
0 0.7961344166666667 0.5437854166666667 0.14052299999999995 0.16993500000000003
0 0.7705525833333334 0.3525835 0.019607999999999997 0.017974000000000007
0 0.8306275 0.39598649999999996 0.047384999999999934 0.047386000000000074
0 0.9439851666666667 0.47760975 0.07026100000000006 0.088235
