0 0.2462890625 0.6283854166666666 0.04999999999999999 0.10833299999999994
0 0.25406249999999997 0.4728645833333333 0.04687500000000003 0.08083300000000009
0 0.310390625 0.6008333333333332 0.020625000000000004 0.043333000000000066
0 0.33421875 0.5092708333333333 0.05562499999999998 0.08916699999999993
0 0.3311328125 0.7864059166666667 0.041874999999999996 0.09249999999999996
0 0.341640625 0.3338545 0.05125000000000002 0.10999999999999995
0 0.4246875 0.7845315833333334 0.046875 0.08250000000000002
0 0.4294140625 0.3208336666666667 0.04937499999999995 0.08583299999999998
0 0.4298828125 0.5027607500000001 0.04125000000000001 0.11750000000000001
0 0.4238671875 0.6344788333333332 0.021874999999999978 0.059167000000000115
0 0.5072265625 0.33755241666666663 0.06562500000000004 0.10833300000000001
0 0.5016406250000001 0.7850520833333333 0.05187499999999995 0.06583300000000003
0 0.5152734375 0.4622399166666667 0.06125000000000003 0.09166600000000003
0 0.5193359375 0.621875 0.04624999999999996 0.09500000000000013
0 0.5883203125 0.49052049999999997 0.05812499999999998 0.11166700000000003
0 0.579296875 0.32916666666666666 0.028124999999999956 0.08416700000000006
0 0.599375 0.6230205 0.03187499999999999 0.11000000000000003
0 0.6668359375 0.3269274166666667 0.04625000000000001 0.07749999999999997
0 0.6719921875 0.6481253333333333 0.05437499999999995 0.07333300000000009
0 0.6715625 0.4856770833333333 0.0475000000000001 0.09666700000000006
0 0.6698828125 0.18140591666666664 0.04249999999999998 0.09333400000000003
0 0.6743359375 0.7564059166666667 0.04625000000000001 0.09333399999999988
0 0.7546484375 0.18255241666666666 0.06187500000000001 0.10833299999999997
