0 0.0078125 0.17460082352941178 0.01625 0.04425600000000001
0 0.0883203125 0.4608538235294118 0.02562500000000001 0.04425599999999995
0 0.1226953125 0.10910023529411766 0.026874999999999996 0.042373
0 0.3304296875 0.5469727647058824 0.10125 0.21092300000000008
0 0.33796875 0.10345123529411766 0.024375000000000036 0.04237199999999997
0 0.3769921875 0.1875514705882353 0.023125000000000007 0.03295599999999999
0 0.42671875 0.1376454705882353 0.023749999999999993 0.03295699999999999
0 0.4626171875 0.26017264705882354 0.02312499999999995 0.03860599999999997
0 0.6428515625 0.3244022352941176 0.09750000000000003 0.193032
0 0.7887890625 0.2695886470588235 0.01937499999999992 0.04048900000000001
0 0.8358203125 0.4330172352941176 0.02562500000000001 0.04331500000000002
