0 0.0404140625 0.5718017209985315 0.049 0.09473700000000007
0 0.349109375 0.5274507254038179 0.07600000000000001 0.156391
0 0.5765546875 0.30857357856093975 0.03799999999999992 0.10075100000000002
0 0.6708125 0.41020785903083706 0.017000000000000015 0.027068000000000016
0 0.6887890625 0.399681859030837 0.017999999999999905 0.027068000000000016
0 0.750765625 0.3679615741556534 0.020000000000000018 0.03909800000000002
0 0.8048125 0.3890847165932453 0.015999999999999903 0.03458699999999998
0 0.8707890625 0.39653357415565343 0.018000000000000016 0.04060100000000005
0 0.8906015625 0.47158028928046986 0.03500000000000003 0.052631000000000046
0 0.9334375 0.5710952966226137 0.04699999999999993 0.15338300000000007
