0 0.154609375 0.8861327920937042 0.136875 0.2242030000000001
0 0.12359375 0.4135298653001464 0.05499999999999999 0.08817999999999994
0 0.2951171875 0.8823807920937042 0.11625000000000002 0.22514099999999998
0 0.3120703125 0.6572657306002928 0.11937500000000001 0.17823700000000012
0 0.3537109375 0.5836828594436311 0.10875000000000001 0.18105100000000005
0 0.4094921875 0.8721059516837482 0.148125 0.251407
0 0.4108203125 0.42695276134699855 0.08812500000000001 0.20168899999999998
0 0.5318359375 0.5704625402635431 0.10749999999999993 0.127579
0 0.537109375 0.7400193074670571 0.10562499999999997 0.23452199999999995
0 0.56984375 0.30209944216691065 0.08687500000000004 0.14821800000000007
0 0.6296484375 0.6819725651537335 0.12437500000000001 0.24202599999999994
0 0.71203125 0.4737175651537335 0.10250000000000004 0.24015000000000003
0 0.906640625 0.68799521522694 0.11375000000000002 0.16510299999999994
