0 0.0464453125 0.5995253191800879 0.026874999999999996 0.05347099999999999
0 0.0598046875 0.32679577306002927 0.0075 0.019700000000000023
0 0.092734375 0.7453843499267936 0.012500000000000011 0.07879900000000004
0 0.1220703125 0.6149461903367497 0.02562500000000001 0.05159499999999995
0 0.185390625 0.5804215461200586 0.020625000000000004 0.03658499999999998
0 0.270859375 0.6030498038067351 0.013124999999999998 0.04221299999999992
0 0.29234375 0.6082659326500732 0.02437499999999998 0.04408999999999993
0 0.415859375 0.47137503074670567 0.013124999999999998 0.025329000000000018
0 0.4486328125 0.4629320307467057 0.011250000000000038 0.026266999999999995
0 0.49390625 0.4775301595900439 0.008750000000000036 0.027204
0 0.501484375 0.3569290307467057 0.011874999999999969 0.02345200000000001
0 0.753359375 0.15171554612005858 0.012499999999999956 0.03658599999999997
