0 0.088125 0.08023719033674963 0.0325 0.05253299999999998
0 0.2075 0.2188898345534407 0.031875000000000014 0.065666
0 0.3068359375 0.6424228653001464 0.04562500000000003 0.09005600000000005
0 0.4558203125 0.08305119033674964 0.02562500000000001 0.05159499999999999
0 0.5145703125000001 0.4304158653001464 0.05812500000000004 0.08818000000000002
0 0.61390625 0.6097742210834554 0.04062500000000002 0.07504700000000004
0 0.66375 0.5321666749633968 0.0318750000000001 0.0403380000000001
0 0.6975390625 0.06436028843338214 0.01937500000000003 0.030955999999999994
0 0.8407421875 0.04324031918008785 0.023125000000000062 0.054409000000000006
0 0.9198828125 0.6289912518301611 0.041874999999999996 0.09849899999999989
0 0.9551953125 0.08305119033674964 0.026874999999999982 0.05159499999999999
