0 0.009765625 0.59380175 0.02 0.08833399999999998
0 0.030859375 0.20354166666666665 0.043125 0.053333
0 0.08703125 0.34531283333333335 0.040624999999999994 0.05833299999999997
0 0.1279296875 0.44734375 0.037500000000000006 0.05666700000000002
0 0.1373828125 0.6003128333333333 0.011249999999999982 0.058333000000000045
0 0.1591015625 0.34140658333333335 0.035 0.05166599999999991
0 0.209296875 0.13937466666666665 0.028749999999999998 0.05333400000000003
0 0.26351562500000003 0.61515625 0.05187499999999998 0.07083300000000008
0 0.271875 0.3371354166666667 0.03250000000000003 0.046667000000000014
0 0.2925 0.1851045 0.03250000000000003 0.048332999999999994
0 0.347578125 0.31375 0.036250000000000004 0.06333300000000001
0 0.4308984375 0.13619825 0.02999999999999997 0.04
0 0.470234375 0.262083 0.04375000000000001 0.063334
0 0.5225390624999999 0.9064583333333333 0.04999999999999999 0.07333300000000002
0 0.5165234375 0.2221354166666667 0.02937500000000004 0.04583299999999998
0 0.541640625 0.78380175 0.05249999999999999 0.08750000000000006
0 0.5572265625 0.6171871666666666 0.03500000000000003 0.06916700000000005
0 0.5771484375 0.9807291666666668 0.06062500000000004 0.036667000000000005
0 0.6304296875 0.2981253333333333 0.03875000000000006 0.074166
0 0.6995703125 0.7705725833333332 0.05687500000000001 0.05000000000000012
0 0.687421875 0.059062166666666666 0.028125000000000067 0.03833400000000001
0 0.7153125 0.5955211666666668 0.04749999999999999 0.06999999999999991
0 0.7877734375 0.060780916666666664 0.030625000000000013 0.06166699999999999
0 0.8183203125 0.9170315833333333 0.05812499999999998 0.080833
0 0.8110546875 0.452917 0.03749999999999998 0.0625
0 0.8369921875 0.75213575 0.05312499999999998 0.08666599999999998
0 0.8641796875 0.6097913333333334 0.03875000000000006 0.07416699999999994
0 0.8759765625 0.13843750000000002 0.03500000000000003 0.048332999999999994
0 0.8962109375 0.20385416666666667 0.04499999999999993 0.06916700000000002
0 0.9705078125 0.6103642499999999 0.04125000000000001 0.0391670000000001
