0 0.079140625 0.4826559166666667 0.02062499999999999 0.029999999999999954
0 0.186484375 0.48421875 0.012499999999999983 0.025832999999999995
0 0.2080859375 0.51171875 0.014374999999999999 0.02416700000000005
0 0.2490625 0.49588575 0.015625000000000028 0.02416600000000006
0 0.3230859375 0.50171875 0.01375000000000004 0.025832999999999995
0 0.3630859375 0.5109899166666667 0.014374999999999971 0.029165999999999952
0 0.3961328125 0.49328158333333333 0.010624999999999996 0.02083300000000003
0 0.4036328125 0.4866145833333333 0.010624999999999996 0.02083300000000003
0 0.4106640625 0.5132291666666666 0.01937500000000003 0.03750000000000001
0 0.4430859375 0.4909899166666667 0.014374999999999971 0.03083299999999996
0 0.4559375 0.51421875 0.015625 0.025832999999999995
0 0.4955078125 0.5032291666666667 0.010624999999999996 0.03833300000000003
0 0.5443359375 0.49541666666666667 0.01375000000000004 0.022499999999999964
0 0.5717578125 0.4790621666666666 0.010624999999999996 0.03833400000000009
0 0.6035546875 0.4809375 0.03750000000000009 0.04833299999999996
0 0.6835546875 0.4994795 0.007499999999999951 0.015832999999999986
0 0.7128125 0.5648961666666666 0.015625 0.03833299999999995
0 0.7334375 0.49005174999999995 0.016875000000000084 0.025834000000000062
0 0.7805859375 0.4930208333333333 0.014374999999999916 0.027500000000000007
0 0.8052734375 0.5543746666666666 0.02937499999999993 0.05333400000000014
0 0.8026171875 0.48869824999999995 0.021874999999999978 0.040000000000000036
0 0.8755078125 0.5216145833333333 0.011249999999999982 0.019167000000000007
0 0.993359375 0.4284375 0.011874999999999969 0.17333299999999996
