0 0.0308203125 0.15450904339051463 0.02625 0.05106700000000002
0 0.10203125 0.3791771251261352 0.039999999999999994 0.05300600000000002
0 0.1421875 0.3137317981836529 0.048125 0.044601999999999996
0 0.1553125 0.3695602885973764 0.046875 0.057530000000000046
0 0.158359375 0.15148179818365287 0.043125 0.04589599999999999
0 0.235234375 0.3020811059535823 0.07437500000000002 0.07821599999999991
0 0.343984375 0.1745954712411705 0.044375 0.03749200000000003
0 0.479765625 0.3787211876892028 0.05125000000000002 0.080155
0 0.6484375 0.23092867810292636 0.07937499999999997 0.09243700000000002
0 0.8104296875 0.11835747124117053 0.038124999999999964 0.03749200000000002
0 0.814609375 0.12229994248234108 0.04312500000000008 0.07369099999999999
0 0.8246484375 0.062277798183652866 0.029999999999999916 0.04589500000000002
0 0.9740625 0.3975136155398587 0.04749999999999999 0.06464100000000002
