0 0.4986979166666667 0.4965234375 0.999167 0.37437499999999996
0 0.038958 0.178828125 0.031667 0.03562499999999999
0 0.16213541666666667 0.139921875 0.04583299999999998 0.05937500000000001
0 0.43145833333333333 0.2888671875 0.07333300000000002 0.085625
0 0.5547395833333334 0.283125 0.05166700000000005 0.06374999999999997
0 0.6047395833333332 0.1992578125 0.05000000000000012 0.04250000000000001
0 0.77567675 0.27421875 0.05666700000000002 0.05499999999999999
0 0.7772395833333333 0.1588671875 0.05083300000000005 0.053125000000000006
0 0.8124475833333333 0.269296875 0.020000000000000018 0.027500000000000024
0 0.8758333333333334 0.3058984375 0.041667000000000044 0.029374999999999984
0 0.8876045 0.0751171875 0.04833299999999996 0.05312499999999999
