0 0.1098828125 0.3332815833333333 0.010000000000000009 0.019166000000000055
0 0.141484375 0.35541666666666666 0.013124999999999998 0.022500000000000037
0 0.1569921875 0.6397913333333333 0.021875000000000006 0.07416699999999994
0 0.1973828125 0.3253125 0.010624999999999996 0.015832999999999986
0 0.2442578125 0.3266145833333333 0.011249999999999982 0.02083299999999999
0 0.3345703125 0.57619825 0.026874999999999982 0.040000000000000036
0 0.370234375 0.31078158333333333 0.011874999999999969 0.019165999999999978
0 0.3705078125 0.15578158333333336 0.010624999999999996 0.019165999999999943
0 0.432109375 0.3738538333333334 0.011874999999999969 0.02749999999999993
0 0.4742578125 0.6017190833333333 0.04250000000000004 0.06666600000000004
0 0.5543359375 0.35838575 0.014375000000000027 0.024165999999999983
0 0.673984375 0.32119825 0.012500000000000067 0.04
0 0.7640234375 0.49875 0.02937500000000004 0.06333300000000001
0 0.7584375 0.317292 0.016874999999999973 0.03166599999999997
0 0.822109375 0.32385383333333334 0.011874999999999969 0.027500000000000007
0 0.9574609375 0.4427604166666667 0.045624999999999916 0.07583299999999997
