0 0.1608203125 0.7047582401171303 0.181875 0.2786120000000001
0 0.5387109375 0.4992679355783309 0.920625 0.9990620000000001
0 0.1504296875 0.17912212298682284 0.03812500000000002 0.09474699999999997
0 0.1992578125 0.06058134992679355 0.04250000000000001 0.076923
0 0.241640625 0.3217293440702782 0.083125 0.16885500000000006
0 0.2818359375 0.9475293806734992 0.139375 0.10131300000000015
0 0.294140625 0.0424597364568082 0.05125000000000002 0.08630399999999999
0 0.344375 0.11142170571010247 0.03187499999999999 0.06379
0 0.5255078125 0.22428260175695464 0.10375000000000001 0.175422
0 0.613203125 0.03367496339677892 0.06812499999999999 0.06754199999999999
0 0.641484375 0.5650351171303074 0.10687500000000005 0.18480299999999997
0 0.768828125 0.3106479824304539 0.130625 0.272983
0 0.792578125 0.043923865300146414 0.03687499999999999 0.08818
0 0.8931640625 0.4626266998535871 0.11249999999999993 0.153846
0 0.9174609375 0.0767127057101025 0.04625000000000001 0.06378999999999999
