0 0.0635546875 0.2879324055636896 0.1 0.21482100000000007
0 0.17578125 0.23837954026354316 0.070625 0.12851799999999997
0 0.22015625 0.5088029941434845 0.04000000000000001 0.09193200000000008
0 0.309609375 0.39096398828696927 0.07437499999999997 0.1829260000000001
0 0.51640625 0.22833221522693994 0.070625 0.16510399999999997
0 0.5533203125 0.1555558653001464 0.026874999999999982 0.09005700000000003
0 0.61296875 0.4316696998535871 0.08687500000000004 0.1538460000000001
0 0.6534375 0.20234660761346998 0.04874999999999996 0.08442799999999999
0 0.7216015625 0.5498417613469986 0.09750000000000003 0.2016889999999999
0 0.7687890625 0.22261589604685209 0.04937499999999995 0.11163299999999998
0 0.8405078125 0.36247921522694 0.1050000000000001 0.166041
