0 0.0240625 0.667966859030837 0.015625 0.029162000000000028
0 0.0626953125 0.6796684302496329 0.025624999999999995 0.023518000000000008
0 0.072265625 0.9096427209985317 0.020625000000000004 0.09501399999999995
0 0.118515625 0.7149338604992658 0.02062499999999999 0.04797800000000002
0 0.120859375 0.6293968590308371 0.011874999999999983 0.029161999999999945
0 0.1312109375 0.7837227180616739 0.013749999999999998 0.05362099999999998
0 0.2026171875 0.984052859030837 0.021875000000000006 0.028222000000000066
0 0.227109375 0.5445011439060207 0.013124999999999998 0.016932999999999962
0 0.2669921875 0.8241047195301027 0.023125000000000007 0.07525900000000023
0 0.2753125 0.7205788604992659 0.015625 0.047976999999999874
0 0.3308984375 0.8530838634361233 0.02937500000000004 0.09030999999999989
0 0.344140625 0.765481005873715 0.020625000000000004 0.08278500000000014
0 0.404296875 0.7633702907488987 0.02812500000000001 0.07149600000000003
0 0.442734375 0.6281571453744493 0.012500000000000011 0.03668900000000008
0 0.4481640625 0.7569001483113068 0.019374999999999976 0.07713999999999988
0 0.52515625 0.6537410014684287 0.008750000000000036 0.02069600000000008
0 0.588671875 0.8597378619676944 0.028125000000000067 0.0696150000000002
0 0.6109765625 0.7100928634361233 0.034375000000000044 0.08936900000000003
0 0.6390625 0.5916978604992658 0.015625 0.04985900000000001
0 0.8071875 0.9170538634361234 0.016875000000000084 0.08842899999999983
0 0.9893359375 0.648256718061674 0.014374999999999916 0.05362200000000013
