0 0.0111368125 0.3720836666666667 0.010632000000000003 0.022499999999999964
0 0.11936287500000001 0.4438538333333333 0.027516999999999986 0.027500000000000007
0 0.15380293750000001 0.3512496666666667 0.01438399999999998 0.022500000000000037
0 0.18909937500000001 0.31411458333333336 0.011881999999999976 0.020832999999999952
0 0.20070693750000002 0.2982815833333334 0.013758999999999993 0.019165999999999943
0 0.2469859375 0.3423434166666666 0.014384000000000036 0.014166999999999966
0 0.3433730625 0.3846878333333334 0.018135999999999985 0.028333000000000014
0 0.49780100000000005 0.5150520833333333 0.03314600000000001 0.06666699999999996
0 0.6817100625 0.37786425 0.01813599999999993 0.03916700000000003
0 0.7641408749999999 0.4596871666666667 0.028768000000000016 0.06999999999999991
0 0.8214695625 0.33963575 0.06504100000000002 0.08749999999999998
0 0.9036469375 0.31874966666666665 0.014384000000000063 0.02083400000000002
0 0.9643089374999999 0.35161458333333334 0.014384000000000063 0.019167000000000007
