0 0.3193359375 0.29839301587301587 0.015000000000000013 0.033537000000000046
0 0.3530078125 0.3638787142857143 0.010624999999999996 0.030488000000000032
0 0.38265625 0.3898570158730159 0.009375000000000022 0.033535999999999955
0 0.42890625 0.3894113174603175 0.009375000000000022 0.03556899999999995
0 0.518359375 0.3984317142857143 0.012500000000000067 0.029472000000000012
0 0.5680859375 0.42339301587301587 0.013749999999999929 0.033537
0 0.607734375 0.4583238253968255 0.013124999999999942 0.05182899999999989
0 0.7223828125 0.4725508253968254 0.011249999999999982 0.05386200000000002
0 0.7713671875 0.5282523333333332 0.02312499999999995 0.06910500000000003
0 0.901171875 0.8698215873015872 0.028125000000000067 0.17479699999999995
0 0.9351953125 0.4926833333333333 0.02562500000000001 0.067073
