0 0.0068359375 0.3759705454545454 0.01375 0.09201900000000007
0 0.29296875 0.4241265395894428 0.586875 0.17746499999999996
0 0.0445703125 0.3539764105571847 0.025625000000000002 0.04976600000000005
0 0.0787890625 0.39288613489736074 0.01812499999999999 0.044131
0 0.11890625 0.41006971847507334 0.039999999999999994 0.08450700000000003
0 0.1494140625 0.4079606158357772 0.018125000000000002 0.07136100000000005
0 0.18140625 0.5119409237536657 0.07062500000000002 0.10798099999999997
0 0.2757421875 0.4359625835777126 0.023125000000000007 0.03849799999999997
0 0.31484375 0.4592054809384164 0.024375000000000036 0.027230000000000056
0 0.47859375 0.4107640263929619 0.05624999999999997 0.11924799999999995
0 0.5713671875 0.4853168592375367 0.021874999999999978 0.043191999999999946
0 0.5731640625 0.48783768621700874 0.018125000000000058 0.050704000000000006
0 0.8560546875 0.42583850733137835 0.06999999999999995 0.146479
0 0.962578125 0.4284515835777126 0.036250000000000004 0.038496999999999997
0 0.98734375 0.5222184428152492 0.02375000000000005 0.08075100000000009
