0 0.043359375 0.34583366666666665 0.043750000000000004 0.085416
0 0.18046875 0.31692675 0.08593799999999999 0.11874999999999998
0 0.33457081250000004 0.4026041666666667 0.07343699999999997 0.13124999999999995
0 0.49277393750000004 0.3281246666666667 0.07656199999999996 0.11458400000000006
0 0.583203125 0.4158854166666666 0.06718799999999991 0.10833300000000001
0 0.667578125 0.35182325000000003 0.06718800000000003 0.133333
0 0.73828075 0.3531250000000001 0.02499999999999991 0.03333299999999991
0 0.7431640625 0.267708 0.018750000000000044 0.03125
0 0.78984325 0.37421908333333337 0.07187599999999994 0.12916599999999998
0 0.9248046875 0.31432258333333335 0.03906200000000004 0.04999999999999997
