0 0.0194921875 0.51828025 0.021875 0.04086699999999999
0 0.059765625 0.43023916666666673 0.02062499999999999 0.03836499999999998
0 0.07007812499999999 0.6781922499999999 0.03625 0.07089200000000002
0 0.1613671875 0.4663659166666667 0.022499999999999992 0.03085899999999997
0 0.2256640625 0.4873190833333334 0.018124999999999974 0.0350289999999999
0 0.2752734375 0.693469 0.029374999999999984 0.0633860000000001
0 0.3138671875 0.5347569166666667 0.021875000000000033 0.029190999999999967
0 0.3556640625 0.5747899166666667 0.01937500000000003 0.03085899999999997
0 0.3921875 0.6021513333333334 0.015625 0.04170099999999999
0 0.4043359375 0.6106956666666666 0.014374999999999971 0.053377999999999926
0 0.49875 0.9288934166666666 0.125 0.13928300000000013
0 0.443359375 0.5431990833333334 0.013124999999999998 0.03586299999999998
0 0.4853125 0.5353865833333334 0.015625 0.01918299999999995
0 0.5319921875 0.5850022500000001 0.023125000000000062 0.04003400000000005
0 0.639453125 0.6635034166666668 0.036250000000000004 0.046704999999999774
0 0.8078125 0.5470625833333332 0.015625 0.0191830000000001
0 0.827734375 0.53131875 0.011874999999999969 0.02585500000000011
0 0.8319140625 0.56081525 0.01937500000000003 0.04003400000000005
0 0.8540234375 0.8113130833333333 0.030625000000000013 0.09674699999999999
0 0.8970703125 0.8937445833333334 0.05687500000000001 0.17598000000000003
0 0.888515625 0.550237 0.020625000000000004 0.03252700000000012
0 0.9262890625 0.6082530833333334 0.018125000000000058 0.03502899999999998
0 0.9936328125 0.52464575 0.010624999999999996 0.02585499999999996
