0 0.0361328125 0.5778884892601432 0.073864 0.17708400000000005
0 0.1967325 0.44898568019093077 0.11079599999999998 0.14930600000000005
0 0.256569875 0.8102046324582339 0.12215900000000002 0.15624999999999986
0 0.49245356250000005 0.06172964916467781 0.06534099999999998 0.104166
0 0.56108 0.5407798544152744 0.09375 0.17361100000000007
0 0.651101125 0.5860346491646778 0.036932000000000076 0.10416700000000007
0 0.6829719375 0.2287195059665871 0.07670500000000002 0.125
0 0.750533125 0.5981915704057279 0.036930999999999936 0.065972
0 0.902521125 0.6665423627684964 0.06818199999999996 0.14583299999999993
0 0.9330606250000001 0.3173645369928401 0.08238699999999988 0.17013899999999998
