0 0.175234375 0.2753073133235725 0.074375 0.14446499999999998
0 0.2171484375 0.37754109224011706 0.029374999999999984 0.07129400000000005
0 0.2898046875 0.4229550248901904 0.03875000000000001 0.11538400000000001
0 0.3739453125 0.3530799941434846 0.026874999999999982 0.09193299999999997
0 0.507265625 0.2543976383601757 0.05250000000000005 0.106003
0 0.6073828125 0.40497260761347 0.041874999999999996 0.08442799999999995
0 0.6908203125 0.32427166910688143 0.057499999999999996 0.13039399999999998
0 0.8738671875 0.740484055636896 0.02312499999999995 0.13789800000000013
0 0.904140625 0.48960318448023427 0.05249999999999999 0.14071199999999998
0 0.97765625 0.40684960761347 0.040000000000000036 0.08255099999999994
