0 0.05328125 0.34639014977973576 0.070625 0.09774499999999992
0 0.0955078125 0.9424898649045521 0.105 0.11090200000000003
0 0.1259765625 0.4725058663729809 0.06562499999999999 0.13063900000000003
0 0.2052734375 0.446776154185022 0.09312500000000001 0.15977500000000006
0 0.2740234375 0.3277110073421439 0.06125 0.10432300000000003
0 0.3291796875 0.42433915124816446 0.06937500000000002 0.11748099999999999
0 0.4094140625 0.8092054419970631 0.11312499999999998 0.18890900000000005
0 0.4126953125 0.40765914537444936 0.026874999999999982 0.036653999999999964
0 0.4801953125 0.3958482980910426 0.08937499999999998 0.17575099999999996
0 0.55171875 0.36771343612334806 0.05624999999999991 0.10808199999999994
0 0.643828125 0.852262725403818 0.09875 0.15789499999999976
0 0.633359375 0.4339128678414096 0.07562500000000005 0.15225500000000003
0 0.770703125 0.46034458590308364 0.09875 0.20300700000000005
0 0.8265234375 0.3910325800293686 0.06125000000000003 0.12312000000000008
0 0.932265625 0.8030970117474303 0.11375000000000002 0.1654130000000001
0 0.9262109375 0.5120967239353891 0.07687499999999992 0.1362780000000001
0 0.9746875 0.38257358002936853 0.04812499999999997 0.12218100000000001
