0 0.2423046875 0.3372730088495575 0.03749999999999998 0.082153
0 0.24640625 0.4324123038348083 0.04062500000000002 0.06987699999999997
0 0.3023828125 0.23464323008849558 0.041874999999999996 0.07176499999999998
0 0.3299609375 0.4176548613569321 0.04562500000000003 0.08593000000000003
0 0.3953515625 0.2744200825958702 0.03500000000000003 0.07743100000000006
0 0.4711328125 0.47325100884955745 0.04125000000000001 0.08120800000000003
0 0.4891015625 0.26999530383480824 0.03437499999999999 0.06987699999999997
0 0.554453125 0.49916008259587025 0.03562500000000002 0.07743199999999992
0 0.658203125 0.2639152300884956 0.03687499999999999 0.07176599999999998
0 0.764453125 0.3131360825958702 0.03562500000000002 0.07743099999999997
