0 0.0433984375 0.4783972892804699 0.030624999999999996 0.05268100000000002
0 0.1368359375 0.4432457165932453 0.013749999999999984 0.03480699999999995
0 0.1937890625 0.4612345741556534 0.01874999999999999 0.03856999999999998
0 0.2625390625 0.43801428781204116 0.018125000000000002 0.031043999999999995
0 0.3331640625 0.4496020014684287 0.018125000000000002 0.022577000000000066
0 0.3993359375 0.4150237165932453 0.014999999999999958 0.03292599999999996
0 0.4505859375 0.4304882878120411 0.015000000000000013 0.031044999999999975
0 0.4862890625 0.4686457165932453 0.01937500000000003 0.03386600000000001
0 0.554140625 0.47158257415565347 0.019999999999999907 0.040451999999999946
0 0.673515625 0.4577702878120411 0.020625000000000004 0.031043999999999995
0 0.7590625 0.4304882878120411 0.016249999999999987 0.031044999999999975
0 0.8258984375 0.5162560044052863 0.02937499999999993 0.06397000000000012
0 0.898046875 0.4906262892804699 0.028124999999999956 0.05268099999999985
0 0.986640625 0.4535937165932452 0.019999999999999907 0.03480699999999995
