0 0.044179687499999995 0.3907809166666667 0.037500000000000006 0.06166699999999999
0 0.0692578125 0.42921908333333336 0.042499999999999996 0.06583300000000003
0 0.1119140625 0.4516663333333333 0.019375000000000003 0.041667000000000044
0 0.2912890625 0.3935416666666667 0.01937500000000003 0.053333
0 0.337265625 0.38630241666666665 0.020625000000000004 0.04666600000000002
0 0.41921875 0.3913024166666667 0.02375000000000005 0.045000000000000005
0 0.4665234375 0.39609408333333335 0.029374999999999984 0.034999999999999996
0 0.5008203124999999 0.3873961666666667 0.026875000000000038 0.03749999999999994
0 0.5255078125 0.4233850833333333 0.041874999999999996 0.06583400000000002
0 0.5756640625 0.3725003333333334 0.01937500000000003 0.04333299999999999
0 0.6033984375 0.3833333333333333 0.030625000000000013 0.04416699999999999
0 0.6269140625 0.4075003333333333 0.018124999999999947 0.044166000000000004
0 0.6560546875 0.3996354166666667 0.03750000000000009 0.046667000000000014
0 0.7447265625 0.38265625 0.03500000000000003 0.070833
0 0.87171875 0.3909375 0.024375000000000036 0.04833299999999996
0 0.9173046875 0.372917 0.03874999999999995 0.06333300000000001
0 0.97890625 0.44578125 0.040000000000000036 0.10333299999999997
