0 0.075859375 0.3136585710102489 0.074375 0.15182700000000002
0 0.1626953125 0.3195830614934114 0.02687500000000001 0.04779800000000002
0 0.2042578125 0.2542687364568082 0.041874999999999996 0.08622300000000001
0 0.2564453125 0.25737334992679356 0.02687500000000001 0.07685099999999997
0 0.50671875 0.29053006149341143 0.024375000000000036 0.046859999999999964
0 0.5246875 0.22978841727672034 0.01750000000000007 0.034677000000000006
0 0.5667578125 0.4445177979502196 0.073125 0.13308299999999992
0 0.586640625 0.27658831918008786 0.020625000000000004 0.055296
0 0.6813671875 0.19077125183016105 0.053749999999999964 0.09840700000000001
0 0.755 0.2308988345534407 0.03125 0.06654200000000003
