0 0.0429688125 0.28515675 0.010741999999999995 0.02473900000000003
0 0.0839840625 0.2786458333333333 0.018555000000000002 0.027343999999999962
0 0.147460625 0.8359370833333334 0.05175800000000001 0.12890700000000002
0 0.15917925 0.3111980833333334 0.04004000000000002 0.06640600000000003
0 0.2246091875 0.26432316666666666 0.02246100000000001 0.03775999999999998
0 0.25683568749999997 0.4296875 0.06836 0.109375
0 0.25488275 0.3229168333333334 0.054688000000000014 0.05859399999999996
0 0.2568363125 0.6575525 0.058593000000000006 0.11067700000000007
0 0.409179625 0.4518229999999999 0.05273399999999995 0.09505200000000007
0 0.43261700000000003 0.8398440833333334 0.03125 0.06770799999999995
0 0.43066362499999994 0.3085940833333333 0.019532000000000105 0.035155999999999965
0 0.46093775 0.384115 0.05566399999999999 0.09375
0 0.5644534375 0.4023435 0.06054700000000002 0.11067699999999991
0 0.6562496250000001 0.3294266666666667 0.05078199999999988 0.084636
0 0.7226560625 0.38151 0.08105499999999999 0.15625
0 0.8857424375 0.7291669166666667 0.061522999999999994 0.15364600000000003
0 0.9472653125000001 0.47656208333333333 0.08789099999999994 0.06640700000000004
