0 0.0274375 0.8541615816993463 0.047 0.1057570000000001
0 0.0446953125 0.5095678431372549 0.026000000000000002 0.041499
0 0.0658828125 0.5190014640522875 0.009999999999999995 0.03614500000000004
0 0.15371875 0.5203404640522876 0.025000000000000022 0.03480600000000003
0 0.161765625 0.7048587908496731 0.02099999999999999 0.05488600000000017
0 0.1887890625 0.6233876535947713 0.018000000000000016 0.0374829999999999
0 0.2992265625 0.8592640980392157 0.065 0.12717599999999996
0 0.2996484375 0.695204496732026 0.031000000000000028 0.07630500000000011
0 0.50334375 0.7431768235294117 0.05500000000000005 0.09504700000000002
0 0.51115625 0.4735958562091503 0.07100000000000006 0.13788500000000004
0 0.78153125 0.8367585816993464 0.040000000000000036 0.10575699999999995
0 0.9796953125 0.7408139281045752 0.026000000000000023 0.06827299999999997
0 0.9758125 0.481644705882353 0.017000000000000015 0.02409599999999995
