0 0.10231338067349928 0.545859375 0.10225100000000001 0.07499999999999996
0 0.31075273645680823 0.55484375 0.08724199999999996 0.08750000000000002
0 0.47240134992679356 0.1743359375 0.07692299999999992 0.076875
0 0.6050572825768668 0.2303515625 0.12195099999999999 0.09687499999999999
0 0.6969720614934114 0.17546875 0.04784200000000008 0.056249999999999994
0 0.7592719941434846 0.328203125 0.09286999999999998 0.06812499999999999
0 0.7812598653001465 0.550234375 0.09005600000000005 0.10625000000000001
0 0.8363783499267935 0.19234375 0.07692399999999998 0.05499999999999999
0 0.8642938345534407 0.5727734375 0.0666040000000002 0.06187500000000001
0 0.9337118345534408 0.347109375 0.06660399999999987 0.043125000000000024
0 0.9575056076134701 0.189375 0.082552 0.06312500000000001
0 0.9619680922401171 0.570546875 0.07223300000000003 0.059374999999999956
