0 0.1435544375 0.16406266666666666 0.029297000000000017 0.054686999999999986
0 0.1435543125 0.23307266666666668 0.026368000000000003 0.052083999999999984
0 0.1494143125 0.3046876666666667 0.026366999999999974 0.054686999999999965
0 0.15136675 0.3802086666666667 0.023437999999999987 0.05468699999999993
0 0.156249875 0.45312475 0.028319999999999984 0.054687999999999924
0 0.16015675000000001 0.6002605 0.025389999999999996 0.04817700000000006
0 0.160156625 0.52734325 0.020506999999999997 0.040364999999999984
0 0.192383 0.16276066666666666 0.03125 0.054687000000000006
0 0.19238275000000002 0.2382815 0.02441399999999999 0.048177000000000025
0 0.1953123125 0.3098958333333333 0.025390999999999997 0.05859399999999996
0 0.200194875 0.3828124166666667 0.028321000000000013 0.04557299999999994
0 0.20507775 0.4492185833333333 0.023437999999999987 0.05078100000000004
0 0.20703074999999999 0.52864575 0.02441500000000002 0.054687999999999924
0 0.20703074999999999 0.6002604166666666 0.02441500000000002 0.04427099999999995
0 0.23925731249999999 0.1666665 0.026368000000000058 0.049478999999999995
0 0.2451171875 0.2434895 0.02246100000000001 0.04817699999999999
0 0.248046875 0.38932341666666664 0.02734399999999998 0.04557200000000002
0 0.24707075 0.3164064166666667 0.025390000000000024 0.04557299999999994
0 0.2519531875 0.45442758333333333 0.022460999999999953 0.050780999999999965
0 0.257813 0.6067704166666666 0.03320299999999998 0.044271000000000026
0 0.2578124375 0.52864575 0.029297000000000017 0.054687999999999924
0 0.2900393125 0.1731775 0.02636700000000003 0.04817699999999999
0 0.29199175 0.2460933333333333 0.023438000000000014 0.042969
0 0.29492175000000004 0.3124996666666667 0.02441399999999999 0.05338599999999997
0 0.2978513125 0.38671925 0.026366999999999974 0.040364000000000066
0 0.305664 0.532552 0.03125 0.03125
0 0.30273418750000003 0.4583333333333333 0.021484999999999976 0.041667000000000044
0 0.30957018750000004 0.6041664166666667 0.022460999999999953 0.04557300000000001
0 0.33886731249999996 0.17838541666666666 0.02636700000000003 0.04557300000000001
0 0.34082043749999996 0.2539064166666667 0.030272999999999994 0.044270999999999984
0 0.34277362499999997 0.32161425 0.02148400000000006 0.04036499999999995
0 0.34863275 0.3945313333333333 0.023438000000000014 0.041667000000000044
0 0.34863275 0.4583332500000001 0.023438000000000014 0.040364999999999984
0 0.35546887499999996 0.6002604166666666 0.028320000000000067 0.04557299999999994
0 0.38574175 0.25000041666666667 0.023438000000000014 0.045572999999999975
0 0.38769575 0.18098933333333334 0.02441399999999999 0.042969
0 0.3886723125 0.32031275 0.026366999999999974 0.05598899999999999
0 0.39160174999999997 0.38802049999999993 0.02441399999999999 0.04947900000000005
0 0.3974604375 0.4583335833333333 0.029297000000000017 0.05078100000000004
0 0.4052735 0.6106773333333333 0.016600999999999977 0.04296800000000012
0 0.43554675 0.186198 0.023438000000000014 0.03125
0 0.4365233125 0.3294274166666667 0.026366999999999974 0.045572999999999975
0 0.43652362499999997 0.25390666666666667 0.02148400000000006 0.05338499999999998
0 0.43750018749999997 0.3958335 0.023436999999999986 0.048176999999999914
0 0.44628874999999996 0.4622395000000001 0.023438000000000014 0.046875
0 0.44726518749999994 0.6093753333333334 0.022461000000000064 0.04427000000000003
0 0.48046843749999996 0.18619825 0.029297000000000073 0.04036399999999999
0 0.48242231250000006 0.25651050000000003 0.02636699999999992 0.04817699999999999
0 0.48242175 0.3242184166666667 0.024414000000000047 0.046874999999999965
0 0.48632831249999997 0.3945313333333333 0.02636700000000003 0.041667000000000044
0 0.49316374999999996 0.464844 0.023438000000000014 0.033853999999999974
0 0.49707062500000004 0.608073 0.021484000000000003 0.03255200000000006
0 0.5283203125 0.18750008333333334 0.02539099999999994 0.035155999999999965
0 0.5312503125 0.25520841666666666 0.027343000000000006 0.04557300000000001
0 0.5312503125 0.3997393333333334 0.027343000000000006 0.0416669999999999
0 0.5322261875000001 0.3333334166666666 0.021484999999999865 0.04557300000000005
0 0.5371097499999999 0.4661461666666667 0.024414000000000047 0.037760000000000016
0 0.54199175 0.60807325 0.02343799999999996 0.041665999999999905
0 0.5712894374999999 0.18359341666666665 0.030273000000000105 0.04557300000000001
0 0.5761714375 0.3997393333333334 0.029297000000000017 0.0416669999999999
0 0.57617175 0.25651033333333334 0.02343799999999996 0.042969000000000035
0 0.57714875 0.3281253333333333 0.024413999999999936 0.04427
0 0.5820310625 0.4622395833333333 0.018554999999999988 0.05078100000000004
0 0.58691375 0.6067705 0.02343799999999996 0.046875
0 0.6181641875 0.1888021666666667 0.022460999999999953 0.03775999999999998
0 0.6347654375 0.6002604166666666 0.030273999999999912 0.04557299999999994
0 0.6611329375 0.3541667499999999 0.0761719999999999 0.18098900000000004
0 0.6640623125 0.1874995833333333 0.02636700000000003 0.049480000000000045
0 0.6796877499999999 0.6054691666666666 0.025390000000000135 0.037760000000000016
0 0.7089841875 0.19140625 0.022460999999999953 0.039062999999999994
0 0.7226558750000001 0.6028645 0.027343999999999924 0.046875
0 0.7509764375 0.1940105 0.029297000000000017 0.046875
0 0.756835875 0.32421833333333333 0.027343999999999924 0.041667000000000044
0 0.7539066249999999 0.2617185 0.02148400000000006 0.04817699999999999
0 0.7597651875 0.3958334166666666 0.021484999999999976 0.044271000000000026
0 0.7646481875000001 0.46354125 0.022460999999999953 0.040364999999999984
0 0.7724611874999999 0.6002601666666667 0.023437000000000152 0.03776100000000001
0 0.7968753125 0.19140633333333334 0.02636700000000003 0.04166700000000001
0 0.7968746250000001 0.25781291666666667 0.02050799999999997 0.029947999999999975
0 0.8027341875 0.3281253333333333 0.022460999999999953 0.04427
0 0.80371075 0.3997393333333334 0.02343799999999996 0.0416669999999999
0 0.8046877499999999 0.4609373333333333 0.024414000000000047 0.04296899999999996
0 0.8144528750000001 0.5273435000000001 0.02832099999999993 0.046875
0 0.8144531875 0.5989585 0.022460999999999953 0.046875
0 0.83886675 0.18359341666666665 0.024414000000000047 0.04557300000000001
0 0.8417967500000001 0.26171833333333333 0.023437999999999848 0.041667000000000044
0 0.8427733125000001 0.32682325 0.02539099999999994 0.04036400000000003
0 0.8476566249999999 0.3919274166666667 0.02148400000000006 0.04557299999999994
0 0.8505856250000001 0.4596354166666667 0.02050799999999997 0.04557299999999994
0 0.8544918750000001 0.5351561666666668 0.027343999999999813 0.03776099999999986
0 0.8583983125000001 0.6002605833333333 0.02539099999999994 0.05078100000000011
