0 0.295234375 0.7553174172767204 0.012500000000000011 0.032832999999999994
0 0.40625 0.2339352767203514 0.18937499999999996 0.21106899999999998
0 0.3243359375 0.7739651595900439 0.014374999999999971 0.029080999999999923
0 0.355234375 0.788974159590044 0.011875000000000024 0.029080999999999923
0 0.3855859375 0.8078504172767204 0.014375000000000027 0.032832999999999994
0 0.43546875 0.8429011903367496 0.02437499999999998 0.05065700000000006
0 0.4939453125 0.8301800614934114 0.025624999999999953 0.049719000000000006
0 0.5432421875 0.8287159326500732 0.023125000000000062 0.045966000000000125
0 0.5882421875 0.8216238038067349 0.02312499999999995 0.04221400000000006
0 0.6120703125 0.5004041537335286 0.05687500000000001 0.11913699999999998
0 0.6389453125 0.8164066749633968 0.02562500000000001 0.03846199999999999
