0 0.12687500000000002 0.5234260614934114 0.033125 0.04971899999999992
0 0.2524609375 0.5519108345534407 0.046249999999999986 0.06660400000000004
0 0.3729296875 0.5332630922401171 0.03749999999999998 0.07129400000000001
0 0.472890625 0.5223738038067349 0.020625000000000004 0.042213999999999974
0 0.5434375 0.5994993806734992 0.04874999999999996 0.10225100000000005
0 0.54671875 0.5179814172767203 0.024374999999999925 0.03470900000000011
0 0.5948046875 0.5384792210834553 0.038124999999999964 0.07504700000000004
0 0.6220703125 0.5415918345534407 0.02562500000000001 0.0656659999999999
0 0.68296875 0.5731622825768667 0.05625000000000002 0.12195099999999999
0 0.7259375 0.5380231903367496 0.016874999999999973 0.05253300000000002
0 0.7638671875 0.5639474172767205 0.021874999999999978 0.03471
0 0.801875 0.5371994480234261 0.03312499999999996 0.058160999999999956
0 0.8753125 0.5533048653001464 0.046875 0.0891179999999999
0 0.9900390625 0.533447448023426 0.018125000000000058 0.05816100000000004
