0 0.0093359375 0.4659899166666666 0.014375 0.030833000000000037
0 0.436328125 0.3763545 0.13062499999999994 0.23583299999999996
0 0.4860546875 0.5344270833333332 0.03874999999999995 0.03416700000000006
0 0.639609375 0.45713508333333336 0.13687499999999997 0.253334
0 0.7306640625 0.40463541666666664 0.01937499999999992 0.045000000000000005
0 0.777109375 0.36671875 0.013125000000000053 0.02416700000000005
0 0.7844921875 0.36671875 0.021874999999999978 0.025832999999999995
0 0.81125 0.42749966666666667 0.03249999999999997 0.08499999999999996
0 0.828984375 0.39057258333333333 0.012499999999999956 0.04999999999999997
0 0.9626171875 0.37062533333333336 0.021874999999999978 0.07416599999999995
