0 0.2867578125 0.2286471804511278 0.104375 0.09871600000000001
0 0.330390625 0.40749316541353386 0.083125 0.17415800000000004
0 0.3580078125 0.1665817042606516 0.07374999999999998 0.146068
0 0.4555078125 0.6095014385964912 0.10437500000000005 0.142857
0 0.492578125 0.13733783709273184 0.09937499999999999 0.149278
0 0.5228515625 0.4248121729323308 0.06562500000000004 0.13563400000000006
0 0.56546875 0.4900737744360903 0.08625000000000005 0.12921299999999997
0 0.63421875 0.3148601729323308 0.08687499999999992 0.13723900000000003
0 0.7358984375 0.49698710275689223 0.09250000000000003 0.15329
0 0.772421875 0.3063840401002506 0.08999999999999997 0.13483100000000003
0 0.89375 0.5734425087719298 0.09375 0.1252
