0 0.13874999999999998 0.7390172625368732 0.032500000000000015 0.031162000000000002
0 0.18765625 0.5585332300884956 0.04000000000000001 0.07176599999999994
0 0.1953125 0.7151048613569321 0.04749999999999999 0.08687500000000009
0 0.3796875 0.7571847876106196 0.048750000000000016 0.0887629999999999
0 0.5023828125 0.6343099351032448 0.04250000000000004 0.08309799999999999
0 0.5437890625 0.7816189351032449 0.04999999999999993 0.08498599999999996
0 0.61453125 0.6481858938053098 0.03937500000000005 0.04438199999999994
0 0.6871875 0.5972492300884956 0.0475000000000001 0.073654
0 0.6993359375 0.8124837138643066 0.04500000000000004 0.09348500000000001
0 0.7022265625 0.42303182005899703 0.03499999999999992 0.04815900000000005
0 0.7728515625 0.7548908938053097 0.034375000000000044 0.044380999999999955
0 0.8375 0.6742128200589971 0.03312499999999996 0.047213999999999944
0 0.8453125 0.7502232300884957 0.04812499999999997 0.07365500000000007
0 0.858203125 0.5557627463126844 0.036250000000000004 0.05287999999999993
0 0.9165625 0.685239418879056 0.04875000000000007 0.10481499999999992
0 0.958359375 0.6012599351032448 0.043749999999999956 0.08498600000000005
0 0.9942578125 0.7283248613569322 0.010000000000000009 0.08593099999999998
