0 0.4867578125 0.44109385944363105 0.8225 0.17917500000000003
0 0.087265625 0.4261626749633968 0.020000000000000004 0.040337999999999936
0 0.1281640625 0.44586267496339677 0.018125000000000016 0.03846199999999999
0 0.164140625 0.438883803806735 0.01999999999999999 0.04221400000000006
0 0.1940625 0.44586267496339677 0.017499999999999988 0.03846199999999999
0 0.216171875 0.4328439326500732 0.028749999999999998 0.04409000000000001
0 0.258515625 0.42305106149341143 0.020624999999999977 0.04971800000000003
0 0.3021484375 0.42181444802342605 0.030625000000000013 0.05722299999999998
0 0.3428125 0.4527272884333821 0.016249999999999987 0.03095700000000004
0 0.3871875 0.44293441727672034 0.015625 0.03377100000000005
0 0.4107421875 0.4594085461200586 0.021874999999999978 0.036584999999999895
0 0.4468359375 0.4591800307467057 0.015000000000000013 0.02532799999999996
0 0.4808203125 0.4489051903367496 0.026874999999999982 0.05253300000000002
0 0.526875 0.403991448023426 0.03125 0.056285
0 0.695 0.42137663836017575 0.06375000000000008 0.10788
0 0.760546875 0.40527122108345537 0.028125000000000067 0.075047
0 0.7953125 0.4560674172767203 0.016874999999999973 0.03471000000000008
0 0.8728125 0.4599960556368961 0.07937499999999997 0.13883699999999982
