0 0.03265625 0.5802813499267936 0.039375 0.07692299999999992
0 0.057148437499999996 0.9565676076134698 0.061875 0.08349000000000022
0 0.051875 0.07735309224011712 0.03187500000000001 0.073171
0 0.1210546875 0.47574147877013184 0.03874999999999999 0.08067599999999987
0 0.14125 0.06463196339677892 0.031875000000000014 0.06941800000000001
0 0.2552734375 0.25466059590043927 0.155 0.26360300000000003
0 0.235 0.0673317057101025 0.033125000000000016 0.061914
0 0.3290234375 0.06211557686676428 0.030624999999999958 0.05909899999999999
0 0.4047265625 0.08902196339677891 0.03375 0.06941800000000002
0 0.571796875 0.48591256515373354 0.09062500000000007 0.24014999999999997
0 0.5890234375 0.08932057686676428 0.030625000000000013 0.06097500000000001
0 0.786875 0.5270042093704246 0.125 0.2560970000000001
0 0.7757421875 0.12192506149341142 0.02312499999999995 0.04971900000000003
0 0.9015234375 0.3190373191800878 0.030625000000000013 0.053471000000000074
0 0.917421875 0.1143499633967789 0.028124999999999956 0.069419
0 0.919375 0.4747593191800878 0.03312499999999996 0.05534700000000011
0 0.928125 0.6388110614934115 0.03312500000000007 0.04784199999999991
0 0.962109375 0.7496106017569546 0.07437499999999997 0.17542200000000005
0 0.973046875 0.3107786749633968 0.028125000000000067 0.038461000000000016
