0 0.1221875 0.32371626113671276 0.04749999999999999 0.07086599999999997
0 0.1816796875 0.2797828509984639 0.03812500000000002 0.08956700000000002
0 0.2044921875 0.6386478341013825 0.05437500000000001 0.12106299999999996
0 0.228359375 0.1635675391705069 0.04437499999999997 0.11122000000000004
0 0.3404296875 0.4513555560675883 0.03874999999999995 0.08267699999999997
0 0.3717578125 0.5362399493087557 0.04249999999999998 0.09252000000000002
0 0.4137109375 0.6362020476190476 0.04625000000000001 0.09547199999999997
0 0.481484375 0.4638378509984639 0.04375000000000001 0.09055200000000005
0 0.5348828125 0.548006064516129 0.041874999999999996 0.06692900000000003
0 0.651796875 0.4346235560675883 0.028749999999999942 0.08070900000000002
0 0.7443359375 0.5210440476190477 0.045624999999999916 0.09547299999999989
0 0.8090625 0.5583268509984639 0.04749999999999999 0.09153499999999994
0 0.8801171875 0.6390807357910906 0.053749999999999964 0.11712599999999994
