0 0.1025 0.5188024166666667 0.031875 0.045000000000000005
0 0.15140625 0.58734375 0.04000000000000001 0.05499999999999994
0 0.1834765625 0.5957295 0.03375 0.079166
0 0.2963671875 0.5685940833333333 0.021874999999999978 0.03583300000000008
0 0.409765625 0.8588538333333333 0.176875 0.2783340000000001
0 0.4009765625 0.6558854166666667 0.12874999999999998 0.23249999999999993
0 0.436875 0.510417 0.03249999999999997 0.06416599999999988
0 0.4906640625 0.6150524166666668 0.049375 0.10916599999999994
0 0.5530078125 0.6258854166666666 0.04125000000000001 0.10833300000000008
0 0.593125 0.47156216666666667 0.03125 0.038334000000000014
0 0.626875 0.5251045 0.03312500000000007 0.048333000000000036
0 0.6795703125 0.4799479166666667 0.026874999999999982 0.05999999999999998
0 0.7163671875 0.7946350833333332 0.05437500000000006 0.12916700000000012
0 0.7384765625 0.5751038333333334 0.03374999999999995 0.08999999999999993
0 0.7787890625 0.5483850833333334 0.05062500000000003 0.06666700000000003
0 0.8614453125 0.4973961666666667 0.02562500000000001 0.038332999999999874
0 0.9499609375 0.6314586666666666 0.04625000000000001 0.11500000000000006
0 0.9719921875 0.59505175 0.053749999999999964 0.15000000000000005
