0 0.0185546875 0.62300160761347 0.038125 0.08247400000000002
0 0.1437109375 0.6686910922401171 0.04500000000000001 0.07310199999999994
0 0.2730859375 0.6369423499267935 0.04500000000000004 0.078726
0 0.5945703124999999 0.33021426500732065 0.6825000000000001 0.393627
0 0.4172265625 0.6030870922401171 0.03375 0.07122700000000005
0 0.519453125 0.6208930922401171 0.036250000000000004 0.07310300000000008
0 0.61765625 0.6001588345534407 0.040000000000000036 0.06560400000000005
0 0.7546875 0.6568568653001463 0.04875000000000007 0.08997200000000008
0 0.84453125 0.5272893499267937 0.04062500000000002 0.07872599999999992
0 0.9455078125 0.5053835768667643 0.041874999999999996 0.05998099999999998
0 0.9728125 0.7481166383601757 0.04749999999999999 0.10590400000000005
