0 0.0302734375 0.4277565859030837 0.061875 0.20413900000000001
0 0.0651171875 0.24559957856093984 0.05375 0.10159899999999995
0 0.13570312499999998 0.2977072907488987 0.03625000000000002 0.07149600000000003
0 0.1649609375 0.2856152878120411 0.015000000000000013 0.03198499999999998
0 0.205625 0.25620043318649044 0.03312499999999999 0.06585100000000002
0 0.2680078125 0.2311440058737151 0.04249999999999998 0.08466599999999999
0 0.32265625 0.39269815124816454 0.07187500000000002 0.11759100000000006
0 0.3858203125 0.2902502892804699 0.02562500000000001 0.051739999999999994
0 0.4003125 0.3250114302496329 0.016249999999999987 0.023518999999999988
0 0.499375 0.37464029515418507 0.06374999999999997 0.1335839999999999
0 0.5409375 0.32159300293685755 0.015625 0.042333000000000016
0 0.5855078125 0.28674014390602054 0.010000000000000009 0.01599199999999998
0 0.607265625 0.42674800734214396 0.05125000000000002 0.10347999999999999
0 0.648984375 0.2716881439060206 0.012500000000000067 0.016932999999999962
0 0.666484375 0.3075510014684288 0.013124999999999942 0.020695999999999996
0 0.6829296875 0.3159031439060206 0.007499999999999951 0.015050999999999953
0 0.7578515625 0.4597878649045521 0.06625000000000003 0.1100660000000001
0 0.7619140625 0.2934400014684288 0.01937499999999992 0.02163700000000002
0 0.80828125 0.2979142863436124 0.008125000000000049 0.011288999999999981
0 0.8475390625 0.3005524302496329 0.01937500000000003 0.025400000000000016
0 0.8539453125 0.3314135741556535 0.025624999999999898 0.03856999999999998
0 0.8918359375 0.3349927180616741 0.014375000000000027 0.05362099999999994
0 0.9221875 0.32953157415565343 0.015625 0.03856999999999998
