0 0.1116796875 0.34482134992679353 0.03874999999999999 0.07879900000000008
0 0.1569921875 0.44020873645680814 0.05375000000000002 0.08630399999999998
0 0.2590234375 0.31311070571010247 0.029374999999999984 0.06285199999999998
0 0.2927734375 0.3375007057101025 0.029374999999999984 0.061914
0 0.324375 0.4263210922401172 0.03187499999999999 0.07129499999999998
0 0.389921875 0.3287159326500732 0.02812500000000001 0.045966
0 0.423671875 0.3431297057101025 0.02812500000000001 0.06378999999999999
0 0.45234375 0.5394873191800879 0.05499999999999999 0.05347099999999999
0 0.513046875 0.34793396339677896 0.028124999999999956 0.06754199999999998
0 0.5251953125 0.3951797364568082 0.026875000000000093 0.08536600000000001
0 0.5864453125 0.46885092679355783 0.05687500000000001 0.13602199999999992
0 0.5782421875 0.288790803806735 0.021874999999999978 0.042214000000000015
0 0.61390625 0.33667696339677894 0.03937500000000005 0.06754199999999998
0 0.6583203125 0.4293194480234261 0.02562500000000001 0.05722299999999998
0 0.731171875 0.5395055402635431 0.05874999999999997 0.12664100000000011
0 0.7680859375 0.4167826749633967 0.04625000000000001 0.04033700000000005
0 0.953046875 0.7502068286969253 0.09125000000000005 0.15572199999999994
0 0.9383984375 0.303615448023426 0.030625000000000013 0.05628600000000006
0 0.984921875 0.4098911229868229 0.028125000000000067 0.09380899999999998
