0 0.0416796875 0.37307860761347 0.03875 0.08442700000000002
0 0.0743359375 0.45645334992679354 0.045625000000000006 0.07692400000000006
0 0.1380859375 0.41426628843338215 0.014999999999999986 0.03189499999999993
0 0.1543359375 0.37257841727672036 0.014374999999999999 0.03283299999999995
0 0.1824609375 0.3860090307467058 0.014374999999999999 0.025328999999999977
0 0.24421875 0.3757341903367496 0.024375000000000008 0.05065700000000002
0 0.33203125 0.473690626647145 0.13437500000000002 0.28986900000000004
0 0.4388671875 0.3883420614934114 0.023125000000000007 0.04971800000000003
0 0.4950390625 0.42508447877013184 0.04999999999999999 0.08067599999999996
0 0.55375 0.2997327554904831 0.15750000000000003 0.290807
0 0.6490625 0.39461044802342604 0.016249999999999987 0.05722299999999998
0 0.69625 0.3866234787701318 0.03187499999999999 0.08067500000000002
0 0.8210546875 0.3632857364568082 0.038124999999999964 0.08630300000000006
0 0.9153515625 0.34092915373352856 0.06562499999999993 0.11726099999999998
0 0.9578125 0.3922784172767203 0.01750000000000007 0.032832999999999994
0 0.990234375 0.36402115959004394 0.012499999999999956 0.027204999999999927
