0 0.026658875 0.56953125 0.027417000000000004 0.04038500000000004
0 0.03336375 0.4913061666666667 0.024531000000000004 0.038461
0 0.057938437499999995 0.5798876666666666 0.030302999999999997 0.05384600000000006
0 0.088285125 0.6915461666666668 0.03607499999999998 0.06923099999999982
0 0.08429149999999999 0.27095383333333334 0.015873000000000012 0.057691999999999966
0 0.08722118749999999 0.4939103333333334 0.02308800000000001 0.044230999999999986
0 0.09015087499999999 0.6245588333333334 0.02741700000000001 0.026923999999999875
0 0.1189671875 0.4835539166666667 0.02308800000000001 0.030768999999999973
0 0.12860175 0.6228165833333335 0.024531000000000025 0.05192299999999994
0 0.15219987499999998 0.5700316666666666 0.027417000000000025 0.021153999999999968
0 0.15066949999999998 0.44316891666666663 0.017316000000000026 0.028846
0 0.17184806249999998 0.43479575 0.018759000000000026 0.02500000000000006
0 0.174267625 0.4881413333333333 0.020201999999999998 0.04423000000000007
0 0.18683187499999998 0.5529646666666665 0.028860000000000025 0.05384600000000006
0 0.2156045 0.4681689166666667 0.015872999999999998 0.028845999999999927
0 0.2232859375 0.5182291666666666 0.014430000000000026 0.038461999999999996
0 0.230967375 0.45594975000000004 0.01298699999999997 0.024999999999999984
0 0.245397375 0.45216300000000004 0.012986999999999999 0.03269300000000001
0 0.280204125 0.70643075 0.03607499999999997 0.086538
0 0.27430106249999997 0.432933 0.018759000000000026 0.03269200000000002
0 0.2791401875 0.46239991666666674 0.02164499999999997 0.028845999999999854
0 0.3007415 0.4097355 0.015873000000000026 0.0173080000000001
0 0.3165708125 0.3988786666666666 0.011543999999999999 0.023076000000000096
0 0.3238731875 0.5008016666666667 0.021645000000000025 0.02115300000000005
0 0.32234281249999996 0.37449958333333333 0.010101000000000027 0.019230000000000008
0 0.32713825 0.40080166666666667 0.008657999999999999 0.02115300000000005
0 0.3387259375 0.41941075 0.014429999999999943 0.024999999999999984
0 0.34547449999999996 0.4707730833333334 0.017316000000000054 0.03461599999999998
0 0.351756625 0.4181086666666667 0.020201999999999998 0.02307699999999994
0 0.349293375 0.3706525833333334 0.01298699999999997 0.019230999999999998
0 0.353199625 0.5028441666666666 0.020201999999999998 0.03846200000000007
0 0.3663176875 0.6471956666666666 0.03896099999999997 0.05384600000000014
0 0.3781970625 0.38479575000000005 0.01875899999999997 0.024999999999999984
0 0.406167875 0.5586141666666666 0.027417000000000025 0.036538000000000036
0 0.4099430625 0.461779 0.018759000000000026 0.03269200000000002
0 0.4407561875 0.40024 0.023088000000000053 0.03269300000000001
0 0.4613809375 0.4547079166666667 0.014429999999999998 0.030768999999999973
0 0.4666865 0.3623999166666667 0.015873000000000026 0.028845999999999927
0 0.48315699999999995 0.4978165833333334 0.03319000000000005 0.04999999999999997
0 0.4796735 0.4027849166666666 0.015873000000000026 0.028846000000000076
0 0.491727625 0.4354769166666666 0.020202000000000053 0.028846000000000076
0 0.5042918750000001 0.4874601666666667 0.02886100000000008 0.03653799999999988
0 0.5075579375 0.3553288333333333 0.014430000000000054 0.026922999999999957
0 0.5292029375 0.35917483333333333 0.014430000000000054 0.02692300000000003
0 0.5668956875 0.6344148333333334 0.03751800000000005 0.057692999999999994
0 0.559549625 0.39372958333333336 0.020201999999999942 0.019230999999999998
0 0.56294575 0.5035253333333333 0.02453099999999997 0.04230800000000009
0 0.5789061249999999 0.55024 0.03607500000000008 0.03269300000000008
0 0.5859900625000001 0.3437898333333333 0.01875899999999997 0.026922999999999992
0 0.6172259375 0.9364583333333334 0.014429999999999943 0.07307700000000006
0 0.6307667499999999 0.5728165833333333 0.02453100000000008 0.05192299999999994
0 0.6441765 0.421394 0.015872999999999915 0.03269300000000001
0 0.6485055000000001 0.37331699999999995 0.017315999999999998 0.03269300000000001
0 0.6648449375000001 0.4744995833333334 0.014429999999999943 0.01922999999999986
0 0.6725700625000001 0.3584936666666667 0.01875899999999986 0.02307699999999994
0 0.6773218125 0.4258016666666667 0.011543999999999999 0.02307699999999994
0 0.6831811875 0.4822518333333334 0.021645000000000025 0.026922999999999957
0 0.699695375 0.7480565833333334 0.04473299999999991 0.08076999999999994
0 0.715816375 0.36364175 0.01298699999999997 0.024999999999999984
0 0.7318204375 0.5086141666666667 0.03030299999999997 0.038461
0 0.7264275 0.4309497500000001 0.017315999999999998 0.024999999999999984
0 0.7307564999999999 0.3874601666666666 0.01731600000000011 0.036538000000000036
0 0.74909275 0.45284416666666666 0.02453100000000008 0.03653900000000002
0 0.77710725 0.6574918333333334 0.040403999999999995 0.05769199999999993
0 0.7678080625 0.4072518333333333 0.01875899999999997 0.026922999999999957
0 0.7841911874999999 0.8022835 0.021645000000000025 0.048077
0 0.7928491875 0.379087 0.021645000000000025 0.03269199999999994
0 0.7976009374999999 0.32257658333333333 0.014430000000000054 0.019230000000000008
0 0.8063899999999999 0.5586141666666666 0.03174600000000016 0.038461
0 0.80765825 0.3385814999999999 0.008658000000000055 0.017308000000000063
0 0.8184004375 0.42281658333333333 0.030302999999999858 0.050000000000000044
0 0.8231085 0.3553288333333333 0.01731600000000011 0.026922999999999957
0 0.8707711875 0.4843545833333333 0.023087999999999997 0.04999999999999997
0 0.922762875 0.6010416666666666 0.027417000000000025 0.05384600000000006
0 0.962321375 0.6269025833333334 0.04473300000000002 0.08269300000000006
