0 0.0230859375 0.556477199066874 0.013749999999999998 0.06368199999999997
0 0.0261328125 0.338935099533437 0.010624999999999999 0.03283600000000006
0 0.0604296875 0.2685974696734059 0.0075 0.022885999999999962
0 0.0867578125 0.257343099533437 0.009999999999999995 0.03283600000000001
0 0.09078125 0.35069114930015555 0.008750000000000008 0.04676599999999995
0 0.10609375 0.6745172986003111 0.024374999999999994 0.093532
0 0.1191796875 0.28905867962674964 0.007499999999999993 0.025871000000000043
0 0.1654296875 0.30696867962674956 0.007500000000000007 0.026866000000000025
0 0.1823828125 0.17861067962674962 0.010624999999999996 0.02686599999999996
0 0.1830078125 0.2671676796267496 0.010624999999999996 0.026866000000000025
0 0.206328125 0.32985467962674964 0.005624999999999991 0.027860999999999966
0 0.22015625 0.23464204976671849 0.008750000000000008 0.01592000000000004
0 0.2548046875 0.24969246967340591 0.0068749999999999645 0.024876000000000016
0 0.2616796875 0.33296509953343706 0.006250000000000033 0.03184099999999999
0 0.2704296875 0.1854502597200622 0.007500000000000007 0.018906000000000006
0 0.28265625 0.24104683981337482 0.008124999999999993 0.013929999999999986
0 0.3148828125 0.23333767962674964 0.010000000000000009 0.02586999999999996
0 0.3279296875 0.2585220497667185 0.007500000000000007 0.016916000000000018
0 0.3336328125 0.2262462597200622 0.010624999999999996 0.019900999999999967
0 0.33453125 0.29160888958009323 0.008124999999999993 0.02985100000000002
0 0.3523046875 0.27214267962674965 0.006250000000000033 0.025870999999999953
0 0.3586328125 0.3115088895800933 0.010624999999999996 0.03084599999999996
0 0.3666796875 0.24415725972006222 0.007500000000000007 0.020894999999999955
0 0.3691796875 0.21642167962674963 0.007500000000000007 0.026865999999999984
0 0.376328125 0.40858709953343697 0.0050000000000000044 0.03283600000000006
0 0.4091015625 0.2477024696734059 0.003124999999999989 0.022885000000000055
0 0.43390625 0.1620050497667185 0.009375000000000022 0.017910000000000006
0 0.4322265625 0.2315316298600311 0.0037499999999999756 0.011940000000000018
0 0.4460546875 0.2485720497667185 0.006250000000000033 0.016915000000000024
0 0.553828125 0.2825284696734059 0.0050000000000000044 0.021890000000000027
0 0.5628515625 0.25056204976671853 0.0031249999999999334 0.016915000000000024
0 0.6480078125 0.09801367962674962 0.011250000000000093 0.025870999999999988
0 0.9859375 0.9099620388802491 0.015625 0.07761199999999992
