0 0.0546484375 0.9076032518301612 0.06187499999999999 0.09849899999999998
0 0.1727734375 0.6812084172767203 0.030625000000000013 0.032832999999999994
0 0.2164453125 0.9057531903367496 0.02562500000000001 0.05159500000000012
0 0.225703125 0.6488314480234261 0.03562499999999999 0.058160999999999956
0 0.284140625 0.9180624480234261 0.020625000000000004 0.05816099999999987
0 0.293046875 0.6362946749633968 0.028749999999999998 0.04033699999999997
0 0.3050390625 0.6015856749633969 0.018125000000000002 0.03846099999999993
0 0.321640625 0.6758079326500732 0.019999999999999962 0.04409000000000001
0 0.3790234375 0.6772720614934115 0.029374999999999984 0.04784299999999997
0 0.485859375 0.6405468653001464 0.04437500000000005 0.08818000000000002
0 0.552421875 0.6392229326500731 0.028125000000000067 0.044090000000000094
0 0.5723046875 0.6781399633967788 0.03750000000000009 0.06941900000000002
0 0.626640625 0.6183304787701317 0.05125000000000002 0.08067600000000004
0 0.6648828125 0.6335939326500731 0.010624999999999996 0.044090000000000094
0 0.8519140625 0.6134820614934114 0.018124999999999947 0.04690499999999991
0 0.880625 0.6252651903367497 0.03249999999999997 0.05159499999999995
0 0.923125 0.6132987057101026 0.03187499999999999 0.06191299999999986
