0 0.103515625 0.23313797067448683 0.208984 0.4281520000000001
0 0.2089845625 0.08064544281524927 0.03515599999999999 0.08064500000000001
0 0.322266 0.12316719941348975 0.06347600000000003 0.10997099999999997
0 0.48339875000000004 0.14956047507331377 0.05566399999999988 0.114369
0 0.5566410625 0.3548386744868035 0.11328099999999997 0.2214080000000001
0 0.6445310000000001 0.2052788475073314 0.0947269999999999 0.21261000000000002
0 0.7480473125 0.24633433431085047 0.058593000000000006 0.15395899999999993
0 0.80371125 0.5263927771260997 0.10253900000000005 0.23167200000000013
0 0.8203123125 0.1026393401759531 0.02636700000000003 0.068915
0 0.8603511875000001 0.3152488856304985 0.08398499999999998 0.158358
0 0.95214825 0.326979853372434 0.07128899999999994 0.12903199999999995
0 0.9648435625 0.5513192404692082 0.06640599999999997 0.5146629999999999
