0 0.0560551875 0.620365015873016 0.021875 0.03320299999999995
0 0.1416015625 0.7707590305250306 0.03515599999999999 0.06347699999999985
0 0.1734375 0.6272020207570207 0.016406000000000004 0.04394599999999996
0 0.303125 0.5354070256410256 0.03203100000000003 0.05175700000000007
0 0.33359375 0.5373590207570208 0.024999999999999967 0.04199199999999989
0 0.46796899999999997 0.8315530415140416 0.06406200000000006 0.08496099999999993
0 0.4611333125 0.5300340183150182 0.02734300000000006 0.03808600000000013
0 0.5275390625 0.5224660195360196 0.019530999999999965 0.04003899999999987
0 0.6509763125 0.8205660402930403 0.05703199999999997 0.0830079999999999
0 0.6533200625000001 0.5524930134310134 0.018749999999999933 0.02929700000000005
0 0.7076169375 0.8496150244200246 0.04531299999999994 0.04980499999999988
0 0.7402346249999999 0.5468770097680098 0.02109300000000003 0.021484999999999827
0 0.8427731875 0.5388220134310133 0.021874999999999978 0.02929700000000005
0 0.9074223749999999 0.7133850268620269 0.04453100000000021 0.055664999999999916
