0 0.1292578125 0.1612668477366255 0.10375 0.14047400000000004
0 0.174296875 0.4126386213991769 0.05875 0.13169500000000003
0 0.2932421875 0.4647133950617283 0.05375000000000002 0.12379300000000006
0 0.308984375 0.7054954897119341 0.043125000000000024 0.09218600000000009
0 0.43640625 0.7407776529492456 0.070625 0.12203699999999998
0 0.5528515625 0.16318813717421124 0.06625000000000003 0.12818199999999996
0 0.6183203125 0.41143216872427985 0.057499999999999996 0.11764699999999997
0 0.65921875 0.14990865294924555 0.05625000000000002 0.12291500000000004
0 0.69390625 0.7303521371742113 0.07062500000000005 0.1281829999999999
0 0.72453125 0.49066926337448563 0.040000000000000036 0.08428499999999998
0 0.7776171875 0.751916879286694 0.053750000000000075 0.1308169999999999
0 0.800625 0.17515068449931412 0.06374999999999997 0.109745
