0 0.0283203125 0.40072005563689594 0.05714299999999999 0.139186
0 0.10351018749999999 0.3740170248901903 0.052857000000000015 0.11563199999999998
0 0.184721125 0.3199360922401171 0.03571399999999997 0.07280500000000002
0 0.2464225625 0.51239821522694 0.09714299999999998 0.16488200000000006
0 0.251395375 0.3734505402635432 0.07428500000000002 0.12847900000000004
0 0.30622181249999997 0.33909770571010256 0.042857000000000034 0.06423999999999996
0 0.373839 0.7918299765739385 0.15714299999999998 0.3640260000000001
0 0.361484375 0.3637681229868228 0.04428599999999999 0.09421900000000002
0 0.44058050000000004 0.32105150951683753 0.048570999999999975 0.10278399999999999
0 0.5122992500000001 0.4568336017569546 0.07142799999999999 0.1734470000000001
0 0.5115570625000001 0.32218647877013185 0.04999999999999999 0.08137099999999996
0 0.54314775 0.31204796339677887 0.024285 0.06852200000000003
0 0.5814116874999999 0.3313199633967789 0.03714300000000004 0.06852200000000003
0 0.6683203125 0.38190515373352857 0.057143000000000055 0.11777399999999999
0 0.6828406874999999 0.2878160922401171 0.03857100000000002 0.07280500000000002
0 0.739911 0.2919887057101025 0.032857000000000025 0.06209800000000001
0 0.8182866875 0.6573127920937043 0.13142900000000002 0.22269799999999992
0 0.806819625 0.43498105563689604 0.05142799999999992 0.13918599999999998
0 0.8859147499999999 0.34753476720351395 0.05571500000000018 0.10920799999999997
0 0.9725336250000001 0.3914771844802343 0.05142799999999981 0.1413280000000001
