0 0.13386718749999998 0.030656934306569343 0.053750000000000006 0.06349199999999999
0 0.29765625 0.35775803649635035 0.07124999999999998 0.099907
0 0.4476171875 0.0364963503649635 0.053749999999999964 0.074697
0 0.4623046875 0.39843389051094896 0.03812500000000002 0.10270799999999998
0 0.5690625 0.049635036496350364 0.04749999999999999 0.101774
0 0.601171875 0.550442496350365 0.028124999999999956 0.07282900000000005
0 0.6039453125 0.03690349635036496 0.025624999999999898 0.07283
0 0.6055859375 0.03614022627737226 0.015000000000000013 0.056956
0 0.6828515625 0.322618496350365 0.06625000000000003 0.072829
0 0.8191796875 0.05878664233576642 0.038124999999999964 0.069094
0 0.8333984375 0.20235589051094888 0.06125000000000003 0.10364100000000007
0 0.9505078125 0.04525547445255475 0.073125 0.09057
