0 0.116875 0.40956175516224186 0.06437499999999999 0.131256
0 0.27703125 0.4316938289085545 0.070625 0.12747899999999998
0 0.49125 0.4366495339233039 0.06375000000000003 0.1397539999999999
0 0.6120703125 0.5721581238938053 0.05687500000000001 0.11614800000000004
0 0.7323046875 0.4633857551622419 0.06937499999999996 0.13220000000000007
0 0.8194140625 0.4785111150442478 0.018124999999999947 0.036827
0 0.843359375 0.530680820058997 0.013124999999999942 0.05004700000000002
0 0.8818359375 0.5037098938053096 0.015000000000000013 0.044382000000000026
0 0.9281640625 0.523774598820059 0.01937499999999992 0.05854500000000001
0 0.9339453125 0.5169842300884955 0.026874999999999982 0.07176600000000011
