0 0.0342578125 0.45639257709251096 0.0425 0.080903
0 0.176171875 0.4641931512481644 0.05875 0.11947300000000007
0 0.3476171875 0.49982629368575626 0.05375000000000002 0.11194799999999998
0 0.48765625 0.45536085903083695 0.009374999999999967 0.02916300000000009
0 0.53140625 0.45012943024963287 0.008750000000000036 0.024459000000000033
0 0.5390625 0.44113500146842877 0.015625 0.022577999999999963
0 0.6037109375 0.44448543024963294 0.013749999999999929 0.026339999999999936
0 0.6390625 0.5585200058737151 0.04749999999999999 0.08466599999999995
0 0.72265625 0.46189858002936857 0.07187500000000002 0.12323600000000003
0 0.8463671875 0.5633595829662261 0.08562500000000006 0.16180699999999998
