0 0.2206204375 0.2798046666666667 0.030628000000000016 0.05334699999999998
0 0.288635125 0.28312666666666664 0.03598699999999999 0.04602500000000005
0 0.329138875 0.26764333333333334 0.028330999999999995 0.069037
0 0.3531646875 0.45336400000000004 0.038283999999999985 0.07426799999999996
0 0.3795415625 0.27067800000000003 0.034457000000000015 0.05648499999999997
0 0.443305125 0.27020666666666665 0.035221999999999976 0.06171499999999999
0 0.502874625 0.26097666666666663 0.021438999999999986 0.054393000000000066
0 0.5173675624999999 0.4663873333333333 0.03445600000000004 0.06903799999999993
0 0.5227275625000001 0.07572633333333334 0.03445599999999993 0.043933
0 0.5533545624999999 0.259172 0.03445700000000007 0.05753100000000006
0 0.616697 0.2720113333333334 0.03215899999999994 0.060668999999999945
0 0.6689755625 0.2624123333333333 0.03369 0.06903800000000004
0 0.7070711875 0.4466973333333334 0.05283300000000002 0.059622999999999975
0 0.749162 0.254619 0.03216000000000008 0.07217599999999996
0 0.8313808125 0.2858966666666667 0.04134799999999994 0.06171599999999997
0 0.8641725 0.444812 0.04747299999999999 0.08263599999999997
