0 0.1115234375 0.2902355422647528 0.061249999999999985 0.137896
0 0.2019921875 0.3003964752791068 0.05374999999999999 0.11133800000000002
0 0.2378515625 0.6273135422647529 0.065 0.13789599999999985
0 0.3237109375 0.3489773716108453 0.044999999999999984 0.114403
0 0.3752734375 0.5756676459330143 0.06125000000000003 0.13585300000000014
0 0.4715234375 0.2444670606060606 0.06124999999999997 0.121553
0 0.5422265625 0.582244749601276 0.06562500000000004 0.1317669999999999
0 0.579296875 0.329820956937799 0.05874999999999997 0.12563800000000003
0 0.6664453125 0.3662165789473684 0.05812499999999998 0.10725300000000001
0 0.69765625 0.5958460606060605 0.07187500000000002 0.12155300000000017
0 0.74671875 0.3491748899521532 0.05625000000000002 0.09805899999999994
0 0.835234375 0.3086392009569378 0.04375000000000007 0.08784499999999994
0 0.895 0.3118830606060606 0.06312499999999999 0.12359500000000001
