0 0.0675390625 0.7835934166666666 0.049375 0.07583400000000011
0 0.0594140625 0.5523434166666666 0.018125000000000002 0.01416700000000004
0 0.0956640625 0.5601559166666666 0.018125000000000002 0.030834000000000028
0 0.146015625 0.5684899166666666 0.020624999999999977 0.0300000000000001
0 0.148515625 0.5458857500000001 0.020624999999999977 0.02416599999999991
0 0.215390625 0.5690621666666668 0.02124999999999999 0.036667000000000005
0 0.216484375 0.5187496666666668 0.013124999999999998 0.022499999999999964
0 0.2543359375 0.5213538333333334 0.013749999999999984 0.02749999999999993
0 0.2582421875 0.5518229166666666 0.023125000000000007 0.030833000000000037
0 0.2607421875 0.5915621666666667 0.023125000000000007 0.038333999999999945
0 0.2784375 0.5138538333333332 0.015625 0.027500000000000007
0 0.331640625 0.54619825 0.02124999999999999 0.040000000000000036
0 0.3387109375 0.5012496666666667 0.014375000000000027 0.020833999999999946
0 0.34671875 0.5832291666666666 0.02437499999999998 0.03750000000000009
0 0.38921875 0.5415621666666667 0.025000000000000022 0.036667000000000005
0 0.387109375 0.49958366666666665 0.013124999999999998 0.022499999999999964
0 0.4151953125 0.5769270833333334 0.025624999999999953 0.03583299999999993
0 0.4237890625 0.5280208333333333 0.018125000000000002 0.027500000000000007
0 0.437890625 0.5477600833333334 0.020625000000000004 0.035834
0 0.4399609375 0.50588575 0.014375000000000027 0.024165999999999983
0 0.4539453125 0.6076045 0.02562500000000001 0.04749999999999995
0 0.4726171875 0.5627600833333334 0.023125000000000007 0.03416699999999991
0 0.48859375 0.5352600833333333 0.023749999999999993 0.03416699999999998
0 0.520390625 0.55203125 0.020625000000000004 0.03916700000000003
0 0.5312890625 0.50421875 0.01937500000000003 0.024166999999999977
0 0.5439453125 0.58786425 0.026249999999999996 0.040000000000000036
0 0.5405859375 0.5326559166666667 0.014375000000000027 0.030833999999999955
0 0.5638671875 0.5391663333333333 0.022500000000000075 0.04333400000000006
0 0.560234375 0.4354166666666666 0.013125000000000053 0.022500000000000037
0 0.563359375 0.49515591666666664 0.012499999999999956 0.030833999999999955
0 0.5790625 0.5005208333333333 0.015625 0.027500000000000007
0 0.59734375 0.57786425 0.024375000000000036 0.03916700000000003
0 0.6100390625 0.5232291666666667 0.01937500000000003 0.03749999999999994
0 0.6183984375 0.6324479166666667 0.030000000000000027 0.060832999999999915
0 0.6428125 0.492292 0.016249999999999987 0.03333299999999998
0 0.6507421875 0.5573961666666666 0.02312499999999995 0.03750000000000009
0 0.67125 0.6019788333333334 0.03312499999999996 0.05833399999999996
0 0.6669140625 0.5177600833333332 0.018125000000000058 0.035000000000000066
0 0.6919921875 0.5196354166666667 0.021874999999999978 0.046667000000000014
0 0.729765625 0.5230208333333334 0.020625000000000004 0.02749999999999993
0 0.740625 0.57317675 0.03125 0.05499999999999994
0 0.769765625 0.5034899166666666 0.020625000000000004 0.029166000000000025
0 0.789140625 0.52453125 0.020625000000000004 0.040832999999999973
0 0.8139453125 0.5646354166666666 0.026249999999999996 0.045000000000000075
0 0.8288671875 0.5464065833333334 0.023125000000000062 0.05166599999999999
0 0.851015625 0.5233333333333333 0.020624999999999893 0.043333000000000066
0 0.87796875 0.5358333333333333 0.024375000000000036 0.041667000000000044
