0 0.015625 0.58418760761347 0.032227 0.08491899999999994
0 0.0244140625 0.48169867496339674 0.018555000000000002 0.04099500000000004
0 0.057617 0.5051241903367496 0.032227000000000006 0.05124500000000001
0 0.078124875 0.6354317364568083 0.05859400000000001 0.08638399999999999
0 0.113281375 0.42020493265007314 0.011719000000000007 0.043924000000000074
0 0.15332 0.6676427979502196 0.06347699999999999 0.13177199999999997
0 0.13378918750000002 0.45095154612005856 0.023437 0.03806699999999997
0 0.171875375 0.41142067496339674 0.012694999999999984 0.04099500000000004
0 0.1962895 0.4363104172767204 0.01757800000000001 0.03367499999999999
0 0.207030875 0.5285501903367497 0.027344000000000007 0.05124500000000001
0 0.213867375 0.43631054612005854 0.011719000000000007 0.03806700000000005
0 0.2294923125 0.45827241727672036 0.026367 0.035139000000000066
0 0.272461375 0.4041000307467057 0.012694999999999956 0.026353999999999975
0 0.29492218750000004 0.6061492210834554 0.054686999999999986 0.07467100000000008
0 0.29199187499999996 0.42020506149341136 0.027344000000000035 0.04831599999999997
0 0.33789025 0.49487593265007324 0.03906299999999996 0.046851999999999894
0 0.40136750000000004 0.9033673440702782 0.11132799999999993 0.16837500000000002
0 0.3994143125 0.4714499326500732 0.027343000000000006 0.04685199999999998
0 0.45312525 0.554904963396779 0.04003899999999999 0.06881399999999997
0 0.47753887500000003 0.4670575461200585 0.028320999999999985 0.03660300000000006
0 0.49414031249999996 0.5431919633967789 0.026367000000000085 0.06881400000000006
0 0.5136719375 0.38360141727672037 0.013672000000000017 0.03513899999999994
0 0.5175781875 0.44802390190336755 0.02343700000000004 0.021960999999999942
0 0.526367625 0.5300143191800878 0.021483999999999948 0.054173000000000075
0 0.532226375 0.3894584172767204 0.011718999999999924 0.03367499999999999
0 0.5722654375 0.5915077364568082 0.06054700000000002 0.08492
0 0.56640675 0.4289901903367497 0.025390000000000024 0.051243999999999956
0 0.6132810000000001 0.4685208038067349 0.032226999999999895 0.04099600000000009
0 0.6113283125 0.4172769019033675 0.02636700000000003 0.020498000000000002
0 0.6425783125 0.4202046749633968 0.02636700000000003 0.038068000000000025
0 0.6376949375000001 0.4626646749633968 0.014648999999999912 0.03953200000000002
0 0.6767575625000001 0.5226942210834553 0.035155999999999965 0.07613399999999994
0 0.6777345625 0.46559254612005846 0.035156000000000076 0.036604000000000116
0 0.711913875 0.3909225461200586 0.027343999999999924 0.036602999999999976
0 0.752929375 0.48901909224011714 0.04394599999999993 0.07320599999999995
0 0.7578121875 0.4202049019033675 0.021484999999999976 0.020498000000000002
0 0.7832034999999999 0.4407024172767204 0.015625 0.032211
0 0.823242625 0.3762814172767203 0.02148400000000006 0.035139000000000066
