0 0.069859375 0.38880811764705875 0.012666999999999998 0.02309200000000009
0 0.1126015625 0.2767955294117647 0.033333 0.069277
0 0.1886484375 0.2502239411764706 0.030667000000000028 0.06526199999999993
0 0.2682626875 0.368657294117647 0.007334000000000007 0.02710800000000007
0 0.2972685625 0.24714111764705882 0.034665999999999975 0.07128599999999996
0 0.403578125 0.25169452941176473 0.035999999999999976 0.06927799999999995
0 0.4587890625 0.33512852941176474 0.018000000000000016 0.019077000000000014
0 0.4919345625 0.15516788235294116 0.033333999999999975 0.08132500000000001
0 0.594817375 0.19163682352941178 0.04466700000000001 0.09437800000000003
0 0.7058876875 0.24169617647058822 0.03866700000000001 0.10843399999999999
0 0.8134375 0.20709258823529414 0.04733299999999996 0.104418
