0 0.121953125 0.27788819884726224 0.0675 0.10424299999999999
0 0.2074609375 0.30111834293948125 0.076875 0.13653100000000007
0 0.2958984375 0.08173673198847263 0.06125000000000003 0.12177100000000002
0 0.3246875 0.39008342074927954 0.078125 0.134686
0 0.407578125 0.295179265129683 0.06812499999999999 0.13929899999999995
0 0.448515625 0.11010604322766569 0.05250000000000005 0.111623
0 0.4875 0.24438796541786742 0.06437500000000002 0.11346900000000001
0 0.499609375 0.4174681873198848 0.07437499999999997 0.14391199999999998
0 0.6001953125 0.059077809798270896 0.057499999999999996 0.119926
0 0.6223046875 0.26554442074927953 0.06937499999999996 0.13284100000000004
0 0.730078125 0.3955035763688761 0.06812499999999999 0.12822899999999993
0 0.895703125 0.2634707319884726 0.0668749999999999 0.12269400000000003
