0 0.04875 0.3685460248901903 0.064375 0.11538400000000001
0 0.21671875 0.24233411713030747 0.08625000000000002 0.18480300000000002
0 0.3548828125 0.2733871537335285 0.073125 0.11726100000000002
0 0.441484375 0.2581496383601757 0.043125000000000024 0.10788
0 0.4921875 0.41185544216691067 0.078125 0.14728
0 0.592890625 0.2132348960468521 0.05249999999999999 0.11350900000000004
0 0.6597265625 0.2632255710102489 0.06625000000000003 0.15009399999999998
0 0.8275 0.3524837672035139 0.06437499999999996 0.11069499999999999
0 0.829453125 0.20445012298682283 0.06812499999999999 0.09380900000000002
0 0.929921875 0.31125192679355784 0.05999999999999994 0.136961
