0 0.26491 0.41782837500000003 0.06372600000000006 0.07516299999999992
0 0.3250680625 0.448236125 0.05065300000000006 0.06699300000000002
0 0.36204918750000004 0.4329110625 0.022875999999999952 0.050653000000000004
0 0.4090776875 0.4100350625 0.037582000000000004 0.04902000000000001
0 0.42904318750000003 0.44373 0.02287499999999998 0.032679000000000014
0 0.453534 0.4325919375 0.032679000000000014 0.04575099999999993
0 0.494982875 0.44106187499999994 0.05882400000000004 0.05882300000000007
0 0.5518921250000001 0.4368173125 0.03594699999999995 0.05718899999999999
0 0.5888156875 0.43584075 0.037582000000000004 0.05555500000000002
0 0.6387930625 0.40607125 0.04901999999999995 0.07189500000000004
0 0.6551714375 0.4400469375 0.029412000000000105 0.076797
0 0.70835925 0.44301499999999994 0.07189499999999993 0.06372500000000003
0 0.8110195 0.41754762500000003 0.04738500000000001 0.05228699999999992
