0 0.463932625 0.32248308333333336 0.02083299999999999 0.036111000000000004
0 0.47044237499999997 0.2355905 0.012500000000000011 0.016665999999999997
0 0.5770185625 0.7703990833333334 0.033332999999999946 0.09722200000000007
0 0.753776375 0.47248308333333333 0.012499999999999956 0.036111000000000004
0 0.782942375 0.5221354166666666 0.012500000000000067 0.04444399999999993
0 0.857942375 0.5182291666666666 0.012499999999999956 0.03888900000000003
0 0.862109375 0.42413183333333326 0.012500000000000067 0.02777800000000008
0 0.893359375 0.4559899166666667 0.012500000000000067 0.030555000000000037
0 0.9151689375 0.482292 0.014584000000000041 0.03333299999999998
0 0.9297529375 0.429514 0.014583000000000013 0.03333299999999998
0 0.9567060625 0.5747395833333334 0.018750000000000044 0.0499999999999999
0 0.97682325 0.4215276666666666 0.008332999999999924 0.022222000000000037
0 0.9890625 0.6857640000000002 0.0166670000000001 0.09444399999999997
