0 0.052054 0.41681566666666664 0.081904 0.116666
0 0.06898833333333335 0.32150283333333335 0.055237999999999995 0.059523999999999945
0 0.05595233333333334 0.23121308333333335 0.017143 0.03571399999999999
0 0.14116066666666668 0.23337091666666665 0.028570999999999975 0.030952000000000018
0 0.213185 0.23857925 0.019047000000000036 0.04047599999999999
0 0.2378273333333333 0.389732 0.06095200000000004 0.09523799999999993
0 0.25098200000000004 0.5737724166666668 0.05714299999999997 0.13809499999999994
0 0.25925566666666666 0.23318466666666668 0.028572000000000042 0.052380999999999976
0 0.3671426666666667 0.29401075 0.034286 0.05714300000000002
0 0.450446 0.34750758333333337 0.04571499999999998 0.08333300000000003
0 0.4900893333333334 0.25506 0.03618999999999997 0.064285
0 0.5398513333333333 0.5127231666666666 0.08571399999999993 0.1309520000000001
0 0.54378 0.33106375 0.043809000000000015 0.08809500000000003
0 0.5444346666666667 0.24505174999999998 0.015237999999999967 0.023810000000000036
0 0.6225296666666668 0.24895799999999998 0.015237999999999967 0.03333400000000001
0 0.7044346666666667 0.25587783333333336 0.015237999999999967 0.02857199999999997
0 0.7323216666666668 0.2682291666666667 0.02095199999999989 0.03809499999999999
0 0.7701186666666667 0.4620167499999999 0.05904799999999995 0.08809500000000003
0 0.7844346666666666 0.23790875 0.015237999999999967 0.023809999999999998
0 0.8265180000000001 0.25394316666666666 0.019046999999999887 0.03809600000000002
0 0.892351 0.4310268333333333 0.04380999999999998 0.059524000000000056
