0 0.1464844375 0.19208188563049852 0.062499999999999986 0.15835800000000003
0 0.2578120625 0.3797658914956012 0.04882900000000001 0.07624600000000001
0 0.2841796875 0.23606992961876835 0.007811999999999986 0.02052800000000002
0 0.32031225 0.23900337829912024 0.008788999999999936 0.017595000000000027
0 0.326171375 0.46041048093841647 0.012695999999999985 0.027858999999999932
0 0.3417965 0.4838707565982405 0.015625 0.03079199999999997
0 0.39355437499999996 0.48680375659824043 0.011719000000000035 0.03225799999999991
0 0.40136725 0.21554237829912024 0.008788999999999991 0.017595000000000027
0 0.43164068749999995 0.22580637829912026 0.006836000000000064 0.017594999999999944
0 0.45507793750000003 0.4266865835777126 0.013672000000000017 0.039589000000000034
0 0.49414025 0.37390061583577716 0.04003899999999999 0.07184699999999995
0 0.6025393124999999 0.3533723724340176 0.05859300000000012 0.09970700000000002
0 0.7343749375 0.41935475659824045 0.014648999999999912 0.03225800000000008
0 0.8339841250000001 0.1950146803519062 0.06738299999999986 0.13636399999999999
0 0.9902344999999999 0.4648090322580646 0.016601000000000088 0.033725
