0 0.14541666666666667 0.5559375 0.023332999999999993 0.016874999999999973
0 0.2216145833333333 0.5137890625 0.02083299999999999 0.018750000000000044
0 0.22401041666666666 0.5096875 0.013333000000000003 0.016875000000000084
0 0.38968716666666664 0.259140625 0.06833400000000005 0.05124999999999996
0 0.47885383333333337 0.3509765625 0.026666999999999996 0.034375000000000044
0 0.5432809166666667 0.2326171875 0.061666999999999916 0.05312500000000003
0 0.5908333333333333 0.500703125 0.043333000000000066 0.03562500000000002
0 0.6294270833333334 0.1583984375 0.03416699999999998 0.030625000000000013
0 0.7432815833333333 0.2190234375 0.0208330000000001 0.030624999999999986
0 0.81286425 0.1973828125 0.04083400000000011 0.04125000000000001
0 0.8190621666666668 0.200390625 0.036667000000000005 0.020625000000000004
