0 0.16406275 0.32786425 0.242968 0.44583400000000006
0 0.30625 0.826042 0.21875000000000003 0.344791
0 0.3607421875 0.4489586666666667 0.17812500000000003 0.3343749999999999
0 0.400390125 0.14921908333333334 0.16171900000000006 0.25520800000000005
0 0.53593775 0.49921841666666666 0.14921800000000002 0.26458399999999993
0 0.6646486875 0.30026075 0.132031 0.21354099999999998
0 0.760938 0.8093749999999998 0.25156199999999995 0.37708300000000006
0 0.772656 0.40416633333333335 0.1578130000000001 0.22916700000000004
0 0.9085934999999999 0.20572883333333333 0.01640699999999995 0.028124999999999994
0 0.96796875 0.2026041666666667 0.02499999999999991 0.03749999999999994
