0 0.0107421875 0.5401277057101026 0.021875 0.06378999999999994
0 0.052421875 0.42181444802342605 0.028125000000000004 0.056285000000000085
0 0.127109375 0.4354034787701318 0.043125 0.08067599999999996
0 0.1719140625 0.8118740922401173 0.05000000000000002 0.07129499999999982
0 0.2149609375 0.5633521903367497 0.046249999999999986 0.05159400000000007
0 0.2422265625 0.3963721903367497 0.03375000000000003 0.05159499999999995
0 0.3185546875 0.42016696339677895 0.03750000000000003 0.06754199999999994
0 0.366953125 0.45739234992679356 0.036250000000000004 0.07786099999999997
0 0.4069921875 0.3856413191800878 0.021875000000000033 0.05440900000000005
0 0.4617578125 0.4095493499267936 0.04187500000000005 0.07692299999999992
0 0.4920703125 0.42076219033674966 0.02562500000000001 0.05065699999999998
0 0.5475390625 0.37269267496339675 0.018750000000000044 0.038460999999999974
0 0.6083984375 0.4047009326500732 0.030625000000000013 0.04409000000000001
0 0.690859375 0.4358163499267935 0.043749999999999956 0.07692300000000009
0 0.7390234375 0.38522944802342607 0.02937500000000004 0.058161
0 0.78234375 0.4082254172767203 0.024375000000000036 0.034709000000000025
0 0.7970703125 0.3668361595900439 0.02562500000000001 0.02720400000000004
0 0.864375 0.6925095768667643 0.03312499999999996 0.06003799999999996
0 0.913671875 0.4695431903367496 0.028124999999999956 0.05159499999999995
0 0.9335546875 0.4061650614934114 0.03874999999999995 0.04784299999999997
0 0.9773046875 0.45524367496339685 0.038124999999999964 0.03846199999999999
0 0.9833984375 0.5445901903367496 0.030625000000000013 0.05159499999999995
