0 0.1463671875 0.4556475402635432 0.085625 0.128397
0 0.3422265625 0.30312393265007315 0.03375 0.044049000000000074
0 0.3655078125 0.781333448023426 0.04250000000000004 0.05810600000000008
0 0.493046875 0.07315815959004392 0.028124999999999956 0.02905400000000001
0 0.556171875 0.12622544802342608 0.05874999999999997 0.058107000000000006
0 0.6680078125 0.5294579633967789 0.041874999999999996 0.06747900000000012
0 0.699765625 0.4437049326500732 0.05125000000000002 0.04404899999999999
0 0.772734375 0.7888304480234261 0.04375000000000007 0.05623299999999987
0 0.8321875 0.2412679326500732 0.04749999999999999 0.04592400000000001
0 0.9020703125 0.040356159590043926 0.02562500000000001 0.02905300000000001
0 0.933984375 0.38225980380673497 0.04375000000000007 0.04217400000000001
0 0.939296875 0.11949203074670571 0.028124999999999956 0.023430000000000003
0 0.94890625 0.6240588038067351 0.04062500000000002 0.04217499999999998
0 0.9708984375 0.8959660614934113 0.02937499999999993 0.04779700000000017
