0 0.08484375 0.3258984375 0.056666999999999995 0.030624999999999958
0 0.12463541666666667 0.8709765625 0.04583299999999999 0.034375000000000044
0 0.26395799999999997 0.956640625 0.03250000000000001 0.020625000000000004
0 0.2863024166666666 0.19765625 0.04583300000000001 0.03937499999999999
0 0.35979199999999995 0.1011328125 0.03166599999999997 0.041249999999999995
0 0.364792 0.926015625 0.03166599999999997 0.020625000000000004
0 0.38234375 0.2370703125 0.05666700000000002 0.057499999999999996
0 0.38875 0.549609375 0.06416700000000002 0.04312500000000008
0 0.4792705 0.4816015625 0.04750000000000002 0.03437499999999999
0 0.4843746666666666 0.119609375 0.054167 0.044374999999999984
0 0.4923961666666667 0.3326171875 0.03666600000000001 0.021874999999999978
0 0.5094270833333333 0.69234375 0.03416699999999998 0.023749999999999938
0 0.5213024166666668 0.2105859375 0.04583300000000001 0.04500000000000001
0 0.5371354166666666 0.5515234375 0.04583300000000001 0.030625000000000013
0 0.54921875 0.3810546875 0.02500000000000006 0.03750000000000003
0 0.5857291666666667 0.6125 0.036667000000000005 0.03249999999999997
0 0.594792 0.480625 0.03166599999999997 0.03249999999999997
0 0.6266663333333332 0.8362890625 0.041667000000000044 0.018749999999999933
0 0.6302600833333334 0.54546875 0.035834 0.02375000000000005
0 0.64203125 0.2430078125 0.0408329999999999 0.04124999999999998
0 0.6473961666666667 0.6846484375 0.03833299999999995 0.02937499999999993
0 0.64869825 0.3455078125 0.04083300000000004 0.04249999999999998
0 0.6490621666666666 0.7606640625 0.036667000000000005 0.01937500000000003
0 0.6726044999999999 0.455 0.048333000000000036 0.03249999999999997
0 0.6659899166666666 0.600625 0.030000000000000027 0.032500000000000084
0 0.6988538333333333 0.8246875 0.027500000000000007 0.01749999999999996
0 0.7223961666666666 0.51703125 0.03666600000000001 0.03937499999999999
0 0.7329166666666667 0.646015625 0.022499999999999964 0.020000000000000018
0 0.7488538333333333 0.7446875 0.027500000000000007 0.016875000000000084
0 0.7577600833333333 0.2498828125 0.03583400000000007 0.04125000000000001
0 0.7779166666666666 0.802890625 0.023333000000000048 0.020625000000000004
0 0.8143229166666668 0.6332421875 0.02916699999999987 0.021874999999999978
0 0.82901075 0.3443359375 0.055000000000000014 0.04562499999999997
0 0.8421878333333334 0.2191796875 0.027500000000000007 0.03875000000000001
0 0.8658333333333333 0.4283984375 0.0416669999999999 0.030625000000000013
