0 0.08527831250000001 0.63400555526658 0.089334 0.11723000000000003
0 0.09878125 0.8680832366710012 0.102667 0.14920100000000022
0 0.16749512500000002 0.4303134564369311 0.09866599999999999 0.14387199999999997
0 0.1713251875 0.13492670351105332 0.08399999999999999 0.07815199999999999
0 0.2306123125 0.6434896046814044 0.08933300000000002 0.10657200000000007
0 0.2651845625 0.8593296762028608 0.09599999999999997 0.14031900000000014
0 0.3314189375 0.42761838491547466 0.07733400000000001 0.11012399999999994
0 0.4030625 0.6514193849154747 0.07866700000000004 0.1101240000000001
0 0.4258046875 0.8546980169050715 0.101333 0.15452900000000003
0 0.4899921875 0.4182617750325098 0.08400000000000002 0.11367600000000003
0 0.56296875 0.6454873355006501 0.08666699999999994 0.12433400000000014
0 0.601542 0.8903816046814044 0.09466599999999992 0.10479600000000014
