0 0.1512890625 0.1381888960468521 0.05000000000000002 0.111632
0 0.150234375 0.44835312298682284 0.043125 0.0947469999999999
0 0.1596875 0.7454285095168375 0.04874999999999999 0.10412699999999991
0 0.28890625 0.43457973645680814 0.040000000000000036 0.08630399999999998
0 0.294765625 0.13255989604685212 0.05250000000000005 0.113509
0 0.3019921875 0.7429562825768669 0.053749999999999964 0.12101299999999984
0 0.4018359375 0.10396186530014642 0.044999999999999984 0.090056
0 0.4315234375 0.14507944802342604 0.030625000000000013 0.05628500000000002
0 0.4393359375 0.41394173645680826 0.044999999999999984 0.0863039999999999
0 0.4537890625 0.7236681537335286 0.04999999999999999 0.1172610000000001
0 0.4755078125 0.13169199414348462 0.04125000000000001 0.09287000000000001
0 0.5888671875 0.43492150951683745 0.05312499999999998 0.10506600000000012
0 0.589765625 0.7354512825768669 0.05249999999999999 0.12288899999999989
0 0.590859375 0.12084686530014642 0.04437500000000005 0.090056
0 0.7184375 0.4202101229868228 0.046875 0.09568500000000009
0 0.726796875 0.1258796383601757 0.05874999999999997 0.106003
0 0.737890625 0.7207398960468522 0.05125000000000002 0.11163200000000012
0 0.8637890625 0.10137538067349927 0.050000000000000044 0.10225100000000001
0 0.8665625 0.4028690922401171 0.04749999999999999 0.07223199999999994
0 0.8705078125 0.7061427672035139 0.041874999999999996 0.10975600000000008
