0 0.124140625 0.2616876247755835 0.05249999999999999 0.12873499999999996
0 0.2206640625 0.32641662836624774 0.04999999999999999 0.11839
0 0.3146875 0.33891696409335725 0.04749999999999999 0.10919600000000004
0 0.420234375 0.37073996050269303 0.04375000000000001 0.12069000000000002
0 0.4638671875 0.21096996050269298 0.05375000000000002 0.12183900000000002
0 0.56046875 0.354647960502693 0.05500000000000005 0.12183899999999998
0 0.6044921875 0.23956329622980252 0.053749999999999964 0.11379300000000007
0 0.6951953125 0.26527828904847395 0.057499999999999996 0.13333300000000006
0 0.7909375 0.3126226283662477 0.04749999999999999 0.11494300000000009
0 0.8933203125 0.2237566247755835 0.05812499999999998 0.12758599999999995
