0 0.0301953125 0.38465144216691066 0.057499999999999996 0.14821700000000002
0 0.148828125 0.32866405563689605 0.06812499999999999 0.13789899999999994
0 0.1561328125 0.9293376691068813 0.041874999999999996 0.12945499999999988
0 0.309140625 0.7985307979502195 0.083125 0.13320900000000022
0 0.413984375 0.9429526383601757 0.075625 0.10788000000000005
0 0.503671875 0.23794173060029283 0.09125000000000005 0.17729800000000004
0 0.671953125 0.2929027979502196 0.06812499999999999 0.13227
0 0.7314453125 0.2698626691068814 0.057499999999999996 0.13133199999999998
0 0.8952734375 0.36163725183016104 0.06062500000000004 0.09849899999999998
0 0.9726171875 0.32271922108345535 0.021874999999999978 0.075047
0 0.989140625 0.28205766910688146 0.020000000000000018 0.13039399999999995
