0 0.0205078125 0.6160752303206997 0.041406 0.09451600000000004
0 0.0244135625 0.17558677842565598 0.034376 0.08868199999999998
0 0.0865236875 0.06590897084548106 0.037500000000000006 0.06417699999999998
0 0.11621068749999999 0.25348634110787177 0.037500000000000006 0.05134199999999994
0 0.151171875 0.1925155189504373 0.028905999999999987 0.05950899999999999
0 0.184375 0.18026506705539358 0.03125 0.05367500000000002
0 0.27578125 0.25261006705539363 0.039844000000000046 0.05367599999999994
0 0.330858875 0.23743797084548107 0.02812600000000004 0.06417699999999994
0 0.364453125 0.3100736967930029 0.035937 0.06767799999999996
0 0.44179662500000005 0.24414824489795917 0.020312999999999914 0.06301000000000001
0 0.482422125 0.22577616326530614 0.03671799999999997 0.042006999999999996
0 0.635938 0.5830476763848397 0.15781199999999995 0.31388599999999994
0 0.8712890625 0.6291947638483965 0.04921900000000001 0.12135400000000011
0 0.9291020624999999 0.5323694373177842 0.019531000000000076 0.03850600000000002
0 0.9392580625000001 0.6219236151603499 0.019530999999999854 0.047840999999999884
0 0.971875 0.6102515189504373 0.03125 0.05950999999999995
