0 0.0283203125 0.8024504405286343 0.058172 0.1687499999999999
0 0.0121271875 0.1291302892804699 0.022161 0.049999999999999975
0 0.046823812500000006 0.2692911497797357 0.04293599999999999 0.097917
0 0.06424225 0.6343150117474302 0.072022 0.1645840000000001
0 0.060852937499999996 0.10047757268722468 0.015234999999999999 0.018750000000000006
0 0.1075355 0.007342143906020558 0.016619999999999996 0.016666999999999998
0 0.112258625 0.08783957415565345 0.020776000000000003 0.03958299999999999
0 0.11779862499999999 0.044465859030837 0.02077599999999999 0.029167
0 0.12797268750000002 0.19234614831130692 0.038780999999999996 0.07708300000000004
0 0.1255415 0.11652900146842879 0.016619999999999996 0.022916999999999996
0 0.1462980625 0.5313145770925111 0.049861000000000016 0.08124999999999993
0 0.1558528125 0.12178814537444935 0.011080000000000007 0.03541599999999998
0 0.18484875 0.1109948604992658 0.023545999999999984 0.047917000000000015
0 0.1965869375 0.05365271659324522 0.015234999999999999 0.03333300000000001
0 0.20928225 0.2284780073421439 0.04016600000000001 0.10416700000000001
0 0.207577875 0.1312132892804699 0.02770100000000003 0.049999999999999996
0 0.2557345 0.022641002936857564 0.016620999999999997 0.041666999999999996
0 0.2769189375 0.0992474302496329 0.015235999999999972 0.024999999999999998
0 0.297356125 0.38742657856093976 0.03601099999999996 0.10208299999999998
0 0.30900524999999995 0.2645462892804699 0.040166000000000035 0.052083999999999984
0 0.3004649375 0.07031971659324522 0.013850000000000029 0.033333
0 0.307798375 0.01908957415565345 0.012465000000000004 0.039583
0 0.37122375 0.04357529074889868 0.08725699999999997 0.07083400000000001
0 0.36506343750000003 0.19982529074889865 0.03047099999999997 0.07083400000000005
0 0.362951625 0.11762114537444936 0.020774999999999988 0.035417000000000004
0 0.4056194375 0.4434382922173275 0.062326999999999966 0.09166599999999994
0 0.38731350000000003 0.16430800293685754 0.01662099999999994 0.043750000000000004
0 0.3899248125 0.10696585903083701 0.011079999999999979 0.027083
0 0.4063666875 0.2696674346549192 0.037395999999999985 0.08541700000000002
0 0.42085543750000004 0.6843150117474303 0.06094199999999994 0.16666700000000007
0 0.433908 0.21833700440528633 0.031855999999999995 0.06458299999999999
0 0.42943362500000004 0.1646842878120411 0.020774999999999988 0.03125
0 0.43676706249999997 0.09825657415565346 0.019390000000000074 0.03958299999999998
0 0.4621065 0.02656971659324523 0.01662000000000008 0.033333
0 0.48043087500000003 0.32923057709251097 0.029085999999999945 0.08124999999999998
0 0.4868768125 0.06553814537444934 0.011081000000000008 0.03749999999999999
0 0.5065871875 0.1478802892804699 0.022161000000000097 0.049999999999999996
0 0.5040659375000001 0.03698571659324523 0.015234999999999943 0.033333999999999996
0 0.5303819375 0.08490271659324523 0.01523500000000011 0.033333
0 0.5512275625 0.20143171806167404 0.033240999999999965 0.054167
0 0.5465935000000001 0.10402900146842878 0.016620999999999997 0.020832999999999987
0 0.5655760625 0.07301728781204112 0.018004999999999938 0.031250000000000014
0 0.6025636249999999 0.13722500293685755 0.020774999999999988 0.043750000000000004
0 0.6010189375 0.030735716593245227 0.015234999999999999 0.03333400000000001
0 0.6511993125 0.20081714684287816 0.026316000000000006 0.05833300000000002
0 0.6758109375 0.07031971659324522 0.015236000000000027 0.033333
0 0.7188175625 0.2810752907488987 0.033240999999999965 0.07083400000000005
0 0.7242879375000001 0.10450657415565345 0.015234999999999888 0.039583
0 0.7375698125 0.06321585903083701 0.011079999999999979 0.029167
0 0.7626605 0.05512114537444933 0.01662000000000008 0.035417
0 0.769017375 0.12448571659324523 0.012464999999999948 0.03333400000000001
0 0.77398925 0.4704200044052863 0.00969500000000001 0.06249999999999992
0 0.78872675 0.19139100293685754 0.024931000000000036 0.043750000000000004
0 0.8136577500000001 0.0853802892804699 0.024931000000000036 0.05000000000000001
0 0.825305875 0.6934015814977974 0.027701000000000087 0.14166599999999988
0 0.8236015 0.034902716593245224 0.016620999999999997 0.03333300000000001
0 0.8398140625 0.07178814537444933 0.019390999999999936 0.037500000000000006
0 0.8509646875 0.3262937195301028 0.037395999999999985 0.07500000000000002
0 0.8593637500000001 0.24545671512481645 0.023545999999999845 0.012499999999999983
0 0.8772100624999999 0.10180800293685757 0.01800600000000019 0.041667
0 0.8856797500000001 0.20327643171806165 0.023545999999999845 0.04583299999999999
0 0.8882900625 0.01762114537444934 0.019391000000000047 0.035417000000000004
0 0.8945578750000001 0.3404001468428781 0.027700999999999976 0.058332999999999954
0 0.9149960625 0.429946436123348 0.049861000000000044 0.10624999999999998
0 0.9219395 0.09163028928046989 0.016620999999999886 0.052083
0 0.9585186250000001 0.3977422907488986 0.020776000000000017 0.07291700000000004
0 0.9713930625000001 0.005873715124816446 0.019389999999999907 0.014582999999999999
0 0.982384 0.3081592907488987 0.031855999999999884 0.07291599999999997
0 0.9832008750000001 0.23381057268722466 0.029085999999999834 0.018750000000000017
0 0.9902149375000001 0.10597500293685756 0.015235999999999805 0.043750000000000004
