0 0.189844 0.2747869884726225 0.03281199999999998 0.038062999999999944
0 0.21484375 0.49162367723342937 0.02421900000000002 0.049596
0 0.257421875 0.2736339884726225 0.027344000000000007 0.03921599999999995
0 0.3255861875 0.24479567723342938 0.023436999999999986 0.049596000000000036
0 0.3560544375 0.4550025994236311 0.029687999999999992 0.053056000000000124
0 0.4142583125 0.46221383285302586 0.025780999999999943 0.04382900000000008
0 0.4220703125 0.2672888328530259 0.025781000000000054 0.04382900000000001
0 0.42148462499999995 0.2678702997118156 0.020312000000000108 0.02652799999999998
0 0.48281274999999996 0.25604506628242074 0.024219000000000046 0.034601999999999966
0 0.49785131250000003 0.45500591066282414 0.02578199999999997 0.04036900000000013
0 0.5435541875 0.27132367723342943 0.021876000000000007 0.04959599999999992
0 0.6052731875 0.2534511440922191 0.021874999999999978 0.032294999999999977
0 0.6123041875 0.4639449884726225 0.021876000000000007 0.039216000000000036
