0 0.0305078125 0.07966910218978102 0.009999999999999998 0.038282000000000024
0 0.04359375 0.15192022627737226 0.024375 0.05695600000000002
0 0.05375 0.3379646423357664 0.033124999999999995 0.06816099999999999
0 0.1115234375 0.08428608029197081 0.031249999999999986 0.059757000000000005
0 0.1233984375 0.01897810218978102 0.030625 0.038282
0 0.1420703125 0.21955437226277372 0.02687500000000001 0.053221999999999985
0 0.1477734375 0.1459100802919708 0.030625000000000013 0.060691
0 0.1683984375 0.310480496350365 0.030625000000000013 0.070961
0 0.1783984375 0.4774947883211679 0.030624999999999986 0.06536000000000006
0 0.2076171875 0.0991063722627737 0.023125000000000007 0.05508900000000001
0 0.2394140625 0.01897810218978102 0.018750000000000017 0.040149000000000004
0 0.253046875 0.14299037226277372 0.02812500000000001 0.053221999999999985
0 0.255546875 0.30919037226277374 0.02812500000000001 0.05508899999999999
0 0.3164453125 0.23011481021897812 0.026874999999999982 0.04575099999999997
0 0.3389453125 0.032523934306569344 0.026875000000000038 0.062559
0 0.34234375 0.2946585182481752 0.02437499999999998 0.05135400000000001
0 0.363046875 0.22906210218978104 0.02812500000000001 0.04014899999999998
0 0.375078125 0.46629078832116794 0.03562500000000002 0.065359
0 0.38546875 0.286952102189781 0.02437499999999998 0.038281999999999976
0 0.4130859375 0.28525483211678837 0.015000000000000013 0.026143999999999945
0 0.4264453125 0.03853408029197081 0.026874999999999982 0.058824
0 0.476328125 0.29419935036496353 0.03562500000000002 0.07469699999999999
0 0.4995703125 0.05680093430656935 0.026875000000000038 0.061624
0 0.5246484375 0.4521660802919708 0.02937500000000004 0.060691000000000064
0 0.54421875 0.5593056642335766 0.024375000000000036 0.04948600000000004
0 0.5577734375 0.34041051824817514 0.030625000000000013 0.05135400000000001
0 0.60375 0.09805466423357664 0.03187499999999999 0.04761900000000001
0 0.6633203125 0.21430849635036497 0.026874999999999982 0.070961
0 0.67375 0.538237810218978 0.032500000000000084 0.045752000000000105
0 0.6958984375 0.3689473722627737 0.030625000000000013 0.05322200000000011
0 0.6940625 0.10552366423357665 0.015625 0.04761899999999999
0 0.713046875 0.5006003722627737 0.028125000000000067 0.05322100000000002
0 0.73421875 0.2151748102189781 0.024374999999999925 0.04575199999999998
0 0.7545703125 0.07966910218978102 0.026875000000000093 0.04014900000000001
0 0.7727734375 0.39655122627737227 0.030624999999999902 0.056022999999999955
0 0.836875 0.2879527883211679 0.03187499999999999 0.065359
0 0.8426953125 0.2151748102189781 0.02562500000000001 0.04388499999999997
0 0.8451953125 0.05055337226277372 0.02562500000000001 0.054155
0 0.9227734375 0.5210236642335766 0.030625000000000013 0.04948600000000012
0 0.926796875 0.2644910802919708 0.028125000000000067 0.058824000000000015
0 0.9312890625 0.17397310218978101 0.018750000000000044 0.04015000000000003
0 0.9640234375 0.3488655401459854 0.030625000000000013 0.03081200000000001
