0 0.0103125 0.3695836666666667 0.016875 0.023332999999999975
0 0.012734375 0.4882815833333334 0.0125 0.020832999999999952
0 0.0562890625 0.45088575000000003 0.019375000000000003 0.025832999999999995
0 0.0567578125 0.45578158333333335 0.011250000000000003 0.019166000000000016
0 0.112734375 0.43874966666666665 0.011874999999999997 0.022499999999999964
0 0.113359375 0.4118753333333333 0.012499999999999997 0.010833000000000018
0 0.14453125 0.38697950000000003 0.009374999999999994 0.017499999999999998
0 0.1504296875 0.4607815833333333 0.007500000000000007 0.02083300000000003
0 0.18890625 0.3981774166666667 0.008750000000000008 0.014999999999999977
0 0.232109375 0.5995836666666666 0.013124999999999998 0.022499999999999964
0 0.257734375 0.5537496666666666 0.011874999999999969 0.022500000000000114
0 0.27640625 0.5524475833333332 0.009374999999999967 0.018334000000000145
0 0.31640625 0.4087496666666666 0.009375000000000022 0.022500000000000037
0 0.3358203125 0.6882812499999998 0.02562500000000001 0.10333300000000005
0 0.3353125 0.4665104166666667 0.015625 0.014999999999999902
0 0.3342578125 0.4716145833333334 0.010625000000000051 0.018332999999999933
0 0.3498828125 0.5165104166666666 0.010625000000000051 0.01416700000000004
0 0.3762109375 0.4836455 0.014374999999999971 0.015833999999999977
0 0.3799609375 0.4776559166666667 0.015000000000000013 0.030834000000000028
0 0.3880078125 0.4466145833333333 0.010624999999999996 0.020832999999999952
0 0.3965625 0.5340104166666667 0.015625 0.01416700000000004
0 0.3993359375 0.5307815833333334 0.013749999999999984 0.019165999999999943
0 0.4159375 0.4962496666666667 0.015625 0.020833999999999946
0 0.4223046875 0.4516145833333334 0.006249999999999978 0.019166999999999934
0 0.43140625 0.4151041666666666 0.009375000000000022 0.006667000000000052
0 0.452734375 0.5243753333333334 0.011874999999999969 0.011665999999999954
0 0.46515625 0.4190104166666666 0.00874999999999998 0.013333000000000114
0 0.476328125 0.44890625 0.0050000000000000044 0.010000000000000009
0 0.50265625 0.5152083333333334 0.008749999999999925 0.010832999999999945
0 0.5029296875 0.68640625 0.007499999999999951 0.010000000000000083
0 0.5148046875 0.6419795 0.006249999999999978 0.01583300000000006
0 0.5160546875 0.47973925 0.007499999999999951 0.010000000000000009
0 0.5180078125 0.40447950000000005 0.009999999999999898 0.015832999999999913
0 0.53078125 0.4803125 0.009375000000000022 0.017499999999999998
0 0.5793359375 0.5206774166666667 0.01375000000000004 0.013332999999999965
0 0.615703125 0.4856774166666667 0.0050000000000000044 0.014165999999999901
0 0.620859375 0.4628125 0.011874999999999969 0.017499999999999998
0 0.63953125 0.4635413333333333 0.008750000000000036 0.01250000000000003
0 0.6474609375 0.4948434166666667 0.014375000000000027 0.014999999999999977
0 0.6467578125 0.4174475833333333 0.010624999999999996 0.019167000000000007
0 0.6549609375 0.5237496666666667 0.014375000000000027 0.02083400000000002
0 0.65328125 0.5241145833333333 0.008749999999999925 0.019167000000000083
0 0.6548828125 0.5227083333333332 0.010000000000000009 0.011667000000000094
0 0.658984375 0.43171875 0.013125000000000053 0.025832999999999995
0 0.6598828125 0.40447950000000005 0.010624999999999996 0.015832999999999913
0 0.6598828125 0.4336455000000001 0.010624999999999996 0.015833999999999977
0 0.677109375 0.4691145833333334 0.013124999999999942 0.018332999999999933
0 0.6830078125 0.4723434166666667 0.010624999999999996 0.014999999999999977
0 0.6865625 0.51421875 0.016875000000000084 0.02416700000000005
0 0.687734375 0.5165104166666666 0.013124999999999942 0.01416700000000004
0 0.6961328125 0.4418753333333334 0.010000000000000009 0.011665999999999954
0 0.7142578125 0.4803125 0.010000000000000009 0.017499999999999998
0 0.720234375 0.5194795 0.013125000000000053 0.01583300000000006
0 0.7204296875 0.5165104166666666 0.0068749999999999645 0.01333300000000004
0 0.758984375 0.52140625 0.013124999999999942 0.010000000000000083
0 0.7684375 0.47770833333333335 0.015625 0.01166700000000002
0 0.7783984375 0.8422916666666667 0.030625000000000013 0.240833
0 0.934609375 0.07755175 0.013125000000000053 0.024167000000000004
