0 0.0146484375 0.7054845814977974 0.02992 0.14299999999999996
0 0.0252036875 0.6600528634361233 0.038563999999999994 0.09100000000000001
0 0.13432943749999998 0.6824317180616741 0.030585000000000015 0.053999999999999916
0 0.366980125 0.215079295154185 0.06648900000000002 0.13299999999999998
0 0.54330075 0.3184581497797357 0.05651600000000001 0.09699999999999999
0 0.63139975 0.7028370044052864 0.024600999999999984 0.06199999999999997
0 0.7321307499999999 0.330863436123348 0.05518600000000007 0.10799999999999996
0 0.8348158750000001 0.6729001468428781 0.028589999999999893 0.05599999999999995
0 0.8914769375 0.7169897209985316 0.045878000000000085 0.09399999999999993
0 0.904047625 0.6374948604992658 0.02127699999999999 0.04799999999999998
0 0.96185175 0.6100895741556535 0.024600999999999984 0.040000000000000015
0 0.9654464374999999 0.68096328928047 0.029920000000000058 0.05199999999999989
