0 0.0295703125 0.2977600833333333 0.025625000000000002 0.03583400000000003
0 0.034296875000000004 0.38718716666666664 0.02875 0.06833400000000005
0 0.049921875 0.3301045 0.028125000000000004 0.04833299999999996
0 0.0721875 0.29921875 0.015625 0.02416700000000005
0 0.094375 0.30000033333333337 0.03125 0.04333299999999999
0 0.1519921875 0.3265625 0.05375000000000002 0.07916700000000003
0 0.2037890625 0.28791666666666665 0.019375000000000003 0.02166700000000003
0 0.3784375 0.51984375 0.23500000000000004 0.43
0 0.4105078125 0.25104133333333334 0.010624999999999996 0.011666999999999983
0 0.4298828125 0.24770833333333334 0.010624999999999996 0.01166700000000002
0 0.46515625 0.2211455 0.00874999999999998 0.017499999999999998
0 0.478984375 0.23520833333333335 0.012499999999999956 0.010832999999999982
0 0.4979296875 0.22723925 0.006249999999999978 0.009999999999999972
0 0.526484375 0.22947949999999998 0.011874999999999969 0.017500000000000033
0 0.553828125 0.19588508333333335 0.036250000000000004 0.06749999999999999
0 0.6558984375 0.6222392499999999 0.21750000000000003 0.38333400000000006
0 0.587265625 0.23119824999999997 0.020625000000000004 0.040000000000000036
0 0.6399609375 0.24442708333333332 0.014999999999999902 0.03416699999999998
0 0.67453125 0.2122913333333333 0.039999999999999925 0.07416700000000002
0 0.7128125 0.203125 0.015625 0.031667
0 0.74296875 0.1815621666666667 0.024375000000000036 0.036667000000000026
0 0.8714453125 0.21526008333333332 0.026249999999999996 0.03583400000000003
0 0.939140625 0.28942675 0.0837500000000001 0.11833400000000001
0 0.9894140625 0.15375 0.018750000000000044 0.06333299999999999
