0 0.2076953125 0.25255085947302386 0.057499999999999996 0.07951799999999999
0 0.3051953125 0.1455713851944793 0.057499999999999996 0.09076300000000001
0 0.446640625 0.16304256461731495 0.05249999999999999 0.08192700000000001
0 0.486640625 0.438995269761606 0.05250000000000005 0.08433799999999997
0 0.5478125 0.13894556461731494 0.046875 0.08192799999999999
0 0.5975390625 0.47624250062735257 0.05062500000000003 0.09959900000000008
0 0.615859375 0.23413364115432872 0.012500000000000067 0.022490000000000007
0 0.650234375 0.22649556461731493 0.04312499999999997 0.08112499999999999
0 0.7271875 0.5420591543287328 0.04812499999999997 0.07550199999999993
0 0.7461328125 0.18498044918444165 0.04249999999999998 0.07389600000000002
0 0.82921875 0.16605574404015055 0.05500000000000005 0.07228899999999998
0 0.9771484375 0.3797628080301129 0.030625000000000013 0.053012
