0 0.16609375 0.45464744802342605 0.023749999999999993 0.056285000000000085
0 0.25394531249999996 0.4392265768667642 0.02687500000000001 0.06097500000000005
0 0.3564453125 0.43753393265007323 0.026874999999999982 0.04596599999999996
0 0.41421875 0.4928809326500732 0.02437499999999998 0.044090000000000094
0 0.5095703125 0.43911231918008786 0.026875000000000038 0.055346999999999945
0 0.6151953125 0.48912893265007323 0.02562500000000001 0.04408999999999993
0 0.6757421875 0.46695670571010256 0.021874999999999978 0.061913999999999914
0 0.7100390625 0.42181444802342605 0.018124999999999947 0.056285000000000085
0 0.7662890625 0.4887170614934114 0.01937500000000003 0.049718000000000116
0 0.885390625 0.4184743191800878 0.020000000000000018 0.05440900000000005
0 0.926171875 0.43213344802342607 0.028125000000000067 0.05722299999999998
