0 0.2019140625 0.4307295 0.14437500000000003 0.20333299999999999
0 0.5132421875 0.43536458333333333 0.116875 0.20666699999999993
0 0.7781640625 0.48390625 0.20687499999999992 0.26
0 0.6987109375 0.5373955 0.04499999999999993 0.07916699999999999
0 0.741328125 0.38885416666666667 0.036250000000000004 0.06916700000000005
0 0.7616796875 0.46374999999999994 0.03749999999999998 0.0625
0 0.7888671875 0.5624996666666666 0.05312500000000009 0.08416700000000003
0 0.8247265625 0.4035416666666667 0.03375000000000006 0.05333299999999993
0 0.85703125 0.49911491666666663 0.039999999999999925 0.06000000000000005
0 0.869140625 0.58234375 0.02124999999999999 0.055000000000000014
