0 0.48640625 0.5274563333333333 0.8831249999999999 0.5886259999999999
0 0.0853515625 0.5801084074074074 0.065 0.09573500000000001
0 0.1042578125 0.307299 0.04187499999999998 0.081516
0 0.2368359375 0.2888744814814814 0.04500000000000001 0.08341300000000004
0 0.2379296875 0.3794559629629629 0.03750000000000003 0.08625600000000001
0 0.25859375 0.5904787777777778 0.05499999999999999 0.11848399999999999
0 0.334609375 0.32311744444444446 0.044375 0.090995
0 0.4287109375 0.6032152962962962 0.04625000000000001 0.114692
0 0.428984375 0.30878048148148146 0.04375000000000001 0.08341200000000004
0 0.4746484375 0.28508348148148144 0.02999999999999997 0.085308
0 0.5411328125 0.4844933703703704 0.041874999999999996 0.10236999999999996
0 0.5568359375 0.2920763703703704 0.04499999999999993 0.10331799999999998
0 0.627890625 0.3782134074074074 0.05249999999999999 0.09573399999999997
0 0.6874609375 0.3222894074074074 0.04499999999999993 0.09668199999999998
0 0.7365234375 0.5468144444444444 0.02937499999999993 0.09099499999999992
0 0.7899609375 0.3372164814814814 0.04625000000000001 0.083412
0 0.88484375 0.4773248888888889 0.05624999999999991 0.10047400000000001
0 0.9097265625 0.35261370370370365 0.03500000000000003 0.04834100000000006
