0 0.06394531249999999 0.5683333333333334 0.026875000000000003 0.041666999999999975
0 0.19625 0.66369825 0.09562499999999999 0.1641659999999998
0 0.3109765625 0.519583 0.034999999999999976 0.06499999999999995
0 0.3161328125 0.6125520833333332 0.04124999999999995 0.06583300000000003
0 0.4258203125 0.58182325 0.05812499999999998 0.07250000000000001
0 0.4503515625 0.4857291666666667 0.034999999999999976 0.03750000000000001
0 0.5292578125 0.46932325 0.04125000000000001 0.07249999999999994
0 0.635078125 0.6096875 0.03687499999999999 0.11166700000000003
0 0.660546875 0.52161425 0.05937500000000007 0.10166700000000002
0 0.6765625 0.38114549999999997 0.016875000000000084 0.017499999999999998
0 0.7271875 0.49953158333333336 0.04812499999999997 0.080833
0 0.7819921875 0.44489616666666665 0.023125000000000062 0.03750000000000001
0 0.845234375 0.4734892499999999 0.04437500000000005 0.07083400000000006
0 0.8608984375 0.63661425 0.06187500000000001 0.10333399999999997
0 0.8945703125 0.44786425 0.026249999999999996 0.03916700000000003
0 0.94296875 0.4597399166666667 0.055624999999999925 0.09166599999999996
