0 0.0076608125 0.3435474166666666 0.011111 0.014815000000000023
0 0.0333111875 0.70162 0.052778000000000005 0.06481500000000014
0 0.02751725 0.34780133333333335 0.008333 0.012962999999999983
0 0.03307325 0.33133658333333327 0.009721999999999998 0.020371000000000066
0 0.0460283125 0.42583941666666664 0.026389000000000003 0.04629600000000004
0 0.056727875 0.50101225 0.02916600000000001 0.04074099999999999
0 0.04835025 0.3403933333333333 0.008334000000000001 0.012962999999999983
0 0.06866275000000001 0.38119216666666667 0.02361199999999998 0.03703700000000006
0 0.0784938125 0.33744250000000003 0.01111100000000001 0.016665999999999997
0 0.091449875 0.4364005 0.027777999999999997 0.048147999999999934
0 0.08934506249999999 0.37378516666666667 0.018055000000000015 0.03703699999999999
0 0.08806412500000001 0.33298633333333333 0.0055559999999999915 0.011110999999999982
0 0.09973925 0.33113433333333336 0.008334000000000008 0.012962999999999947
0 0.11362825 0.34910341666666667 0.008333999999999994 0.01481400000000003
0 0.1346575625 0.4237851666666666 0.03333300000000003 0.03703700000000006
0 0.135069 0.3700811666666666 0.031945000000000015 0.03703699999999999
0 0.13029525 0.33744250000000003 0.00972199999999998 0.016665999999999997
0 0.1587890625 0.3385413333333333 0.01805599999999999 0.011111000000000057
0 0.1661455 0.402662 0.016666999999999987 0.03148200000000001
0 0.165581375 0.36912575000000003 0.012500000000000011 0.024074
0 0.18322493750000002 0.3422453333333333 0.015277999999999986 0.012962999999999983
0 0.1873919375 0.36727475 0.013888000000000011 0.024074
0 0.20447037499999998 0.3548606666666667 0.012500000000000039 0.022222999999999955
0 0.24006087499999998 0.4163771666666667 0.027778000000000053 0.03703699999999999
0 0.2513235625 0.3717299166666667 0.03333400000000003 0.029629999999999972
0 0.24418425000000002 0.3440973333333333 0.00972199999999998 0.011110999999999946
0 0.26002637500000003 0.34169541666666664 0.012499999999999956 0.014814999999999948
0 0.282248375 0.34875575 0.012500000000000011 0.024074000000000078
0 0.3057513125 0.40306749999999997 0.026388000000000023 0.048148
0 0.3021048125 0.33483833333333335 0.011110999999999982 0.012962999999999983
0 0.3173828125 0.3591145833333333 0.011111000000000038 0.020370000000000072
0 0.32556412500000004 0.3200233333333333 0.00555599999999995 0.012963000000000021
0 0.33029525 0.35225650000000003 0.00833299999999998 0.016666999999999987
0 0.3326608125 0.4163771666666667 0.011110999999999982 0.03888899999999995
0 0.35420962500000003 0.3793401666666667 0.02083400000000002 0.03703699999999999
0 0.3618268125 0.35150433333333336 0.01111200000000001 0.012962999999999983
0 0.37612825 0.3639174166666667 0.009722000000000008 0.014814999999999948
0 0.3849173125 0.4564238333333333 0.026388999999999996 0.05740700000000006
0 0.39001725000000004 0.34725141666666665 0.00833299999999998 0.014815000000000023
0 0.39099381250000004 0.36727475 0.011110999999999926 0.024074
0 0.4057513125 0.40156216666666666 0.026387999999999967 0.03888900000000003
0 0.4151689375 0.3498555833333333 0.015277999999999958 0.020370000000000072
0 0.4299264375 0.38359408333333334 0.030555 0.03518500000000002
0 0.4526689375 0.35726258333333333 0.015278000000000014 0.018519000000000025
0 0.471397125 0.3500578333333333 0.005556000000000005 0.027778000000000008
0 0.4815751875 0.376736 0.02222300000000005 0.03333299999999998
0 0.48641537500000004 0.3442995833333333 0.012500000000000011 0.018519000000000025
0 0.5161455 0.36767924999999996 0.016666999999999987 0.04074099999999999
0 0.538932625 0.37708366666666665 0.02083299999999999 0.022221999999999964
0 0.5354388125 0.3570603333333333 0.011110999999999982 0.011111000000000018
0 0.5632158125 0.3617187499999999 0.011110999999999982 0.024074
0 0.5707249375000001 0.37948458333333335 0.01388899999999993 0.02037099999999999
0 0.59557325 0.36912575000000003 0.009722000000000008 0.024074
0 0.6304469374999999 0.36597266666666667 0.015278000000000125 0.022222000000000037
0 0.65529525 0.3656249999999999 0.009722000000000008 0.03333300000000006
0 0.7062718125 0.3744795 0.011110999999999982 0.016665999999999997
0 0.76223925 0.37097775 0.009723000000000037 0.025926000000000043
0 0.81310775 0.43289974999999997 0.02499999999999991 0.05555500000000002
0 0.887282875 0.3986113333333334 0.029167000000000054 0.04259199999999996
