0 0.6140625 0.23838541666666666 0.0787500000000001 0.10833300000000001
0 0.058671875 0.2866149166666667 0.028749999999999998 0.06166599999999992
0 0.097265625 0.26494791666666667 0.021250000000000005 0.06000000000000002
0 0.348515625 0.23619825000000003 0.020000000000000018 0.040000000000000036
0 0.3903515625 0.2838541666666667 0.03374999999999995 0.06999999999999999
0 0.5465625 0.22526008333333333 0.01750000000000007 0.034999999999999996
0 0.6658984375 0.24270866666666668 0.030000000000000027 0.053333
0 0.70796875 0.20322916666666666 0.02499999999999991 0.03833300000000003
0 0.811328125 0.23989616666666666 0.036250000000000004 0.03666600000000001
0 0.882421875 0.23973958333333334 0.02749999999999997 0.05000000000000001
