0 0.03063964598168871 0.15984375 0.019532000000000008 0.023749999999999993
0 0.04406858596134283 0.2109765625 0.039062 0.065
0 0.08699664394710072 0.2937890625 0.053384999999999995 0.080625
0 0.26875917395727367 0.204296875 0.044271000000000005 0.027500000000000024
0 0.29146358596134286 0.273125 0.03906299999999995 0.06312499999999999
0 0.3632817039674466 0.29484375 0.033853999999999995 0.05624999999999997
0 0.4515796439471007 0.273125 0.05468800000000007 0.06437500000000002
0 0.5305587619532044 0.2405078125 0.04817800000000005 0.04250000000000001
0 0.5888687599186164 0.2523828125 0.08203100000000002 0.104375
0 0.625855525940997 0.3352734375 0.06054699999999999 0.06187500000000001
0 0.6261402319430316 0.33015625 0.05729200000000001 0.07187500000000002
0 0.8978689959308239 0.3320703125 0.07096400000000022 0.08875
