0 0.083046875 0.2827077647058824 0.028124999999999997 0.05932199999999998
0 0.1061328125 0.3865297058823529 0.010624999999999996 0.026365000000000048
0 0.1540625 0.2538768823529412 0.016875 0.031073999999999977
0 0.1813671875 0.04347188235294118 0.023125000000000007 0.08098
0 0.253359375 0.2209731764705882 0.013124999999999998 0.05837999999999999
0 0.304765625 0.17941441176470588 0.05249999999999999 0.09887000000000003
0 0.4446875 0.25147323529411764 0.329375 0.24199600000000002
0 0.29921875 0.4041651764705882 0.024375000000000036 0.10640300000000008
0 0.3274609375 0.03930405882352941 0.014375000000000027 0.036723
0 0.3426171875 0.17354364705882352 0.023125000000000007 0.03860599999999997
0 0.3650390625 0.034828411764705886 0.019374999999999976 0.047081
0 0.416171875 0.252872 0.028124999999999956 0.051789
0 0.4480859375 0.33449676470588235 0.04500000000000004 0.06026300000000003
0 0.5065625 0.18801617647058824 0.016874999999999973 0.058380999999999975
0 0.5846875 0.2633461764705883 0.04874999999999996 0.05649699999999995
0 0.7934375 0.9498500588235295 0.015625 0.03672400000000012
