0 0.0546875 0.919236725403818 0.111328 0.15712199999999987
0 0.0917964375 0.45961843465491925 0.061524 0.086637
0 0.1640628125 0.9412632936857561 0.10449199999999999 0.11306900000000004
0 0.1445310625 0.817914436123348 0.04980499999999999 0.10572700000000002
0 0.2060548125 0.7694564390602057 0.073242 0.14831199999999992
0 0.2773434375 0.3024961512481645 0.06249999999999997 0.12041099999999999
0 0.38964831250000004 0.3509541512481645 0.05664099999999994 0.11894300000000008
0 0.49023431250000005 0.34801801908957414 0.11914099999999994 0.268722
0 0.588867625 0.3039648649045521 0.05175700000000005 0.10866399999999998
0 0.7197264375 0.34214372246696034 0.06054700000000002 0.11600599999999997
0 0.7998046875 0.9251100102790014 0.10058600000000006 0.14537499999999995
0 0.884765375 0.6754771512481644 0.07519600000000004 0.12041100000000007
0 0.8876950625 0.3597645800293686 0.050781000000000076 0.12187999999999996
0 0.9443363124999999 0.3715125800293686 0.05761700000000003 0.12334800000000004
0 0.9580080625 0.7767990132158591 0.08105399999999996 0.18649
