0 0.082421875 0.7118420833333333 0.059375000000000004 0.1276060000000001
0 0.4140234375 0.4099584166666667 0.02937500000000004 0.04670599999999999
0 0.45078125 0.43215425 0.03999999999999998 0.07172599999999996
0 0.5301171875 0.3694573333333333 0.02312499999999995 0.04420299999999999
0 0.670625 0.34620650000000003 0.03312499999999996 0.04837399999999999
0 0.7 0.36121849999999994 0.03125 0.04837400000000006
0 0.7308984375 0.5631984166666667 0.061249999999999916 0.07589600000000003
0 0.8251953125 0.6984980833333334 0.05812499999999998 0.1284399999999999
0 0.8487109375 0.42798325 0.045624999999999916 0.07089300000000003
0 0.9740234375 0.3508018333333333 0.02937500000000004 0.027523000000000037
