0 0.2119921875 0.46039070571010243 0.022499999999999992 0.061913000000000024
0 0.2265625 0.48256193265007324 0.016875 0.04596699999999993
0 0.57421875 0.4765220614934114 0.024375000000000036 0.047841999999999996
0 0.629765625 0.5003859326500731 0.020625000000000004 0.044090000000000094
0 0.69421875 0.48151067496339683 0.024375000000000036 0.03846099999999993
0 0.7669140625 0.4671410614934114 0.018124999999999947 0.047841999999999996
0 0.8163671875 0.48402606149341143 0.02312499999999995 0.04784299999999997
0 0.8738671875 0.4673244172767203 0.021874999999999978 0.03283399999999997
0 0.89171875 0.5191920922401171 0.024375000000000036 0.07316999999999996
0 0.9170703125 0.48805073645680813 0.02562500000000001 0.08630400000000006
