0 0.18640625 0.3571847192982456 0.04000000000000001 0.07303400000000007
0 0.23515625 0.9674417660818714 0.070625 0.060861999999999944
0 0.284609375 0.7948617309941519 0.043125000000000024 0.06741600000000027
0 0.279296875 0.42372980116959064 0.02812500000000001 0.05149900000000003
0 0.2986328125 0.7049737309941521 0.04125000000000001 0.06928900000000004
0 0.44671875 0.8864905672514618 0.05625000000000002 0.10955100000000008
0 0.44390625 0.7589856959064327 0.03999999999999998 0.07677900000000001
0 0.5221484375 0.3513367660818713 0.02937500000000004 0.05898900000000005
0 0.546953125 0.40598969590643275 0.036250000000000004 0.07677899999999993
0 0.565390625 0.892354707602339 0.05125000000000002 0.07397000000000009
0 0.5628515625 0.33313575438596493 0.03437499999999993 0.06367099999999995
0 0.6746875 0.8211448128654971 0.04749999999999999 0.04775299999999999
0 0.6849609375 0.36970264912280704 0.04500000000000004 0.088015
0 0.7164453125 0.35028578947368416 0.02562500000000001 0.05524300000000009
0 0.7759375 0.3932256257309942 0.04875000000000007 0.09644199999999996
0 0.8787109375 0.3653166842105263 0.04500000000000004 0.08052400000000005
0 0.9196484375 0.34190768421052636 0.02937499999999993 0.08052499999999997
0 0.9559765625 0.36421581286549704 0.03500000000000003 0.049625000000000044
