0 0.0783203125 0.44213575 0.056874999999999995 0.08666600000000006
0 0.1133203125 0.294375 0.058124999999999996 0.09500000000000004
0 0.1809375 0.558542 0.04874999999999999 0.09416599999999997
0 0.23234375 0.361875 0.05562500000000001 0.09499999999999997
0 0.2844921875 0.4911975833333333 0.05437500000000001 0.080834
0 0.3275390625 0.24140591666666666 0.049375 0.09166699999999998
0 0.335234375 0.5026038333333332 0.04375000000000001 0.08916700000000007
0 0.461484375 0.3182295 0.04375000000000001 0.079166
0 0.51125 0.4999996666666666 0.06312499999999999 0.08583400000000004
0 0.628359375 0.2976038333333333 0.043749999999999956 0.08916700000000007
0 0.6412890625 0.4464059166666667 0.04937500000000006 0.09166700000000001
0 0.7383203125 0.4672913333333333 0.05687500000000001 0.07500000000000002
0 0.7987890625 0.2734378333333333 0.05062499999999992 0.08916599999999997
0 0.9057421875 0.3936975833333333 0.05437499999999995 0.08250000000000002
