0 0.500546875 0.8941666666666667 0.9968750000000001 0.20916700000000002
0 0.0279296875 0.84015625 0.03875 0.07083299999999992
0 0.1820703125 0.8360416666666667 0.02562500000000001 0.053333
0 0.2113671875 0.8189065833333333 0.021875000000000006 0.04999999999999997
0 0.2312890625 0.8352600833333333 0.018125000000000002 0.034999999999999996
0 0.2638671875 0.877708 0.05312500000000003 0.09416700000000011
0 0.3430859375 0.8769270833333334 0.013749999999999984 0.03583299999999993
0 0.3708203125 0.90869825 0.025624999999999953 0.04166600000000006
0 0.3971484375 0.8581249999999999 0.029374999999999984 0.03333299999999998
0 0.4865234375 0.8310416666666667 0.030624999999999958 0.053333
0 0.5118750000000001 0.9166663333333332 0.03187499999999993 0.041667000000000044
0 0.6226953125 0.8938024166666666 0.026874999999999982 0.04666599999999995
0 0.6525 0.8347395833333334 0.03125 0.051666999999999984
0 0.6925 0.887917 0.03125 0.06333300000000008
0 0.7174609375 0.839792 0.014375000000000027 0.03250000000000005
0 0.7662109375 0.8563024166666667 0.014375000000000027 0.04666599999999995
0 0.8699609375 0.9666663333333334 0.013749999999999929 0.041667000000000044
0 0.9120703125 0.8679684166666667 0.02562500000000001 0.04666699999999994
