0 0.0068359375 0.6444942996941896 0.014375 0.078355
0 0.053359375 0.6393086238532111 0.013124999999999998 0.03721799999999984
0 0.1 0.9070600672782874 0.095 0.1821750000000001
0 0.11265625 0.6238071957186545 0.039999999999999994 0.07247799999999986
0 0.1849609375 0.6816426636085626 0.046249999999999986 0.09990200000000012
0 0.1997265625 0.606726247706422 0.03437499999999999 0.076396
0 0.267109375 0.6866597675840979 0.04374999999999998 0.10675799999999998
0 0.3612890625 0.645184623853211 0.01937500000000003 0.038198
0 0.4406640625 0.6362505198776759 0.018125000000000002 0.033300999999999865
0 0.6465234375 0.6129130917431193 0.030625000000000013 0.06562200000000008
0 0.6815234375 0.699772247706422 0.030000000000000027 0.07541700000000001
