0 0.13773437500000002 0.2838635710102489 0.07562499999999998 0.15009399999999998
0 0.2111328125 0.19733977306002928 0.010000000000000009 0.01782400000000003
0 0.268203125 0.24882051537335287 0.0050000000000000044 0.013133999999999982
0 0.310703125 0.22641205563689604 0.06812499999999999 0.138837
0 0.3765625 0.22559703074670573 0.015625 0.02345200000000001
0 0.43015625 0.2216165153733528 0.009374999999999967 0.013133000000000011
0 0.51125 0.3180032825768667 0.06437500000000007 0.12288900000000005
0 0.690390625 0.30667618448023426 0.083125 0.14071300000000003
0 0.8266796875 0.2839423865300147 0.006249999999999978 0.011257000000000017
0 0.879609375 0.2819875710102489 0.07437499999999997 0.15009400000000006
