0 0.07640625 0.595801915080527 0.133125 0.316776
0 0.06046875 0.2575428286969253 0.0875 0.157451
0 0.1583984375 0.2682616998535871 0.09249999999999999 0.15370200000000003
0 0.416875 0.20336118448023427 0.0625 0.14058099999999996
0 0.5628125 0.3775008901903368 0.04749999999999999 0.20337399999999997
0 0.5909375 0.1599565710102489 0.07937499999999997 0.14995299999999998
0 0.687890625 0.1910047672035139 0.083125 0.10965300000000003
0 0.7091796875 0.3472773748169839 0.09999999999999998 0.19118999999999997
0 0.86296875 0.634106718887262 0.11750000000000005 0.359887
0 0.91375 0.2590670556368961 0.06437500000000007 0.139644
