0 0.155703125 0.3624168345534407 0.03562499999999999 0.06566600000000003
0 0.233125 0.6048998653001464 0.031875000000000014 0.08818000000000002
0 0.238125 0.3742700614934114 0.031875000000000014 0.048780999999999984
0 0.3017578125 0.5879697057101024 0.04125000000000001 0.06285200000000014
0 0.3133203125 0.3431297057101025 0.02562500000000001 0.061913000000000024
0 0.36625 0.3740867057101025 0.03312499999999996 0.06378900000000001
0 0.4483984375 0.5855675768667643 0.030624999999999958 0.06097599999999994
0 0.457421875 0.3771983191800878 0.027500000000000024 0.054409000000000006
0 0.528046875 0.4021144480234261 0.028124999999999956 0.05628599999999993
0 0.5327734375 0.3988444172767203 0.030625000000000013 0.03283300000000008
0 0.5542578125 0.6195670922401171 0.04187500000000011 0.07316999999999996
0 0.6165234375 0.4316073191800879 0.030624999999999902 0.05534700000000003
0 0.6562890625 0.3696943191800879 0.018125000000000058 0.05440899999999992
0 0.68 0.39037547877013173 0.03187499999999999 0.07973799999999995
0 0.6968359375 0.6123597057101026 0.04500000000000004 0.061914
0 0.896953125 0.40797096339677896 0.036250000000000004 0.06941899999999998
