0 0.076171875 0.2347136366366366 0.12187500000000001 0.27403800000000006
0 0.21734375 0.39054054054054055 0.05499999999999999 0.08269200000000007
0 0.2717578125 0.3941495345345346 0.04125000000000001 0.07115399999999991
0 0.3320703125 0.3457175255255256 0.026874999999999982 0.05192299999999998
0 0.3651953125 0.37059952252252254 0.026875000000000038 0.047115000000000004
0 0.3996484375 0.3697565255255255 0.029374999999999984 0.052883999999999994
0 0.439609375 0.38303303303303304 0.043749999999999956 0.06730799999999998
0 0.5441796875 0.364409024024024 0.03874999999999995 0.05096100000000003
0 0.780390625 0.5541055675675676 0.08250000000000002 0.13749999999999998
0 0.7837109375 0.44541503003003013 0.04500000000000004 0.0625
