0 0.9247265625 0.48528442483660134 0.09625000000000006 0.14476999999999993
0 0.044687500000000005 0.24428539215686274 0.04875 0.10209199999999996
0 0.15125 0.2687124444444445 0.06312500000000001 0.09121300000000002
0 0.2428125 0.20825368627450982 0.048750000000000016 0.07949799999999999
0 0.2590625 0.30532468627450987 0.04874999999999999 0.080335
0 0.3012890625 0.23623449673202615 0.050000000000000044 0.07615099999999997
0 0.3673046875 0.20265811764705885 0.03875000000000001 0.07280299999999998
0 0.4298828125 0.19371554901960786 0.04125000000000001 0.06527200000000002
0 0.493984375 0.24837198039215688 0.04375000000000001 0.05690299999999994
0 0.575078125 0.2198653071895425 0.03562500000000002 0.07364
0 0.645703125 0.29486716993464057 0.036250000000000004 0.058576999999999976
0 0.6557421875 0.20961554901960786 0.05312499999999998 0.06527199999999998
0 0.680703125 0.30862298039215685 0.03687499999999999 0.05523000000000002
0 0.734921875 0.30197171895424835 0.05875000000000008 0.12217600000000003
0 0.797734375 0.37153706535947717 0.07437499999999997 0.08451900000000001
0 0.801796875 0.2519754444444444 0.05875000000000008 0.08954000000000002
0 0.9000390625 0.33946966666666667 0.11187500000000006 0.13389199999999996
