0 0.0583984375 0.8572265625 0.060937000000000005 0.06562500000000004
0 0.0744140625 0.71796875 0.018750000000000003 0.02343799999999996
0 0.1232421875 0.792577625 0.023437 0.051563000000000025
0 0.293359375 0.6486328125 0.04375000000000001 0.042188
0 0.398046875 0.805078125 0.028124999999999956 0.06718799999999991
0 0.60859425 0.3361333125 0.290624 0.15156199999999997
0 0.5640625 0.59609375 0.04843799999999998 0.05468800000000007
0 0.7544921875 0.5728515625 0.021874999999999978 0.03437499999999993
0 0.757421875 0.576171875 0.028124999999999956 0.028124999999999956
0 0.9755859375 0.31484324999999996 0.04531299999999994 0.07187500000000002
0 0.97109375 0.1177734375 0.02343799999999996 0.02968699999999999
