0 0.14109375000000002 0.3117521171303075 0.086875 0.18574100000000002
0 0.289921875 0.4716207672035138 0.05937500000000001 0.10975700000000013
0 0.3293359375 0.3350726383601757 0.044999999999999984 0.10600399999999996
0 0.393984375 0.3424374421669107 0.07437500000000002 0.14821699999999993
0 0.4911328125 0.42498072474377746 0.13562499999999994 0.26923100000000005
0 0.5030859375000001 0.25924605563689607 0.10749999999999998 0.13789800000000002
0 0.6142578125 0.38186338067349923 0.04249999999999998 0.10037499999999996
0 0.70484375 0.3854492459736457 0.08687500000000004 0.188555
0 0.7619921875 0.3909457672035138 0.021874999999999978 0.10881799999999997
0 0.7805859375 0.27277270571010254 0.045624999999999916 0.06378999999999994
0 0.856484375 0.3075258653001464 0.04437500000000005 0.09005699999999998
0 0.8744140625 0.37248238067349926 0.050000000000000044 0.10225099999999997
0 0.939296875 0.2979173499267936 0.028124999999999956 0.07879899999999995
