0 0.0765803125 0.47579866666666665 0.05723899999999999 0.08532899999999999
0 0.17265006249999998 0.46245033333333335 0.01795700000000003 0.043413
0 0.204920125 0.5608704166666668 0.06734000000000001 0.10778399999999981
0 0.25858825 0.5050213333333333 0.039281999999999984 0.07335299999999993
0 0.270598875 0.5886584166666666 0.05948400000000001 0.0778450000000001
0 0.301484625 0.48569291666666664 0.05162799999999995 0.09281400000000002
0 0.36248443750000003 0.5175197500000001 0.06172799999999995 0.086826
0 0.43119481249999997 0.5751230833333333 0.07407399999999997 0.09730499999999997
0 0.450171875 0.46681666666666666 0.05948400000000004 0.08532899999999999
0 0.489497375 0.4239884166666667 0.043771000000000004 0.07634700000000001
0 0.5429330625 0.49356774999999997 0.04938200000000004 0.08682600000000007
0 0.589341875 0.44416675 0.05948399999999998 0.088323
0 0.6923050000000001 0.47313216666666663 0.06397299999999995 0.10029900000000014
0 0.7574 0.4297815 0.06397299999999995 0.07934100000000004
0 0.8111265625 0.4966943333333333 0.066218 0.10479000000000009
0 0.9334615625 0.45334366666666676 0.0650949999999999 0.08532899999999999
