0 0.1083984375 0.35187908695652176 0.030625 0.056793000000000024
0 0.1376171875 0.3112400434782609 0.023125000000000007 0.028953999999999952
0 0.1669140625 0.2528461739130435 0.018750000000000017 0.034520999999999975
0 0.2607421875 0.2700380434782609 0.023125000000000007 0.028953000000000003
0 0.3465625 0.13674473913043478 0.016249999999999987 0.07349600000000002
0 0.4256640625 0.27427869565217394 0.01937500000000003 0.04788499999999999
0 0.455859375 0.3067860434782609 0.013124999999999998 0.031180000000000024
0 0.4600390625 0.2528461739130435 0.018125000000000002 0.03229400000000001
0 0.4931640625 0.3002423043478261 0.01937500000000003 0.03674799999999995
0 0.5199609375 0.3764541739130435 0.014999999999999902 0.034520999999999975
0 0.540390625 0.1883954347826087 0.020625000000000004 0.04120299999999998
0 0.5703125 0.20844043478260868 0.015625 0.041202000000000016
0 0.6083203125 0.19597708695652175 0.02562500000000001 0.05790700000000001
0 0.659609375 0.2630054347826087 0.013124999999999942 0.04120299999999998
0 0.7012890625 0.28514017391304347 0.018750000000000044 0.03452100000000003
