0 0.1133203125 0.36968315239477506 0.05749999999999998 0.116279
0 0.27359374999999997 0.24916177358490565 0.056249999999999994 0.11441899999999999
0 0.2951953125 0.39799877358490565 0.05750000000000005 0.11441900000000003
0 0.366640625 0.1563238795355588 0.05125000000000002 0.09953499999999998
0 0.41359375 0.411543152394775 0.05625000000000002 0.116279
0 0.416484375 0.24551412191582003 0.043749999999999956 0.09302299999999997
0 0.5185546875 0.18720598548621187 0.03874999999999995 0.08558200000000003
0 0.5493359375 0.2452896066763425 0.04500000000000004 0.081861
0 0.5628515625 0.34728480406386064 0.06562499999999993 0.13674400000000006
0 0.6583984375 0.20339566763425254 0.061249999999999916 0.129302
0 0.6569921875 0.08730177358490566 0.053749999999999964 0.11441799999999999
0 0.7309765625 0.38270615239477507 0.06625000000000003 0.11627900000000004
0 0.8490234375 0.1491053947750363 0.06062500000000004 0.110698
0 0.8765234375 0.29020453120464446 0.06125000000000003 0.11906899999999997
