0 0.021953125 0.3062460922401172 0.036875000000000005 0.07129499999999994
0 0.0690234375 0.30771022108345536 0.029375000000000005 0.075047
0 0.102421875 0.34347147877013173 0.02812500000000001 0.08067500000000002
0 0.12789062499999998 0.3748403499267935 0.02062500000000002 0.07692300000000005
0 0.15796875 0.3944260922401171 0.024375000000000008 0.07129499999999998
0 0.1746875 0.2974353806734993 0.048750000000000016 0.10225099999999997
0 0.2083984375 0.22344063836017572 0.030624999999999986 0.10600300000000001
0 0.2576171875 0.2743251537335285 0.053749999999999964 0.11913700000000006
0 0.3201171875 0.4425407672035139 0.053749999999999964 0.10975599999999999
0 0.3690234375 0.33864128257686676 0.06125000000000003 0.12288900000000005
0 0.4457421875 0.2950073133235725 0.08500000000000002 0.14446499999999998
0 0.5149609374999999 0.24791895754026352 0.07687499999999997 0.16041200000000003
0 0.654765625 0.20263650366032213 0.08374999999999999 0.19605999999999998
0 0.7487109375 0.33993927672035135 0.10812500000000003 0.21106899999999998
0 0.916875 0.2763855095168375 0.03187499999999999 0.10412700000000004
0 0.968125 0.25084721522694 0.0625 0.16604100000000002
