0 0.28125 0.20104133333333332 0.0625 0.19791699999999998
0 0.3095708125 0.24609408333333335 0.074218 0.130208
0 0.3037106875 0.01953125 0.03749999999999998 0.039583
0 0.4052736875 0.14635416666666667 0.03906200000000004 0.069792
0 0.4560546875 0.17968716666666665 0.039061999999999986 0.06770900000000002
0 0.49160106249999996 0.17760416666666665 0.01874999999999999 0.03854200000000002
0 0.5244135625 0.20911491666666668 0.03359400000000001 0.06041599999999999
0 0.5449216250000001 0.1880205 0.019531999999999883 0.04895900000000003
0 0.5611330625 0.21536425 0.019531000000000076 0.04062499999999999
0 0.6263676875 0.309375 0.0695309999999999 0.09479199999999999
0 0.7357419375 0.3593746666666666 0.04609399999999997 0.08541700000000003
0 0.7865236875 0.35494825 0.03906200000000004 0.07291599999999998
0 0.8037111874999999 0.3768229166666666 0.023437000000000152 0.06145800000000001
0 0.8300778750000001 0.4057291666666667 0.027343999999999924 0.03749999999999994
0 0.875390625 0.6697913333333334 0.11484400000000006 0.19791700000000004
0 0.9417966249999999 0.53125 0.021094000000000057 0.03125
0 0.9716791875 0.6744788333333332 0.05390700000000004 0.15312500000000004
