0 0.194921875 0.27848924999999997 0.027499999999999997 0.07249999999999997
0 0.282890625 0.2966663333333333 0.020625000000000004 0.04333400000000006
0 0.34578125 0.2816666666666667 0.040000000000000036 0.08416699999999999
0 0.498125 0.34348924999999997 0.03187500000000004 0.07250000000000001
0 0.5269921875 0.2513024166666667 0.021874999999999978 0.044999999999999964
0 0.5810546875 0.5524479166666666 0.03874999999999995 0.06166700000000006
0 0.617265625 0.25916633333333333 0.020625000000000004 0.04416699999999999
0 0.660625 0.31953158333333337 0.03125 0.08333299999999995
0 0.821328125 0.5689583333333333 0.036250000000000004 0.07416700000000002
0 0.8588671875 0.37786425 0.02312499999999995 0.03999999999999996
