0 0.0458984375 0.4466145000000001 0.029297000000000004 0.08072899999999998
0 0.06542937500000001 0.4505207500000001 0.012695999999999992 0.054687999999999924
0 0.11328150000000001 0.5872393333333333 0.078125 0.13671899999999995
0 0.2519531875 0.5664060833333334 0.023436999999999986 0.06770800000000003
0 0.385742625 0.49479116666666667 0.05273399999999995 0.09895899999999995
0 0.4658204375 0.4908854999999999 0.029296999999999962 0.046875
0 0.47753937500000004 0.8398435000000001 0.043944999999999956 0.2981769999999999
0 0.5624995625 0.3945313333333333 0.03417999999999999 0.0742190000000001
0 0.5986324375000001 0.3971354999999999 0.029297000000000017 0.08072900000000012
0 0.6191403125 0.3971350833333333 0.02636700000000003 0.06510500000000004
0 0.697266125 0.557292 0.03613200000000005 0.09375
0 0.7949216875 0.4479165 0.03808599999999995 0.07942700000000007
0 0.8417964375 0.4296876666666667 0.030273999999999912 0.053385000000000016
0 0.9189455625 0.388021 0.03417899999999996 0.0625
0 0.958984125 0.39453125 0.03613299999999997 0.070313
