0 0.0626953125 0.545069888888889 0.025624999999999995 0.06111100000000006
0 0.1715625 0.7126392222222222 0.04874999999999999 0.13222200000000012
0 0.1664453125 0.6175693333333333 0.02562500000000001 0.07555600000000003
0 0.2689453125 0.546806 0.02562500000000001 0.06333299999999999
0 0.3173828125 0.7785418888888889 0.04125000000000001 0.12333299999999998
0 0.3321484375 0.35659755555555556 0.030625000000000013 0.07999999999999997
0 0.423125 0.630139 0.033125000000000016 0.06444399999999995
0 0.4216796875 0.41111077777777777 0.007500000000000007 0.058889000000000045
0 0.475625 0.5525002222222222 0.03312499999999996 0.07222200000000001
0 0.6315625 0.5945837777777778 0.04874999999999996 0.11888799999999991
0 0.75109375 0.21430533333333335 0.02375000000000005 0.106667
0 0.817734375 0.18652755555555556 0.013124999999999942 0.04999999999999995
0 0.8866796875 0.2565967777777778 0.006249999999999978 0.024445
0 0.9360546875 0.48562455555555556 0.06937499999999996 0.143334
