0 0.0907705 0.24438799414348464 0.048667 0.09199999999999997
0 0.1277295 0.45159882869692536 0.08000000000000002 0.156
0 0.113004875 0.16135431918008786 0.027999999999999997 0.053999999999999965
0 0.1579345625 0.1749619326500732 0.03333400000000003 0.046000000000000006
0 0.18638575000000002 0.3191390922401171 0.024665999999999966 0.07300000000000001
0 0.2799345625 0.20938799414348463 0.03333400000000003 0.09099999999999998
0 0.2953623125 0.08435431918008786 0.026665999999999968 0.053999999999999986
0 0.3292216875 0.21789019033674967 0.03733299999999995 0.051999999999999984
0 0.38038575 0.17903367496339678 0.025332999999999994 0.039
0 0.40746581249999997 0.3874597364568082 0.07400000000000001 0.087
0 0.3906484375 0.052890190336749625 0.030000000000000027 0.05000000000000001
0 0.48686425 0.18531625183016107 0.040000000000000036 0.09699999999999999
0 0.50838575 0.08342606149341142 0.02466600000000002 0.04700000000000001
0 0.5564248125 0.5881683748169839 0.10399999999999998 0.19100000000000006
0 0.5773623125 0.18928257686676428 0.026000000000000023 0.059999999999999984
0 0.6144609375 0.33310102489019033 0.04600000000000004 0.11499999999999998
0 0.64753125 0.20167496339677896 0.04066700000000001 0.06899999999999995
0 0.7281045 0.26031625183016105 0.04866599999999999 0.097
0 0.742817375 0.37792386530014643 0.04400000000000004 0.08799999999999998
0 0.7937939375 0.19331625183016105 0.045333999999999985 0.09799999999999999
0 0.8553154375 0.21513909224011712 0.03066599999999997 0.071
