0 0.0234375 0.7143600000000001 0.04875 0.15065899999999985
0 0.0322265625 0.5605158823529413 0.065625 0.18173199999999984
0 0.081171875 0.6374955294117648 0.09062499999999998 0.16854999999999998
0 0.1826953125 0.6398025294117647 0.08937499999999998 0.11958600000000004
0 0.2022265625 0.8115154705882353 0.09687499999999996 0.18267399999999984
0 0.211640625 0.43936529411764713 0.05249999999999999 0.07721299999999992
0 0.260625 0.7852666470588235 0.06437500000000002 0.19114899999999999
0 0.2662109375 0.44364929411764703 0.046249999999999986 0.127119
0 0.4247265625 0.4467705294117647 0.065 0.11958599999999994
0 0.482890625 0.6195416470588235 0.08374999999999999 0.1883239999999999
0 0.5816796875 0.4979670588235294 0.06937499999999996 0.13747700000000004
0 0.616875 0.690819 0.0631250000000001 0.1525430000000001
0 0.6451953125 0.48790529411764705 0.057499999999999996 0.1290020000000001
0 0.691953125 0.5097433529411765 0.03562500000000002 0.11205199999999998
0 0.79125 0.5120910588235293 0.06312499999999999 0.13653500000000007
0 0.854140625 0.8128060000000001 0.11499999999999999 0.20056499999999985
0 0.9132421875 0.5473444705882353 0.053750000000000075 0.1346509999999999
0 0.9575390625 0.48419158823529407 0.08187500000000003 0.1544260000000001
