0 0.0341796875 0.9334371666666668 0.069375 0.13083399999999998
0 0.094375 0.5264065833333333 0.031875 0.05166599999999999
0 0.1653125 0.7901565833333333 0.07999999999999999 0.11416599999999999
0 0.3813671875 0.6157809166666667 0.023125000000000007 0.06083399999999998
0 0.4163671875 0.5791663333333333 0.023125000000000007 0.041666999999999975
0 0.4304296875 0.5201045000000001 0.007500000000000007 0.048333000000000036
0 0.4753125 0.5063024166666666 0.015625 0.045000000000000005
0 0.5351171875 0.45838575 0.02312499999999995 0.025832999999999995
0 0.6109375 0.4869788333333333 0.016874999999999973 0.05750000000000003
0 0.6346484375 0.6013024166666666 0.030625000000000013 0.045000000000000075
0 0.826875 0.3926565833333333 0.06312499999999999 0.11333300000000006
