0 0.0886328125 0.4111455 0.13625 0.26666700000000004
0 0.1603515625 0.4196350833333333 0.15875 0.253334
0 0.26371093749999996 0.39906216666666666 0.10874999999999999 0.161667
0 0.3878125 0.38208333333333333 0.20500000000000002 0.35666700000000007
0 0.4940625 0.3155205 0.07874999999999993 0.236667
0 0.536875 0.31166699999999997 0.09375 0.25166599999999995
0 0.6084375 0.29630208333333335 0.11125000000000007 0.25499999999999995
0 0.685390625 0.29760416666666667 0.11375000000000002 0.256667
0 0.7760546875 0.28197883333333335 0.10125000000000006 0.30833400000000005
0 0.909140625 0.26364550000000003 0.1775 0.39166700000000004
