0 0.25703125 0.3064448125 0.039063000000000014 0.042188
0 0.2595708125 0.6501953125 0.042187 0.057813
0 0.2814453125 0.38359325 0.057811999999999975 0.07187499999999997
0 0.3791015625 0.341796875 0.03437499999999999 0.02812500000000001
0 0.4845708125 0.32480518750000004 0.042186999999999975 0.054686999999999986
0 0.5498051875 0.3537109375 0.05312500000000009 0.07656300000000005
0 0.6189448125 0.2875 0.042188 0.03281300000000004
0 0.6361333125 0.5576166875 0.057811999999999975 0.03750100000000001
0 0.76484425 0.6716791875 0.071874 0.084376
0 0.7875005 0.2927734375 0.046875 0.06093799999999999
0 0.8068364375 0.35859425 0.06093700000000002 0.071874
0 0.9722651250000001 0.3107426875 0.035937999999999914 0.039061999999999986
