0 0.0394140625 0.4317916749633968 0.019375000000000003 0.040337999999999936
0 0.23546875 0.613596319180088 0.024375000000000008 0.054408999999999964
0 0.2633203125 0.4422249326500732 0.02562500000000001 0.04409000000000001
0 0.3056640625 0.47441754612005854 0.018125000000000002 0.03658500000000006
0 0.3286328125 0.4938890307467057 0.010624999999999996 0.024390999999999958
0 0.3581640625 0.5241365461200586 0.01937500000000003 0.036585000000000145
0 0.3818359375 0.528940803806735 0.014375000000000027 0.04315199999999995
0 0.4009375 0.4767054172767204 0.016874999999999973 0.032832999999999994
0 0.4740625 0.4852626749633968 0.01687500000000003 0.03846099999999993
0 0.5065234375000001 0.6109656749633968 0.029374999999999984 0.03846199999999999
0 0.5275390625 0.4982814172767204 0.018124999999999947 0.034709999999999915
0 0.5782421875 0.5630094172767203 0.021874999999999978 0.032832999999999994
0 0.5755859375 0.48045841727672034 0.015000000000000013 0.032832999999999994
0 0.660390625 0.4692014172767203 0.020625000000000004 0.034709000000000025
0 0.7382421875 0.469840803806735 0.021874999999999978 0.042213999999999974
0 0.7833984375 0.6012870614934114 0.02937499999999993 0.04784300000000005
0 0.865 0.6081958345534408 0.03187499999999999 0.0656659999999999
0 0.9245703125 0.5247759326500732 0.02562500000000001 0.0459670000000001
0 0.9333984375 0.41426628843338215 0.02937500000000004 0.03001899999999998
