0 0.056640625 0.3656532867132867 0.113924 0.175732
0 0.25622556249999995 0.3740366923076923 0.09737100000000001 0.18688999999999992
0 0.398339 0.5957048601398601 0.06329100000000004 0.12273299999999993
0 0.4839989375 0.23304384615384616 0.045764999999999945 0.093445
0 0.556040125 0.13260223776223776 0.03700100000000006 0.07810300000000002
0 0.604747625 0.587305048951049 0.05258099999999999 0.1004189999999999
0 0.623248625 0.19399184615384615 0.05160600000000004 0.09484000000000004
0 0.7216299374999999 0.5539100769230769 0.07692300000000007 0.15620699999999996
0 0.846307375 0.6725180979020979 0.10710900000000001 0.19804799999999997
0 0.8228535 0.19260144755244757 0.04771200000000009 0.09762900000000004
