0 0.4990234375 0.4699853587115666 0.999 0.9400299999999999
0 0.018625 0.3108954787701318 0.032999999999999995 0.08095999999999996
0 0.034578125 0.4984070922401172 0.036 0.0719639999999999
0 0.0596015625 0.39046109224011716 0.034 0.07196399999999994
0 0.0835546875 0.46078560761346987 0.03799999999999999 0.08395800000000003
0 0.09671875 0.12377044802342604 0.023999999999999994 0.05697200000000001
0 0.138671875 0.22568457686676427 0.027999999999999997 0.061469000000000044
0 0.1475078125 0.3772839326500732 0.04200000000000001 0.04647699999999994
0 0.1676015625 0.4325108345534407 0.034 0.06446800000000004
0 0.1745546875 0.60771260761347 0.03900000000000001 0.08395799999999995
0 0.1877421875 0.396634448023426 0.02300000000000002 0.058469999999999966
0 0.2216953125 0.3786783191800879 0.025999999999999995 0.05547200000000007
0 0.2476015625 0.5791917364568081 0.034 0.08545700000000005
0 0.271578125 0.5313562210834554 0.035999999999999976 0.07496200000000001
0 0.2906953125 0.4459689633967789 0.025999999999999968 0.06746600000000007
0 0.32653125 0.4023504787701318 0.03999999999999998 0.08095899999999999
0 0.3353671875 0.8713345095168376 0.05399999999999999 0.10494799999999983
0 0.34053125 0.5224658345534406 0.03999999999999998 0.06596700000000005
0 0.352578125 0.6647543499267936 0.03699999999999998 0.07796099999999993
0 0.34871875 0.34262557686676426 0.023999999999999966 0.06147000000000002
0 0.357765625 0.09399667496339677 0.020000000000000018 0.040479
0 0.370625 0.6032494787701318 0.03200000000000003 0.08095999999999992
0 0.3817421875 0.08036219033674964 0.02200000000000002 0.05097499999999999
0 0.38471875 0.29172131918008787 0.02400000000000002 0.055472999999999995
0 0.38471875 0.5630155768667643 0.02400000000000002 0.06146899999999996
0 0.419578125 0.49255057686676434 0.03699999999999998 0.05996999999999995
0 0.4416015625 0.5585175768667643 0.03500000000000003 0.05996999999999995
0 0.4406953125 0.362326803806735 0.026000000000000023 0.04347800000000007
0 0.4547890625 0.4146254480234261 0.019000000000000017 0.058469999999999966
0 0.461625 0.28551409224011715 0.03199999999999997 0.07196399999999999
0 0.4726015625 0.6168132210834554 0.034999999999999976 0.07346299999999992
0 0.477625 0.68717260761347 0.03199999999999997 0.08245899999999994
0 0.5036484375 0.530067448023426 0.031000000000000028 0.058471000000000106
0 0.5256484375 0.588362092240117 0.031000000000000028 0.07196399999999999
0 0.5427421875 0.454929092240117 0.02300000000000002 0.07046500000000006
0 0.55271875 0.5613053499267936 0.02499999999999991 0.07796099999999993
0 0.5836953125 0.36675406149341144 0.026000000000000023 0.04947599999999994
0 0.5906484375 0.5238950922401172 0.030000000000000027 0.07196399999999999
0 0.6044609375 0.6321220614934114 0.04500000000000004 0.04947499999999992
0 0.61153125 0.7216904787701317 0.040000000000000036 0.07945999999999993
0 0.625671875 0.6168829633967788 0.029000000000000026 0.06746700000000004
0 0.631625 0.4608912210834553 0.03300000000000003 0.07496200000000001
0 0.642671875 0.3952749326500732 0.029000000000000026 0.0464769999999999
0 0.6516484375 0.4370437057101024 0.030000000000000027 0.06296800000000005
0 0.664671875 0.5882923499267936 0.029000000000000026 0.07796100000000002
0 0.6686484375 0.18837893265007322 0.031000000000000028 0.044976999999999996
0 0.7046953125 0.26930306149341143 0.027000000000000024 0.049475000000000005
0 0.7356953125 0.4625307057101025 0.026000000000000023 0.06296899999999994
0 0.77871875 0.34276606149341143 0.025000000000000022 0.04797599999999995
0 0.8176953125 0.5105067057101025 0.025999999999999912 0.06296900000000002
0 0.843625 0.668173803806735 0.03300000000000003 0.04197900000000006
0 0.8576015625 0.7426794787701317 0.03500000000000003 0.08095999999999992
0 0.8577890625 0.07300667496339679 0.018000000000000016 0.040479999999999995
0 0.863671875 0.3486584480234261 0.028000000000000025 0.058469999999999925
0 0.8857421875 0.6244845768667643 0.02200000000000002 0.05996999999999995
0 0.8966953125 0.2858299326500732 0.026000000000000023 0.04497800000000001
0 0.910765625 0.08493093265007322 0.02100000000000002 0.04647599999999999
0 0.92071875 0.3727161903367497 0.02400000000000002 0.05247399999999996
0 0.928671875 0.26926819033674965 0.028999999999999915 0.052474
0 0.9326953125 0.4253306749633967 0.025999999999999912 0.04048000000000013
0 0.9514375 0.7066277364568082 0.04699999999999993 0.08545700000000005
0 0.9764609375 0.7966883499267936 0.04500000000000004 0.07796099999999993
0 0.9797421875 0.3082840614934114 0.02300000000000002 0.04797599999999999
