0 0.166406 0.17786618471337579 0.0625 0.10805299999999995
0 0.208202625 0.41894887261146496 0.052344 0.09174299999999994
0 0.29257862500000004 0.4046797898089173 0.05156199999999994 0.07339499999999999
0 0.2962893125 0.21023421656050956 0.05859299999999995 0.084607
0 0.441015625 0.1505999872611465 0.05156199999999994 0.089705
0 0.46718774999999996 0.3865837579617834 0.055469000000000046 0.09582000000000002
0 0.48300806249999995 0.20946910191082802 0.050000000000000044 0.08868500000000001
0 0.5517583125 0.39320852866242034 0.05859300000000012 0.0998980000000001
0 0.6181640625 0.13479829936305732 0.04921900000000001 0.104995
0 0.683203125 0.15543872611464968 0.06718800000000003 0.11926599999999998
0 0.7246096249999999 0.38148675796178344 0.05156200000000011 0.09581999999999995
0 0.8248044375 0.417420101910828 0.06093800000000005 0.086646
0 0.844141125 0.16053718471337577 0.067187 0.10805300000000002
