0 0.1809375 0.4296351171303075 0.078125 0.18462899999999993
0 0.4064453125 0.16300108638360178 0.05812500000000004 0.16307399999999997
0 0.557890625 0.38735567496339673 0.020625000000000004 0.038425999999999995
0 0.6223828125 0.4770862825768667 0.07374999999999998 0.12183700000000001
0 0.6928515625 0.5418104421669107 0.03437499999999993 0.148078
0 0.6919921875 0.35496454612005857 0.021874999999999978 0.03655099999999997
0 0.7311328125 0.5760726325036604 0.04125000000000001 0.19775000000000006
0 0.7269921875 0.37757380380673505 0.02312499999999995 0.04217399999999997
0 0.78421875 0.37716393265007325 0.024375000000000036 0.044047999999999976
0 0.86375 0.3875891903367496 0.03187499999999999 0.05154700000000005
0 0.9708203125 0.3815563191800879 0.02562500000000001 0.05341999999999996
