0 0.0126953125 0.930461496350365 0.025625 0.07096200000000016
0 0.06617187499999999 0.9515136861313869 0.028125000000000004 0.027078000000000078
0 0.2015234375 0.8222035182481751 0.029374999999999984 0.052287000000000174
0 0.38046875 0.40544372262773715 0.05562499999999998 0.12791800000000003
0 0.5020703125 0.3592178905109489 0.057499999999999996 0.10270800000000006
0 0.5825390625 0.6776639124087591 0.050000000000000044 0.084034
0 0.626875 0.6920770583941606 0.03187499999999999 0.08029900000000009
0 0.687890625 0.3916604744525547 0.05249999999999999 0.091504
0 0.704140625 0.5304273503649636 0.05125000000000002 0.0737629999999998
0 0.737578125 0.42113132846715323 0.06687500000000002 0.09617200000000006
0 0.8176171875 0.2739988102189781 0.02312499999999995 0.045751000000000014
0 0.9248828125 0.4199609124087591 0.073125 0.08216599999999998
0 0.931171875 0.25965235036496354 0.05874999999999997 0.07469600000000001
0 0.9231640625 0.19013554014598538 0.01937499999999992 0.03081199999999999
0 0.9839453125 0.1768928102189781 0.02562500000000001 0.043885000000000014
