0 0.9220860624999999 0.6408543328550933 0.08152599999999999 0.16305699999999992
0 0.0137739375 0.5391882022955524 0.015612000000000001 0.030573000000000045
0 0.4981489375 0.7049260043041606 0.983522 0.554141
0 0.060936625 0.5745347618364418 0.020814999999999993 0.025478000000000105
0 0.09020650000000001 0.5543134820659971 0.016478999999999994 0.02675200000000007
0 0.1336810625 0.5597309225251076 0.01821299999999998 0.03184700000000001
0 0.1665285 0.5095667618364419 0.01647900000000002 0.02420399999999998
0 0.2158764375 0.8576261004304161 0.06071099999999999 0.25605100000000003
0 0.2039320625 0.5270920832137733 0.01908099999999996 0.040764999999999926
0 0.2679144375 0.8241453744619799 0.06157800000000002 0.18343899999999994
0 0.29217893749999996 0.49571548206599714 0.013876000000000055 0.02802499999999995
0 0.32015106249999997 0.4719936427546629 0.01908000000000004 0.035668999999999985
0 0.4045316875 0.633235856527977 0.09974 0.207644
0 0.364922375 0.45527192252510756 0.013009999999999966 0.0343950000000001
0 0.3729465 0.5022452022955523 0.017346000000000028 0.02929900000000008
0 0.3808620625 0.4476289225251076 0.018213000000000035 0.03439499999999994
0 0.3867149375 0.4942807618364419 0.013876 0.024203000000000058
0 0.5055414375 0.511014243902439 0.029488999999999987 0.04968200000000009
0 0.6427185000000001 0.7386729397417504 0.11101499999999997 0.24713300000000005
0 0.7520810625 0.6635970889526542 0.05030299999999999 0.11210199999999998
0 0.8043446875 0.6666400114777618 0.06851699999999994 0.14395
0 0.816807875 0.5301487675753228 0.05897600000000014 0.09554099999999995
0 0.8935466249999999 0.4832979225251076 0.020816000000000057 0.03439500000000002
0 0.924777125 0.5175322022955524 0.03555900000000001 0.02929900000000008
0 0.922167625 0.4724630416068866 0.019947999999999966 0.021656000000000047
0 0.9656496875 0.7120050889526542 0.03816099999999989 0.1133760000000001
0 0.9715971250000001 0.452872880918221 0.005203999999999875 0.01273899999999997
0 0.980277625 0.5022579641319943 0.020815000000000028 0.05222899999999993
