0 0.0244140625 0.6914647647058824 0.05 0.1600749999999999
0 0.1578515625 0.5417050588235294 0.035 0.08662899999999997
0 0.1876953125 0.7095242352941176 0.08875000000000002 0.19209000000000007
0 0.2808203125 0.7483963529411765 0.057499999999999996 0.06214699999999988
0 0.304140625 0.6534618235294117 0.05249999999999999 0.09416200000000004
0 0.370703125 0.679466705882353 0.0675 0.12617699999999993
0 0.464921875 0.6432954705882353 0.028749999999999998 0.033897999999999984
0 0.548671875 0.8641302941176471 0.08999999999999997 0.17890699999999995
0 0.61421875 0.6529438235294117 0.023749999999999938 0.045198000000000016
0 0.66046875 0.679466705882353 0.08624999999999994 0.12617699999999993
0 0.679765625 0.779331 0.0824999999999999 0.15254299999999993
0 0.7587109375 0.695485294117647 0.04500000000000004 0.077213
0 0.8341015625 0.8911933529411765 0.16000000000000003 0.212806
0 0.7812890625 0.531591 0.018750000000000044 0.050848
