0 0.0878125 0.41635416666666664 0.0475 0.06833299999999998
0 0.1768359375 0.41822950000000003 0.045625 0.07916599999999992
0 0.2137890625 0.64848925 0.050625 0.071667
0 0.2903515625 0.4471871666666667 0.03437499999999999 0.06916699999999998
0 0.3148828125 0.6322913333333333 0.04125000000000001 0.0741670000000001
0 0.357109375 0.35718716666666667 0.04375000000000001 0.06916700000000002
0 0.38828125 0.6047913333333333 0.04062499999999997 0.07416699999999994
0 0.451484375 0.4102604166666666 0.04375000000000001 0.07666699999999997
0 0.50890625 0.6185416666666667 0.040000000000000036 0.05333299999999993
0 0.562578125 0.4021871666666666 0.03562499999999991 0.06916700000000005
0 0.59265625 0.640417 0.040000000000000036 0.06416599999999995
0 0.61828125 0.40588508333333334 0.040000000000000036 0.06583400000000002
0 0.668359375 0.70901075 0.04375000000000007 0.055000000000000014
0 0.703203125 0.9534378333333334 0.0668749999999999 0.09000000000000001
0 0.749453125 0.4008850833333333 0.03624999999999989 0.0658340000000001
0 0.7805859375 0.6313541666666667 0.0462499999999999 0.06916700000000005
0 0.8172265625 0.44473958333333335 0.03499999999999992 0.04999999999999997
0 0.8336328125 0.3833850833333334 0.041874999999999996 0.06583400000000002
0 0.8792578125 0.6216663333333333 0.04249999999999998 0.04333400000000013
0 0.9054296875 0.35125 0.03875000000000006 0.0625
