0 0.2001165 0.15166699999999997 0.079063 0.121666
0 0.236717125 0.5272218888888889 0.06735 0.09999999999999994
0 0.3401826875 0.19333299999999998 0.06881399999999999 0.1
0 0.4207073125 0.6250003333333334 0.05710100000000001 0.06833299999999996
0 0.425101 0.516667 0.06295699999999999 0.10000000000000006
0 0.449991 0.08277777777777778 0.06295699999999999 0.09666700000000002
0 0.5026983125 0.1844447777777778 0.05856500000000009 0.09666599999999997
0 0.5495526875 0.5205558888888888 0.06881400000000004 0.09833300000000002
0 0.5949383125000001 0.101667 0.057100999999999846 0.10000000000000002
0 0.6271493125 0.21166700000000002 0.05856499999999998 0.08166599999999997
0 0.632032125 0.36333299999999996 0.06735000000000002 0.10000000000000006
0 0.6710733125 0.5533333333333333 0.05710099999999996 0.10666699999999991
0 0.71548475 0.09722255555555555 0.05563600000000002 0.091666
0 0.7267093125 0.2911111111111111 0.05710099999999996 0.08333300000000002
0 0.772102375 0.39055588888888887 0.07613400000000003 0.09833300000000002
0 0.861414375 0.1077781111111111 0.07467000000000001 0.10333300000000001
