0 0.0787554375 0.22607668035190615 0.09285700000000002 0.13504800000000008
0 0.2858984375 0.08595212903225806 0.09214299999999997 0.131833
0 0.3179524375 0.41989529618768323 0.12357099999999999 0.20793200000000006
0 0.403247625 0.3261499560117302 0.05142899999999995 0.13826300000000005
0 0.5385101875 0.16808785337243404 0.05285699999999993 0.12861700000000004
0 0.7673828125 0.3612807771260997 0.13642900000000013 0.23365500000000008
0 0.894252375 0.2875649560117302 0.07571399999999995 0.138263
0 0.9655360000000001 0.7897300909090909 0.06428499999999981 0.18328
0 0.9681304374999999 0.5405639882697947 0.06142900000000007 0.17149000000000011
0 0.9744140625 0.9717309618768328 0.04928600000000005 0.053590000000000096
