0 0.4990234375 0.3557288333333333 0.9984379999999999 0.49583400000000005
0 0.1001953125 0.31796875 0.057813 0.08749999999999995
0 0.17578074999999999 0.2411458333333333 0.025001000000000023 0.058333
0 0.2787104375 0.4124999999999999 0.06249999999999997 0.12708300000000006
0 0.303125 0.1981770833333333 0.03125 0.03541700000000003
0 0.43046875 0.22109375 0.024999999999999967 0.05624999999999999
0 0.469922375 0.3734374999999999 0.04375000000000001 0.11041700000000003
0 0.5966801875 0.22916633333333333 0.02187500000000009 0.04374999999999999
0 0.649609375 0.29505175 0.043749999999999956 0.08749999999999998
0 0.7474614375 0.29062533333333335 0.029686999999999908 0.07499999999999996
0 0.8757807500000001 0.23255241666666668 0.023437999999999848 0.04583299999999998
0 0.8957036249999999 0.34192741666666665 0.05156200000000011 0.07708299999999994
