0 0.030587562500000002 0.8669794480234261 0.034964999999999996 0.055943999999999806
0 0.147358375 0.8190113806734992 0.044288999999999995 0.10139800000000011
0 0.14871281249999999 0.27762112298682284 0.04195800000000002 0.094406
0 0.2966994375 0.7359042210834553 0.030303000000000024 0.07342600000000003
0 0.4393025 0.287804019033675 0.10955700000000002 0.206293
0 0.4730996875 0.6306815768667643 0.037295999999999996 0.05944000000000005
0 0.538275375 0.6463057979502196 0.07459199999999999 0.13286700000000007
0 0.69867275 0.8490152518301609 0.055943999999999994 0.09790200000000003
0 0.925977125 0.5099417979502197 0.06759899999999996 0.13286699999999999
0 0.9765966875000001 0.5078223806734993 0.037295999999999885 0.10139899999999992
0 0.9820144375 0.4978135768667643 0.03030300000000008 0.05944099999999993
0 0.9833688749999999 0.6128049267935579 0.027972000000000108 0.13636300000000004
