0 0.025390625 0.17914844199706315 0.052734 0.18795900000000004
0 0.129882375 0.22907458590308372 0.106446 0.204112
0 0.1884763125 0.1527170073421439 0.025390999999999997 0.10425800000000002
0 0.25195325 0.1277531556534508 0.10253900000000002 0.182085
0 0.365234375 0.24669630102790013 0.10644499999999996 0.215859
0 0.496093875 0.11160072246696034 0.08984399999999992 0.11747399999999997
0 0.5273433750000001 0.2716597268722467 0.07519599999999999 0.17767899999999998
0 0.642578 0.2305437268722467 0.0957030000000001 0.17914800000000003
0 0.7988278750000001 0.30543315565345086 0.09082099999999993 0.18208499999999997
0 0.8691401875 0.20264286490455216 0.052734999999999976 0.10866400000000001
