0 0.11031250000000001 0.39838508333333333 0.10999999999999999 0.19166699999999995
0 0.1738671875 0.4810940833333333 0.021875000000000006 0.035000000000000066
0 0.2121875 0.4721875 0.046875 0.11000000000000003
0 0.36375 0.31151075 0.09499999999999997 0.18083300000000002
0 0.5374218749999999 0.5319270833333333 0.09000000000000002 0.16000000000000006
0 0.6001171875 0.4794795 0.021874999999999978 0.01666600000000007
0 0.6455078125 0.50255175 0.010624999999999996 0.024166999999999977
0 0.7064453125 0.534167 0.08937499999999998 0.12500000000000008
0 0.7871484375 0.47369825 0.030000000000000027 0.03916599999999996
0 0.983125 0.39619825000000003 0.03187499999999999 0.16416599999999995
