0 0.07296875 0.3466738823529411 0.024375000000000008 0.08097900000000008
0 0.1223046875 0.4138251176470588 0.03874999999999999 0.07156299999999995
0 0.269609375 0.2955935294117647 0.011875000000000024 0.06779699999999998
0 0.281640625 0.3086603529411765 0.020625000000000004 0.06308799999999998
0 0.342890625 0.46276694117647055 0.05125000000000002 0.16572500000000007
0 0.3928125 0.30548682352941176 0.016249999999999987 0.04425600000000003
0 0.4689453125 0.2975404117647059 0.026875000000000038 0.04802299999999997
0 0.498359375 0.28830447058823533 0.012500000000000011 0.033897999999999984
0 0.58203125 0.2987147647058824 0.008750000000000036 0.06026399999999997
0 0.66921875 0.32749235294117646 0.024375000000000036 0.06403000000000005
0 0.712734375 0.38508923529411765 0.07437499999999997 0.14406799999999992
0 0.6888671875 0.2572314705882353 0.023125000000000062 0.03295599999999999
0 0.8011328125 0.27175729411764704 0.04125000000000001 0.07721200000000006
0 0.91125 0.3113575882352941 0.03249999999999997 0.10452000000000009
