0 0.08609375 0.4373440833333333 0.05562500000000001 0.098333
0 0.1357421875 0.3731770833333334 0.05437500000000001 0.098333
0 0.2333203125 0.4334378333333333 0.05687500000000004 0.08916600000000001
0 0.3339453125 0.3533336666666667 0.05812500000000004 0.08416599999999992
0 0.384453125 0.5051565833333332 0.06687500000000002 0.11250000000000011
0 0.46609375 0.4347399166666666 0.055625000000000036 0.09333300000000004
0 0.4630078125 0.3494274166666667 0.04125000000000001 0.07749999999999994
0 0.5358203125 0.5728121666666667 0.05812500000000009 0.09999999999999994
0 0.5630859375 0.3724996666666667 0.04562500000000003 0.08583400000000004
0 0.6028125 0.40703158333333334 0.046875 0.080833
0 0.7284375 0.3782295 0.04875000000000007 0.079166
0 0.7798828125 0.4788020833333333 0.07250000000000001 0.12916700000000003
0 0.9248046875 0.33380208333333333 0.06874999999999998 0.12916699999999995
