0 0.019375 0.44213541666666667 0.0325 0.04583300000000001
0 0.043671875 0.3805725833333333 0.028125000000000004 0.051666999999999984
0 0.092734375 0.12302083333333334 0.012500000000000011 0.027500000000000007
0 0.1749609375 0.10552083333333333 0.014374999999999999 0.027500000000000007
0 0.226796875 0.38890658333333333 0.027499999999999997 0.05166599999999999
0 0.2690625 0.10406216666666668 0.01687500000000003 0.03749999999999998
0 0.2996875 0.43302083333333335 0.01687500000000003 0.027500000000000007
0 0.3294140625 0.4690621666666666 0.01937500000000003 0.03750000000000009
0 0.336484375 0.0761455 0.011875000000000024 0.017500000000000005
0 0.4159375 0.4867187499999999 0.016874999999999973 0.024167000000000122
0 0.4218359375 0.08989616666666667 0.015000000000000013 0.038333000000000006
0 0.5251171875 0.10119824999999999 0.02312499999999995 0.041666
0 0.6131640625 0.13359408333333334 0.018125000000000058 0.035833000000000004
0 0.6209765625 0.4975003333333334 0.03375000000000006 0.04250000000000006
0 0.7019921875 0.11442708333333333 0.02312499999999995 0.034167000000000024
0 0.7151171875 0.5054684166666666 0.023125000000000062 0.046667000000000014
0 0.80125 0.5629163333333334 0.06312499999999999 0.10499999999999998
0 0.8182421875 0.07630241666666666 0.02312499999999995 0.04666600000000001
0 0.8903125 0.61140625 0.0787500000000001 0.13333299999999992
