0 0.07132812499999999 0.4355878345534407 0.036875 0.06660400000000004
0 0.2730859375 0.4219728653001463 0.04625000000000001 0.09005600000000005
0 0.3851953125 0.4863321537335286 0.02562500000000001 0.11726099999999993
0 0.4848046875 0.4522894787701318 0.03812500000000002 0.08067499999999998
0 0.5787890625 0.5492542518301611 0.050000000000000044 0.09849900000000006
0 0.5953515625 0.19596396339677893 0.03500000000000003 0.06941800000000001
0 0.692421875 0.20395093265007325 0.028125000000000067 0.04408999999999999
0 0.7240625 0.39732841142020503 0.078125 0.12476500000000004
0 0.7558203125 0.219371803806735 0.02562500000000001 0.042214000000000015
0 0.9869921875 0.28421406149341144 0.023125000000000062 0.049719000000000006
