0 0.0577734375 0.16810625745257451 0.029375 0.052951
0 0.2414453125 0.14293325745257454 0.026874999999999982 0.053818999999999985
0 0.35734375 0.2050939485094851 0.08749999999999997 0.19010399999999997
0 0.419296875 0.12692627100271003 0.02812500000000001 0.05468800000000001
0 0.4946875 0.16054843360433604 0.04812500000000003 0.087673
0 0.5530078125 0.25186336585365854 0.04249999999999998 0.07465299999999998
0 0.6184375 0.18572143360433602 0.04749999999999999 0.08680600000000001
0 0.6660546875 0.19245437940379406 0.03875000000000006 0.07812499999999999
0 0.6962890625 0.17987827100271 0.018124999999999947 0.055555
0 0.74265625 0.22724028455284553 0.040000000000000036 0.059026999999999996
0 0.759765625 0.16327924390243903 0.020625000000000004 0.049479000000000016
0 0.808671875 0.16577721680216803 0.028124999999999956 0.04600699999999999
0 0.8407421875 0.17890424390243906 0.022500000000000075 0.050347
0 0.8790234375 0.23613233875338752 0.02937500000000004 0.06944400000000005
0 0.898515625 0.18004720325203255 0.020625000000000004 0.040799
0 0.9263671875 0.17212917615176151 0.021874999999999978 0.037326
0 0.9712109375 0.16501524390243902 0.015000000000000013 0.049478999999999995
