0 0.2211455 0.6506640625 0.017499999999999998 0.018750000000000044
0 0.230625 0.6869921875 0.03249999999999997 0.021874999999999978
0 0.23994758333333333 0.6457421875 0.018334 0.021874999999999978
0 0.2618753333333334 0.627109375 0.010832999999999945 0.01187500000000008
0 0.26447950000000003 0.6496875 0.015832999999999986 0.016874999999999973
0 0.30651075 0.6875390625 0.05666599999999996 0.04937500000000006
0 0.2911455 0.728203125 0.015834000000000053 0.036250000000000004
0 0.34078158333333336 0.679765625 0.020000000000000018 0.019999999999999907
0 0.38171874999999994 0.678046875 0.02500000000000006 0.02749999999999997
0 0.3828125 0.6221875 0.015832999999999986 0.016874999999999973
0 0.4151045 0.7090625 0.04750000000000002 0.04812499999999997
0 0.41328158333333337 0.64046875 0.020832999999999952 0.023749999999999938
0 0.41567741666666663 0.5893359375 0.01333300000000004 0.013749999999999929
0 0.42484341666666664 0.573359375 0.013334000000000032 0.013124999999999942
0 0.4328125 0.6112109375 0.015832999999999986 0.015000000000000013
0 0.4406774166666667 0.5862109375 0.013332999999999965 0.015000000000000013
0 0.4744274166666667 0.691171875 0.07749999999999997 0.06000000000000005
0 0.4524475833333333 0.6230078125 0.020000000000000018 0.010000000000000009
0 0.49328158333333333 0.573359375 0.018332999999999933 0.013124999999999942
0 0.50640625 0.5480078125 0.009167 0.010624999999999996
0 0.5185413333333334 0.5598828125 0.01166700000000002 0.010624999999999996
0 0.5277083333333333 0.6167578125 0.011667000000000094 0.010000000000000009
0 0.5505725833333334 0.729765625 0.050000000000000044 0.05125000000000002
0 0.5407815833333333 0.659296875 0.018333000000000082 0.02749999999999997
0 0.5549475833333334 0.643515625 0.020000000000000018 0.020625000000000004
0 0.5790104166666666 0.6256640625 0.01416700000000004 0.018750000000000044
0 0.5969270833333332 0.6816796875 0.03583300000000008 0.03750000000000009
0 0.5957815833333334 0.6374609375 0.019999999999999945 0.01375000000000004
0 0.6154166666666666 0.6484375 0.022499999999999964 0.015625
0 0.6257291666666668 0.7317578125 0.036667000000000005 0.0412499999999999
0 0.6641145833333334 0.6551171875 0.02000000000000009 0.021874999999999978
0 0.7098961666666668 0.6541015625 0.038332999999999874 0.03375000000000006
0 0.7836458333333334 0.7016015625 0.05916699999999997 0.03437499999999993
0 0.8447399166666667 0.7933984375 0.09333299999999989 0.09187499999999993
0 0.86901075 0.70828125 0.055000000000000014 0.04062500000000002
