0 0.0330859375 0.5469889109506619 0.04625 0.04083200000000002
0 0.1408203125 0.5179416245487365 0.056874999999999995 0.10862899999999998
0 0.1794921875 0.4738885607701564 0.05437499999999998 0.08397500000000002
0 0.2640625 0.5031645607701565 0.047500000000000014 0.08243400000000008
0 0.272890625 0.31108866907340554 0.051875000000000004 0.08936800000000006
0 0.362265625 0.08463708303249097 0.051875000000000004 0.07319
0 0.3676171875 0.4560728219013237 0.05312499999999998 0.07935300000000006
0 0.4964453125 0.7860537135980746 0.08937499999999998 0.071648
0 0.4779296875 0.07168623586040915 0.03812500000000002 0.061633999999999994
0 0.4739453125 0.015643802647412757 0.026249999999999996 0.032357
0 0.6216796875 0.06537708303249097 0.03874999999999995 0.07241900000000001
0 0.641015625 0.2624569302045728 0.051875000000000004 0.08551600000000006
0 0.715703125 0.5849686245487364 0.06687500000000002 0.10939900000000001
0 0.7120703125 0.4244354079422383 0.057499999999999996 0.09476099999999996
0 0.7500390625 0.14020282190132372 0.05062500000000003 0.07704199999999996
0 0.832265625 0.25533245246690733 0.05125000000000002 0.0755
0 0.8934765625 0.5714896690734056 0.06500000000000006 0.08936800000000002
0 0.8879296875 0.2023196052948255 0.03749999999999998 0.063945
0 0.9851953125 0.5261304079422382 0.026874999999999982 0.09553099999999999
0 0.9915625 0.27526771359807456 0.015625 0.07087800000000004
