0 0.04685212298682284 0.4983203125 0.09474699999999998 0.12
0 0.14583309224011712 0.5890625 0.07129500000000003 0.04749999999999999
0 0.26569779795021964 0.674453125 0.13320900000000002 0.12937500000000002
0 0.2599113806734992 0.5556640625 0.10225200000000002 0.08062499999999995
0 0.3971882152269399 0.7837890625 0.164165 0.14312499999999995
0 0.4223328594436311 0.948828125 0.18011199999999994 0.09937499999999999
0 0.5614233133235725 0.266015625 0.14634199999999994 0.11437499999999998
0 0.7008824787701318 0.5037109375 0.07973699999999993 0.10937499999999994
0 0.8010030248901905 0.4701953125 0.11538500000000007 0.11937500000000001
0 0.7956294787701317 0.820703125 0.07973700000000018 0.09937499999999999
0 0.8897974729136164 0.972734375 0.1716699999999999 0.04312499999999997
0 0.9538678653001464 0.566796875 0.08911800000000007 0.09062500000000007
0 0.9773458038067349 0.4834375 0.042214000000000224 0.04812500000000003
