0 0.1565625 0.3437503333333334 0.048125 0.10500000000000002
0 0.229609375 0.16276075 0.07500000000000001 0.11833299999999998
0 0.225 0.7327086666666668 0.0325 0.053333
0 0.2531640625 0.5516663333333334 0.018125000000000002 0.041666999999999975
0 0.2874609375 0.29838575 0.015000000000000013 0.025832999999999995
0 0.41625 0.6434895833333334 0.06437500000000002 0.11416699999999998
0 0.4690625 0.08765624999999999 0.046875 0.07166700000000001
0 0.5959375 0.33630241666666666 0.01749999999999996 0.045000000000000005
0 0.626171875 0.7043225833333334 0.059374999999999956 0.1133339999999999
0 0.6795703125 0.12479166666666668 0.05812499999999998 0.115833
0 0.7718359375 0.62098925 0.04500000000000004 0.07083399999999991
0 0.7737890625 0.3284375 0.01937500000000003 0.04833299999999996
