0 0.0345703125 0.11250711764705883 0.0575 0.07344599999999998
0 0.0394140625 0.12228323529411765 0.05 0.04237299999999999
0 0.10484375 0.6160407647058823 0.055624999999999994 0.060264000000000054
0 0.14640625 0.10421217647058825 0.03937500000000002 0.056497
0 0.186875 0.36091405882352945 0.06437499999999999 0.08568799999999993
0 0.2296875 0.12621870588235296 0.048750000000000016 0.07627100000000002
0 0.33046875 0.10685711764705882 0.05625000000000002 0.073446
0 0.4381640625 0.12233552941176472 0.049375 0.06967999999999999
0 0.525859375 0.13039811764705883 0.043749999999999956 0.07250399999999997
0 0.644140625 0.1091535294117647 0.05125000000000002 0.06779600000000001
0 0.6441015625 0.6395807647058823 0.034375000000000044 0.05932299999999996
0 0.6624609375 0.5069289411764706 0.04625000000000001 0.06591399999999994
0 0.7659765625 0.08143311764705882 0.03437499999999993 0.07344699999999998
0 0.7780859375 0.4872711176470588 0.04500000000000004 0.07344700000000001
0 0.8649609375 0.4872711176470588 0.04625000000000001 0.07344700000000001
0 0.902734375 0.09885941176470589 0.04312499999999997 0.04990499999999999
0 0.9804296875 0.4824469411764705 0.03749999999999998 0.06685500000000012
