0 0.023125 0.471716803806735 0.031875 0.04221400000000006
0 0.137890625 0.543011803806735 0.020000000000000018 0.042213999999999974
0 0.1426171875 0.7068791903367496 0.023125000000000007 0.05159499999999995
0 0.1673828125 0.7194159633967788 0.011249999999999982 0.0675420000000001
0 0.2765625 0.6836806442166911 0.01687500000000003 0.016886000000000012
0 0.3111328125 0.880811122986823 0.04124999999999995 0.09568499999999996
0 0.4376953125 0.7083433191800879 0.026875000000000038 0.05347099999999999
0 0.5496875 0.4750579326500732 0.016249999999999987 0.04596600000000004
0 0.570703125 0.7668460922401172 0.036250000000000004 0.07317100000000001
0 0.6081640625 0.6130260307467057 0.018125000000000058 0.02439100000000004
0 0.6584375 0.6122022884333821 0.015625 0.03095700000000004
0 0.8656640625 0.7806895768667642 0.01937499999999992 0.06097600000000002
0 0.8701171875 0.6025236749633968 0.021874999999999978 0.04033700000000005
0 0.9137109375 0.5895740307467057 0.014375000000000027 0.025328000000000128
0 0.9709375 0.5956149019033674 0.015625 0.021576000000000057
