0 0.0761715 0.47916622222222216 0.016601999999999992 0.039931000000000064
0 0.10742162499999999 0.5746524444444444 0.01953200000000002 0.046875
0 0.1953125 0.592014111111111 0.04882800000000001 0.13194400000000014
0 0.232421875 0.4739583333333333 0.027344000000000007 0.07291700000000005
0 0.34667925 0.6406246666666666 0.07128899999999999 0.17881999999999998
0 0.449218375 0.413194 0.01171899999999998 0.03298700000000007
0 0.545898625 0.432292 0.02050799999999997 0.03125000000000005
0 0.6552735 0.4097224444444445 0.016601000000000088 0.04687499999999995
0 0.7402347499999999 0.4131944444444444 0.025390000000000135 0.046875
0 0.8261716250000001 0.44444399999999995 0.02050799999999986 0.03298700000000013
0 0.9570311874999999 0.4218753333333333 0.022461000000000064 0.04340199999999994
