0 0.22109325 0.6166663333333333 0.007813000000000014 0.011459000000000033
0 0.233984375 0.6453125 0.011719000000000007 0.015625
0 0.2500005 0.6411458333333334 0.017187000000000008 0.028124999999999956
0 0.262109375 0.71276075 0.013281000000000043 0.02499999999999991
0 0.312890375 0.7101565833333333 0.013280999999999987 0.0208330000000001
0 0.41249949999999996 0.7283850833333334 0.017188000000000037 0.03541699999999981
0 0.45937449999999996 0.7208336666666666 0.017188000000000037 0.02187500000000009
0 0.4623046875 0.6309895833333333 0.007811999999999986 0.018750000000000044
0 0.49140600000000006 0.8054687499999998 0.032812999999999926 0.05625000000000006
0 0.486328125 0.6309895833333333 0.005468999999999946 0.02083300000000003
0 0.643359625 0.8609371666666666 0.021094000000000057 0.03854199999999993
0 0.6521479375 0.8296875 0.014063000000000048 0.046875
0 0.9017580625 0.7052086666666666 0.018750000000000044 0.02187500000000009
