0 0.0341801875 0.55989625 0.023437 0.04166600000000006
0 0.08007856249999999 0.9531248333333334 0.034179 0.08854199999999975
0 0.09960893750000001 0.8502602500000002 0.045898999999999995 0.10156299999999992
0 0.17578074999999999 0.8515625 0.02441500000000002 0.08072900000000012
0 0.221679625 0.5338544166666667 0.021484000000000003 0.07682300000000009
0 0.5478519374999999 0.5624995 0.013672000000000017 0.04687599999999984
0 0.590820625 0.5572915833333334 0.020507000000000053 0.052082999999999956
0 0.6562502499999999 0.8203124166666668 0.07226500000000013 0.10677099999999988
0 0.858398875 0.8841146666666666 0.06054599999999999 0.21093700000000007
0 0.924804875 0.5794275 0.027344000000000035 0.046875
0 0.9697264999999999 0.6757809166666666 0.015625 0.029948000000000086
