0 0.07796875 0.4834528235294117 0.024374999999999994 0.04613900000000003
0 0.0970703125 0.47773894117647053 0.026874999999999996 0.06591300000000004
0 0.155859375 0.4994492352941176 0.043125 0.09227800000000005
0 0.2248828125 0.4748500588235294 0.04125000000000001 0.08662899999999997
0 0.3258984375 0.4500718235294117 0.029374999999999984 0.09698700000000002
0 0.3629296875 0.48173829411764707 0.03812500000000002 0.07909599999999992
0 0.4937109375 0.45725629411764707 0.04624999999999996 0.079096
0 0.542734375 0.503395294117647 0.04312499999999997 0.07909600000000008
0 0.56828125 0.43266870588235296 0.009375000000000022 0.024481999999999924
0 0.595625 0.4750939999999999 0.03187499999999999 0.051789000000000085
0 0.669609375 0.4692010588235294 0.04437500000000005 0.08662899999999997
0 0.713046875 0.4660265294117647 0.028125000000000067 0.06968000000000003
0 0.8171875 0.5028028235294117 0.0475000000000001 0.09416200000000004
0 0.9391796875 0.4781513529411765 0.03749999999999998 0.062146999999999966
0 0.980078125 0.4777912352941176 0.03687499999999999 0.09133700000000004
