0 0.033984375 0.7406501903367497 0.0125 0.05065599999999992
0 0.05640625 0.8262878653001465 0.04 0.09005599999999997
0 0.0687890625 0.5720227057101025 0.019375000000000003 0.06379000000000003
0 0.1018359375 0.8380008960468522 0.046249999999999986 0.11256999999999984
0 0.1776171875 0.7835477364568082 0.05374999999999999 0.08536600000000018
0 0.340625 0.7231679633967789 0.03125 0.06754299999999991
0 0.3775390625 0.561958159590044 0.018125000000000002 0.029079999999999866
0 0.4168359375 0.5538127730600293 0.015000000000000013 0.019700000000000023
0 0.428359375 0.5555054172767203 0.013124999999999998 0.032832999999999994
0 0.4732421875 0.7200121903367497 0.02312499999999995 0.0525330000000001
0 0.4723828125 0.5569695461200586 0.009999999999999953 0.036585000000000145
0 0.4819921875 0.5779493191800879 0.021874999999999978 0.053471000000000074
0 0.5096875 0.5266519326500732 0.016875000000000084 0.04502899999999996
0 0.5441015625 0.726692448023426 0.03375000000000006 0.056285
0 0.614140625 0.5557329326500732 0.020625000000000004 0.04596599999999996
0 0.628359375 0.6010595461200585 0.012499999999999956 0.03658500000000006
0 0.7476953125 0.6069160614934114 0.02562500000000001 0.04878000000000006
0 0.74828125 0.5567410307467057 0.008750000000000036 0.02345200000000001
0 0.8049609375 0.5496920614934114 0.01375000000000004 0.04971900000000009
