0 0.1833989375 0.5695315833333333 0.014061999999999991 0.01874999999999997
0 0.2966796875 0.5632815833333332 0.007811999999999986 0.02083300000000003
0 0.3154296875 0.5205729166666666 0.007811999999999986 0.029167000000000092
0 0.3419926875 0.6075520833333333 0.039061999999999986 0.06666700000000003
0 0.396484375 0.5989583333333334 0.04375000000000001 0.07499999999999996
0 0.4654296875 0.5223955 0.006249999999999978 0.016666999999999987
0 0.5279296875 0.5247399166666668 0.00781199999999993 0.029166000000000025
0 0.591797375 0.5583336666666666 0.012499000000000038 0.022916000000000086
0 0.70703125 0.51432325 0.04062500000000002 0.07291599999999991
0 0.9529291875000001 0.5234375 0.021875999999999785 0.04791699999999999
