0 0.03598925 0.184296875 0.070834 0.06
0 0.04911491666666667 0.30140625 0.061666000000000006 0.07125000000000004
0 0.0767705 0.1776171875 0.04833399999999999 0.053125000000000006
0 0.16713541666666665 0.3370703125 0.04500000000000004 0.05812499999999998
0 0.182917 0.2465234375 0.06333300000000001 0.06187500000000001
0 0.26734375 0.1339453125 0.055000000000000014 0.05812500000000001
0 0.3316149166666667 0.11828125 0.06166600000000003 0.03937499999999999
0 0.3485416666666667 0.065 0.05249999999999999 0.063125
0 0.43911491666666663 0.1312890625 0.06083299999999999 0.04999999999999999
0 0.4430725833333333 0.1972265625 0.051666999999999984 0.065
0 0.4916149166666666 0.2376171875 0.06083299999999999 0.05312500000000003
0 0.5052086666666668 0.1301171875 0.052499999999999915 0.05312499999999999
0 0.5892190833333334 0.3941796875 0.06666599999999996 0.07
0 0.6321871666666666 0.3222265625 0.06833400000000005 0.065
0 0.6784374999999999 0.330234375 0.04749999999999995 0.044375
0 0.7219788333333333 0.343046875 0.05916699999999997 0.06000000000000005
0 0.8022395833333333 0.0345703125 0.05083300000000005 0.058125
0 0.8137500000000001 0.151953125 0.06333299999999993 0.06687500000000002
0 0.8088024166666666 0.3676171875 0.04583300000000001 0.05312499999999998
0 0.8371871666666667 0.48859375 0.06833399999999996 0.08687499999999998
0 0.8569788333333334 0.3083984375 0.059166999999999824 0.06124999999999997
0 0.9161458333333332 0.40421875 0.059167000000000115 0.05499999999999999
0 0.9292190833333334 0.1991015625 0.06583300000000003 0.065
0 0.9279684166666667 0.293828125 0.04499999999999993 0.03562500000000002
0 0.9676044999999999 0.2751171875 0.04750000000000002 0.053125000000000006
