0 0.0439453125 0.39113099576868826 0.026875000000000003 0.047877
0 0.1423828125 0.25941680959097324 0.011249999999999982 0.031616999999999985
0 0.4419140625 0.36149480959097324 0.01937500000000003 0.03161699999999991
0 0.4603125 0.4037769957686883 0.016874999999999973 0.04607099999999998
0 0.509609375 0.2665329351198871 0.013124999999999942 0.027099999999999992
0 0.5690625 0.2981499351198872 0.015625 0.027099999999999992
0 0.5819140625 0.3516686840620592 0.01937500000000003 0.037037000000000035
0 0.646171875 0.35971874047954866 0.06000000000000005 0.1038840000000001
0 0.6269140625 0.29645380959097317 0.018749999999999933 0.033424000000000016
0 0.7041796875 0.37079749365303244 0.03874999999999995 0.07046000000000001
0 0.7772265625 0.786523234132581 0.09625000000000006 0.16982799999999992
0 0.821328125 0.44509324259520455 0.03562500000000002 0.07949399999999991
0 0.8707421875 0.3872952468265162 0.023125000000000062 0.03523100000000005
0 0.89140625 0.5869811819464035 0.04062500000000002 0.06142699999999998
0 0.9617578125 0.8400589873060649 0.07374999999999998 0.13821100000000008
0 0.9376171875 0.4422254330042313 0.02312499999999995 0.04968300000000003
0 0.9425390625 0.34444268406205925 0.018125000000000058 0.037037000000000035
0 0.9434375 0.3552826840620592 0.016874999999999973 0.03703700000000007
