0 0.14066406250000002 0.5363757057101025 0.05 0.06378899999999997
0 0.2080859375 0.3937857057101025 0.046249999999999986 0.061913999999999955
0 0.2800390625 0.47409299414348466 0.04999999999999999 0.090995
0 0.344140625 0.37168457686676426 0.05250000000000005 0.059099000000000054
0 0.4438671875 0.48748044802342605 0.05375000000000002 0.05722399999999995
0 0.5255859375 0.5027621229868229 0.04499999999999993 0.09380899999999985
0 0.584765625 0.410785963396779 0.05125000000000002 0.06941799999999997
0 0.6315625 0.5202875095168376 0.04874999999999996 0.10412799999999997
0 0.7365625 0.5152547364568082 0.04749999999999999 0.08724200000000004
0 0.843984375 0.5339024787701317 0.04437499999999994 0.08067599999999996
0 0.9300390625 0.34118360761347 0.04999999999999993 0.08442700000000002
