0 0.0501171875 0.31915157686676426 0.021875 0.06003699999999999
0 0.0948046875 0.3254199633967789 0.03875000000000001 0.06941800000000001
0 0.29625 0.39535637481698394 0.09375 0.19230699999999998
0 0.4051171875 0.2964090614934114 0.023125000000000007 0.04784300000000001
0 0.5734375 0.31482928843338215 0.016874999999999973 0.03001800000000001
0 0.6023046875 0.2966375768667643 0.03875000000000006 0.05909900000000001
0 0.603125 0.37296434992679356 0.03125 0.07692299999999996
0 0.6680859375 0.38718504978038065 0.10812500000000003 0.22889299999999996
0 0.7914453125 0.3062019326500732 0.025624999999999898 0.04409000000000001
0 0.8660546875 0.3003895768667643 0.03874999999999995 0.05909899999999997
