0 0.0166015625 0.8136130073421439 0.03375 0.10432299999999994
0 0.0084375 0.49465357415565353 0.015625 0.04041299999999992
0 0.023046875 0.44025943171806164 0.028124999999999997 0.046053000000000024
0 0.0548046875 0.6697581483113069 0.038125 0.07894699999999998
0 0.05359375 0.46686914537444935 0.024375 0.03665400000000005
0 0.091953125 0.5570351468428781 0.036250000000000004 0.058271000000000066
0 0.091015625 0.47961557415565353 0.02062499999999999 0.03853399999999998
0 0.12894531250000002 0.48965986049926574 0.026874999999999996 0.04981200000000006
0 0.151640625 0.4931851453744494 0.01999999999999999 0.036653999999999964
0 0.160625 0.7568704346549192 0.033125000000000016 0.08646599999999995
0 0.1840625 0.46863128781204116 0.016875 0.031014999999999925
0 0.1887890625 0.6074355741556535 0.018125000000000002 0.03853399999999998
0 0.1971484375 0.758104148311307 0.029375000000000012 0.07706700000000005
0 0.221484375 0.5684900029368575 0.011874999999999997 0.042294000000000075
0 0.25703125 0.9692185756240821 0.03937499999999999 0.05921000000000013
0 0.2720703125 0.5075178604992658 0.025624999999999953 0.04793200000000005
0 0.27359375 0.44025943171806164 0.02437499999999998 0.046053000000000024
0 0.2830859375 0.6193598604992658 0.013749999999999984 0.04793200000000005
0 0.291015625 0.46645757415565353 0.020625000000000004 0.0404139999999999
0 0.288359375 0.3979085726872246 0.013125000000000053 0.017857
0 0.29765625 0.32941643024963285 0.009374999999999967 0.023496000000000003
0 0.3135546875 0.7419502922173274 0.03875000000000001 0.09304500000000003
0 0.3227734375 0.5518667165932453 0.030625000000000013 0.03477500000000002
0 0.3258203125 0.48190714537444934 0.02562500000000001 0.036653999999999964
0 0.3309765625 0.7957571468428781 0.03375 0.057330999999999854
0 0.3464453125 0.5581520029368575 0.02562500000000001 0.042293000000000094
0 0.36109375 0.696486859030837 0.024375000000000036 0.028194999999999956
0 0.3655078125 0.4581764302496329 0.010625000000000051 0.025374999999999988
0 0.3951953125 0.5313075741556536 0.02562500000000001 0.03853399999999998
0 0.4252734375 0.4855492878120411 0.030624999999999958 0.03195499999999997
0 0.4365625 0.4335635741556534 0.016249999999999987 0.04041300000000009
0 0.4610546875 0.4381447165932452 0.007500000000000007 0.03477500000000002
0 0.4775 0.767091577092511 0.033125000000000016 0.08082699999999998
0 0.4829296875 0.6291094331864905 0.038124999999999964 0.06578999999999995
0 0.4881640625 0.5417634317180617 0.01937500000000003 0.04605199999999996
0 0.4890625 0.39062428781204106 0.016249999999999987 0.031015000000000008
0 0.4943359375 0.8909168619676946 0.014374999999999971 0.06766900000000015
0 0.5082421875 0.5008210029368576 0.023125000000000007 0.04229300000000001
0 0.5128125 0.6500211483113069 0.015625 0.07706800000000004
0 0.530546875 0.7763127209985315 0.028125000000000067 0.09680500000000021
0 0.559375 0.5120400044052863 0.0318750000000001 0.06391000000000002
0 0.5932421875 0.46957128781204116 0.02312499999999995 0.031015000000000008
0 0.5995703125 0.5489287195301028 0.02562500000000001 0.07518800000000003
0 0.6284375 0.46269857415565346 0.015625 0.03853400000000006
0 0.6533984375 0.8251835814977974 0.061249999999999916 0.14097800000000005
0 0.652265625 0.40337071659324525 0.020625000000000004 0.03477399999999996
0 0.65390625 0.4597617165932453 0.009375000000000022 0.03477399999999996
0 0.6651953125 0.5441718604992658 0.02562500000000001 0.049811999999999974
0 0.6720703125 0.4773250029368576 0.026874999999999982 0.04229300000000001
0 0.6751171875 0.41464871659324526 0.021874999999999978 0.03477499999999994
0 0.7079296875 0.6470842907488987 0.03750000000000009 0.07330800000000001
0 0.7043359375 0.4247530014684287 0.014375000000000027 0.022556000000000083
0 0.71546875 0.5727784317180616 0.024375000000000036 0.04605199999999996
0 0.7733203125 0.6396252892804699 0.02562500000000001 0.05263099999999996
0 0.7881640625 0.4165287165932452 0.018124999999999947 0.032895000000000015
0 0.8288671875 0.7556968590308369 0.021874999999999978 0.02725599999999989
0 0.8342578125 0.4471321453744493 0.010624999999999996 0.036653999999999964
0 0.8696875 0.8450395785609398 0.046875 0.10056400000000008
0 0.869140625 0.47891028928046997 0.020000000000000018 0.05169199999999998
0 0.8998828125 0.5397665741556535 0.011249999999999982 0.04041299999999992
0 0.9209375 0.4337394302496329 0.01750000000000007 0.02537600000000005
0 0.9281640625 0.4773250029368576 0.01937499999999992 0.04229300000000001
0 0.944609375 0.4291582878120411 0.012500000000000067 0.031015000000000095
0 0.9523828125 0.39855385903083707 0.010000000000000009 0.02725599999999989
0 0.9757421875 0.5472255756240822 0.023125000000000062 0.06108999999999997
0 0.9844140625 0.38134314537444935 0.01937500000000003 0.036653999999999964
