0 0.0771484375 0.752974779089376 0.12437500000000001 0.20626299999999984
0 0.15484375 0.4702450758853288 0.08687500000000001 0.19114500000000004
0 0.193984375 0.31481169139966275 0.07437500000000002 0.16630699999999998
0 0.35828125 0.21761969139966272 0.070625 0.166307
0 0.4020703125 0.8271322512647554 0.12062499999999998 0.269978
0 0.39796875 0.5533234603709949 0.08625 0.21490299999999998
0 0.417734375 0.0991862192242833 0.04375000000000001 0.10367200000000001
0 0.4805078125 0.38481494435075886 0.04249999999999993 0.13066999999999995
0 0.4953125 0.10877253794266442 0.017500000000000016 0.09503199999999999
0 0.5219921875 0.03825410961214165 0.023125000000000062 0.052916000000000005
0 0.5575390625 0.13738226306913995 0.018125000000000058 0.12202999999999999
0 0.59265625 0.15473587858347385 0.04062500000000002 0.09935200000000001
0 0.6322265625 0.4628768229342327 0.09750000000000003 0.22786199999999998
0 0.68890625 0.07792819730185498 0.04062499999999991 0.093953
0 0.7873046875 0.7518201635750421 0.13187499999999996 0.23002200000000003
0 0.7559765625 0.07610917537942664 0.03500000000000003 0.080994
0 0.8375 0.21587528499156833 0.06374999999999997 0.132829
0 0.951875 0.34232486677908935 0.09437499999999999 0.24946000000000004
