0 0.0558203125 0.36841354612005855 0.02687500000000001 0.036585999999999994
0 0.0562109375 0.36788741727672036 0.013749999999999998 0.03471
0 0.07828125 0.35198457686676426 0.04000000000000001 0.06097499999999997
0 0.1266015625 0.3939700614934114 0.034375 0.049719000000000006
0 0.195625 0.3445496749633967 0.031875000000000014 0.04033800000000006
0 0.19625 0.3285325768667643 0.03312499999999999 0.06003699999999995
0 0.219375 0.4457925768667643 0.031875000000000014 0.06003799999999996
0 0.275234375 0.7597539633967789 0.043125000000000024 0.06941799999999988
0 0.3616796875 0.22714847877013178 0.03875000000000001 0.080676
0 0.4956640625 0.3465399326500732 0.01874999999999999 0.04408999999999997
0 0.501015625 0.34766228843338215 0.02062499999999995 0.030955999999999984
0 0.6045703125 0.34718031918008785 0.026874999999999982 0.05347000000000002
0 0.6675 0.34800406149341145 0.03312500000000007 0.047841999999999954
0 0.6657421875 0.3579111903367497 0.02312499999999995 0.05159399999999999
0 0.75625 0.2854938345534407 0.03187499999999999 0.06472800000000001
0 0.8340625 0.21101712298682285 0.04749999999999999 0.09474699999999998
0 0.9551171875 0.352580803806735 0.022500000000000075 0.042213
