0 0.0253125 0.8223515095168374 0.0475 0.10412799999999997
0 0.07875 0.6872934480234261 0.03125 0.058160999999999956
0 0.17640625 0.26838031918008787 0.04000000000000001 0.054408999999999964
0 0.275859375 0.6574318653001464 0.043749999999999956 0.09005700000000003
0 0.3263671875 0.2836879326500732 0.021875000000000033 0.04408999999999997
0 0.4033984375 0.48414031918008776 0.030625000000000013 0.05347099999999999
0 0.49796875 0.42668880380673496 0.02437499999999998 0.042213999999999974
0 0.5836328125 0.2207226749633968 0.010000000000000009 0.038460999999999974
0 0.631484375 0.21298915959004394 0.013125000000000053 0.029080999999999965
0 0.679296875 0.7874840922401171 0.059374999999999956 0.0731710000000001
0 0.8475 0.11453431918008784 0.03249999999999997 0.05440900000000003
0 0.906484375 0.29020205563689605 0.07562499999999994 0.139775
0 0.9662890625 0.10661744802342606 0.018124999999999947 0.05816200000000001
