0 0.1432421875 0.5129668653001465 0.05374999999999999 0.08911799999999999
0 0.2658203125 0.49315360761347 0.057499999999999996 0.08442700000000006
0 0.33234375 0.5034025095168375 0.05562499999999998 0.104127
0 0.442265625 0.46892102489019033 0.05125000000000002 0.11538500000000007
0 0.4978125 0.5587495095168374 0.04874999999999996 0.104127
0 0.561015625 0.49109325183016106 0.05125000000000002 0.097561
0 0.6112890625 0.5821573499267935 0.04999999999999993 0.07692300000000009
0 0.6980859375 0.61041360761347 0.04499999999999993 0.08442800000000003
0 0.7132421875 0.48482486530014646 0.053749999999999964 0.09005599999999997
0 0.7859375 0.5951069941434846 0.0475000000000001 0.09099400000000003
0 0.8231640625 0.4805898960468521 0.050000000000000044 0.11350900000000004
0 0.8596484375 0.5387508960468522 0.06125000000000003 0.11350899999999987
