0 0.076796875 0.5170432220650636 0.059375 0.128506
0 0.357265625 0.3713952319660537 0.05125000000000002 0.10950200000000007
0 0.41828125 0.36901596039603957 0.03999999999999998 0.08144800000000002
0 0.4903125 0.4742746789250354 0.048750000000000016 0.07239799999999999
0 0.5395703125 0.47025910608203686 0.02562500000000001 0.07420799999999993
0 0.658671875 0.5055000961810466 0.05874999999999997 0.09502199999999997
0 0.6529296875 0.39582339745403106 0.03749999999999998 0.06425300000000009
0 0.7366796875 0.49899039745403106 0.038124999999999964 0.06334899999999997
0 0.7633984375 0.4385252616690241 0.02937499999999993 0.049772999999999894
0 0.794453125 0.49259555304101843 0.03562500000000002 0.037104000000000005
0 0.8087890625 0.5603615332390383 0.04999999999999993 0.07782799999999987
0 0.836796875 0.43473739745403106 0.028124999999999956 0.062443000000000075
0 0.89640625 0.44707166902404527 0.04062500000000002 0.09230799999999999
