0 0.0205078125 0.5419833529411765 0.0425 0.2624639999999999
0 0.2246875 0.3242068823529412 0.016875 0.03198499999999999
0 0.3260546875 0.283702 0.007500000000000007 0.052680999999999964
0 0.393359375 0.29487182352941177 0.012500000000000011 0.04421399999999999
0 0.41015625 0.21537411764705885 0.009375000000000022 0.020696000000000016
0 0.435234375 0.23459952941176476 0.011874999999999969 0.017873999999999977
0 0.5096875 0.18150811764705882 0.015625 0.023517999999999973
0 0.51140625 0.1795069411764706 0.008125000000000049 0.01693299999999997
0 0.5486328125 0.19226652941176472 0.010000000000000009 0.019754999999999988
0 0.5717578125 0.1956191176470588 0.010000000000000009 0.02163600000000004
0 0.6078125 0.1757439411764706 0.015625 0.016933999999999973
0 0.639609375 0.27312705882352944 0.04437499999999994 0.08654699999999999
0 0.6408984375 0.25895076470588235 0.02937500000000004 0.06114799999999998
0 0.730234375 0.23692517647058822 0.07499999999999996 0.15710300000000005
0 0.9488671875 0.4076406470588236 0.023125000000000062 0.03856999999999999
0 0.9715625 0.5646244705882352 0.015625 0.03480700000000003
