0 0.105078125 0.48417002702702705 0.036250000000000004 0.05413499999999996
0 0.1103515625 0.1530141151586369 0.03375 0.058647
0 0.1158984375 0.8096388507638073 0.03 0.05112800000000007
0 0.278125 0.18609711515863692 0.03125 0.057143
0 0.2803515625 0.47129385076380725 0.03375 0.05112699999999999
0 0.3066015625 0.7763674982373678 0.03500000000000003 0.040600999999999915
0 0.421328125 0.12077829142185664 0.036250000000000004 0.061653999999999994
0 0.4972265625 0.4436676133960047 0.06624999999999998 0.09774399999999998
0 0.4958984375 0.8226555863689776 0.031249999999999944 0.04360900000000002
0 0.5741015625 0.12312846768507638 0.03500000000000003 0.06766900000000002
0 0.693671875 0.7693667626321975 0.028749999999999942 0.04811999999999996
0 0.7128515625 0.47181111515863694 0.03499999999999992 0.058646999999999984
0 0.730625 0.17942429142185662 0.03125 0.06165400000000003
0 0.8846484375 0.14032629142185662 0.030000000000000027 0.063158
0 0.88953125 0.7981271151586369 0.040000000000000036 0.057143
0 0.8978515625 0.4652778507638073 0.03375000000000006 0.05112799999999994
