0 0.10046875 0.41208333333333336 0.05562500000000001 0.105833
0 0.1041015625 0.17453125 0.035 0.04083300000000001
0 0.5083203125 0.32583333333333336 0.02562500000000001 0.04416699999999999
0 0.6245703125 0.3864065833333334 0.026875000000000093 0.05166599999999999
0 0.622890625 0.3393229166666667 0.020625000000000004 0.029999999999999954
0 0.7169921875 0.3590621666666667 0.021874999999999978 0.038334000000000014
0 0.7200390625 0.313125 0.018124999999999947 0.031667
0 0.7848828125 0.4752604166666667 0.04125000000000001 0.07583300000000004
0 0.871875 0.3832291666666667 0.0318750000000001 0.03750000000000001
0 0.8885546875 0.42984375 0.03749999999999998 0.055832999999999945
0 0.953828125 0.42817675 0.036250000000000004 0.055834000000000016
