0 0.017899761336515514 0.2132446875 0.036757 0.038052999999999976
0 0.024385761336515512 0.1483080625 0.037838000000000004 0.04955699999999999
0 0.055105031026252985 0.4783045 0.04648700000000001 0.04690299999999992
0 0.10990407875894989 0.23616212500000003 0.03999999999999998 0.03628299999999998
0 0.12697644391408114 0.38678825 0.03567599999999999 0.039823
0 0.14341707875894988 0.13378181249999999 0.038918999999999974 0.041593000000000005
0 0.1972886181384248 0.52203375 0.059459000000000026 0.055752000000000024
0 0.19974539618138423 0.512085 0.042163 0.032743999999999995
0 0.22199912649164677 0.3820885625 0.032433000000000003 0.034513000000000016
0 0.25346344391408115 0.08776481250000001 0.035674999999999985 0.042477999999999974
0 0.2570433961813843 0.23988525 0.042161999999999984 0.039823
0 0.2585314916467781 0.2348193125 0.02702700000000001 0.02566400000000002
0 0.28816976133651545 0.50344975 0.037838000000000045 0.05663700000000005
0 0.3122907136038186 0.42655031250000003 0.04432400000000005 0.05840699999999999
0 0.3447227136038186 0.1083019375 0.04432500000000004 0.045132000000000005
0 0.3911385704057279 0.380623875 0.06486500000000002 0.059291999999999956
0 0.4158500787589499 0.537932125 0.03999999999999991 0.036282999999999954
0 0.4664364439140811 0.08166137500000001 0.03351300000000005 0.043363000000000006
0 0.47553371360381863 0.1597205 0.04432399999999998 0.047788000000000025
0 0.5854677613365156 0.0495276875 0.03783699999999992 0.038054000000000004
0 0.5909850787589498 0.3083019375 0.04000000000000005 0.045132000000000005
0 0.5969516658711217 0.16023925 0.050811000000000044 0.039823
0 0.5996340787589499 0.477388875 0.04000000000000005 0.02920299999999998
0 0.5994094439140811 0.468538875 0.03351299999999999 0.028318999999999928
0 0.668078031026253 0.0895348125 0.04648700000000011 0.04247699999999999
0 0.6762076181384249 0.29032725 0.05945899999999999 0.039823
0 0.6837334439140812 0.5009472500000001 0.0335139999999999 0.04070800000000002
0 0.6960747136038186 0.42166750000000003 0.04432399999999998 0.04690299999999997
0 0.7191136658711217 0.3534339375 0.05081099999999998 0.04513299999999998
0 0.738684983293556 0.13182868749999999 0.05297300000000005 0.03805299999999999
0 0.7584407613365155 0.0684789375 0.03783699999999999 0.04513199999999999
0 0.8420207136038186 0.09298225 0.04432400000000012 0.039823
0 0.8752379355608592 0.38044075 0.06162199999999998 0.055753
0 0.9338003961813842 0.044524 0.04216200000000005 0.063717
