0 0.39600071298405465 0.2534538125 0.014166 0.010715000000000002
0 0.4560007129840547 0.2649555 0.014166 0.01714300000000002
0 0.5160007129840547 0.2535265 0.014166000000000064 0.01714300000000002
0 0.5831947608200456 0.2500726875 0.011667000000000007 0.007143000000000038
0 0.6933940774487471 0.6900890000000001 0.18833299999999994 0.21928599999999998
0 0.7360007129840547 0.9343131874999999 0.015833000000000038 0.022143000000000024
0 0.7631947608200454 0.9535264999999999 0.011667000000000071 0.01714300000000002
0 0.7931947608200455 0.9530750625000001 0.01333300000000011 0.018570999999999893
0 0.8148617608200456 0.9625499375 0.011666000000000006 0.014286000000000021
0 0.8366116173120729 0.39743275 0.020000000000000066 0.024285999999999974
