0 0.0869009375 0.678066625 0.01470600000000001 0.01960699999999993
0 0.198005875 0.269506 0.184641 0.218954
0 0.22154537500000002 0.674798625 0.013071999999999973 0.021241999999999983
0 0.22808137499999998 0.77642475 0.013072000000000028 0.024510000000000032
0 0.254225375 0.7770821874999999 0.013072000000000028 0.02287600000000012
0 0.38462525000000003 0.75063825 0.008169999999999955 0.008170000000000122
0 0.38625925 0.7535679375 0.00817000000000001 0.014706000000000108
0 0.38984637499999997 0.7058628125 0.013072000000000028 0.009803999999999924
0 0.40913525 0.769569625 0.008169999999999955 0.01960799999999996
0 0.42971981249999996 0.7006416875 0.01143700000000003 0.006535999999999986
0 0.43364525000000004 0.7048670625 0.008169999999999955 0.017974000000000045
0 0.5411499375000001 0.6950640625 0.014705999999999886 0.017973000000000017
0 0.5784118125 0.695401375 0.01143800000000006 0.013072000000000084
0 0.6051940625 0.6878706250000001 0.017974000000000045 0.01960699999999993
0 0.628408375 0.7404959375000001 0.013071999999999973 0.014705999999999886
0 0.63135725 0.7417916250000001 0.00817000000000001 0.021241999999999983
0 0.68093875 0.26113200000000003 0.05555499999999991 0.15686200000000003
0 0.7238368125 0.7431256875 0.01143800000000006 0.006535999999999986
0 0.724813375 0.6908194999999999 0.013072000000000084 0.016339000000000103
0 0.7254708125 0.6885472499999999 0.01143800000000006 0.008169000000000093
0 0.7614188125 0.6849409375000001 0.009803999999999924 0.014704999999999968
0 0.7643676875000001 0.6885280625 0.006535999999999875 0.017973000000000017
0 0.7976859375 0.7303728125 0.014705999999999997 0.009804000000000035
0 0.8897696250000001 0.2315725625 0.05228799999999989 0.06536
