0 0.111328125 0.1786303546099291 0.036250000000000004 0.054496
0 0.2416796875 0.18368179432624113 0.037500000000000006 0.05812900000000003
0 0.3717578125 0.18799903546099292 0.04249999999999998 0.04813800000000003
0 0.395859375 0.6812260283687944 0.04375000000000001 0.11898299999999984
0 0.4560546875 0.7138111489361701 0.03812500000000002 0.11171700000000002
0 0.4823828125 0.18044735460992908 0.04187500000000005 0.05631200000000005
0 0.5648046875 0.15756655319148935 0.038124999999999964 0.07084500000000002
0 0.6871875 0.08190583687943262 0.016875000000000084 0.033606000000000004
0 0.7852734375 0.41041215602836884 0.02937500000000004 0.04087200000000005
0 0.8488671875 0.3442210354609929 0.021874999999999978 0.046320999999999966
