0 0.066015625 0.6782217209985315 0.019999999999999997 0.09407399999999999
0 0.1271484375 0.9199675814977973 0.060625 0.14204999999999995
0 0.2540234375 0.7044478634361233 0.029374999999999984 0.09031100000000021
0 0.31796875 0.8795155814977973 0.05499999999999999 0.14205099999999996
0 0.4103125 0.3554358634361233 0.04812499999999997 0.09031000000000002
0 0.4899609375 0.4593294346549192 0.04625000000000001 0.08560700000000006
0 0.524140625 0.33914514977973564 0.05249999999999999 0.09877700000000003
0 0.563203125 0.8532445800293686 0.06812499999999999 0.12323599999999985
0 0.6269921875 0.4713297195301027 0.053750000000000075 0.07525899999999998
0 0.68078125 0.822429295154185 0.07125000000000004 0.1335840000000001
0 0.8201171875 0.2895848634361234 0.05312500000000009 0.088429
0 0.879296875 0.3556197195301028 0.028125000000000067 0.075258
0 0.89828125 0.4048364331864905 0.03937499999999994 0.06585099999999998
0 0.929609375 0.2652397209985316 0.04375000000000007 0.09689599999999995
0 0.9659765625 0.9618652907488987 0.06562500000000004 0.07055500000000017
0 0.9825 0.6668637224669604 0.03249999999999997 0.11571100000000001
