0 0.22131135598227475 0.6617421875 0.09557399999999995 0.11643400000000004
0 0.226748670605613 0.3740380625 0.10362199999999995 0.080505
0 0.22822577548005907 0.52716225 0.10865200000000001 0.10246099999999991
0 0.23539635598227476 0.89110025 0.09557300000000003 0.10312699999999986
0 0.33820372673559823 0.722856 0.07947700000000003 0.09447799999999995
0 0.358539670605613 0.23325474999999998 0.10362200000000009 0.08715900000000001
0 0.42896267060561305 0.88444725 0.1036210000000001 0.10246200000000005
0 0.5416858168389955 0.38719543749999996 0.19215300000000007 0.15435800000000005
0 0.70298741211226 0.4046430625 0.07042300000000003 0.08050600000000008
0 0.8044698316100444 0.77883075 0.08048200000000016 0.08782400000000001
0 0.8228575657311669 0.4665190625 0.10060300000000007 0.08050599999999991
