0 0.05640625 0.4758554346549192 0.04 0.08740600000000007
0 0.047734375 0.335583859030837 0.013124999999999998 0.02819600000000002
0 0.113359375 0.3479197165932453 0.012499999999999997 0.03289499999999997
0 0.2422265625 0.4299181527165933 0.06500000000000003 0.13815800000000006
0 0.286484375 0.323365859030837 0.012500000000000011 0.029136000000000065
0 0.33953125 0.34016600146842874 0.00874999999999998 0.020677000000000015
0 0.3449609375 0.3414575741556534 0.015000000000000013 0.03853400000000002
0 0.3815625 0.38733371806167405 0.015625 0.05545099999999997
0 0.4045703125 0.4111244317180616 0.02562500000000001 0.04417300000000002
0 0.4301953125 0.3932074331864905 0.02562500000000001 0.06672999999999996
0 0.4378125 0.33957857415565346 0.01687500000000003 0.040413000000000004
0 0.4605078125 0.3520902878120411 0.010624999999999996 0.031015000000000008
0 0.468359375 0.32712585903083696 0.012499999999999956 0.029135
0 0.483125 0.4201697195301028 0.03187499999999999 0.07518800000000003
0 0.5019140625 0.37705471659324524 0.018125000000000002 0.03383500000000002
0 0.5039843749999999 0.3663051453744493 0.013124999999999998 0.03665400000000005
0 0.5430078125 0.4076570058737151 0.04249999999999998 0.08270699999999999
0 0.587109375 0.335583859030837 0.013124999999999942 0.02819600000000002
0 0.587109375 0.38809900146842874 0.013124999999999942 0.021616000000000038
0 0.6358984375 0.31472772393538917 0.06062500000000004 0.13627899999999998
0 0.6676171875 0.3799915741556535 0.021874999999999978 0.03853400000000002
0 0.689765625 0.4027244302496329 0.020625000000000004 0.02349699999999994
0 0.6903125 0.3150247165932452 0.016874999999999973 0.03477499999999998
0 0.726953125 0.41447186049926577 0.036250000000000004 0.046992999999999986
0 0.7480078125 0.3520902878120411 0.011249999999999982 0.031015000000000008
0 0.761484375 0.31960685903083697 0.013125000000000053 0.027255999999999975
0 0.7708203125 0.3621924331864904 0.025624999999999898 0.06485000000000003
0 0.7994921875 0.39502957415565343 0.023125000000000062 0.03853399999999998
0 0.800234375 0.39961171659324524 0.012499999999999956 0.03289399999999995
0 0.8067578125 0.33153114537444933 0.011249999999999982 0.036654000000000006
0 0.8524609375 0.41476443465491925 0.04500000000000004 0.086467
0 0.8734765625 0.34915229074889864 0.03437499999999993 0.07142800000000005
0 0.930859375 0.3520902878120411 0.012499999999999956 0.031015000000000008
0 0.9766796875 0.3937958604992658 0.03749999999999998 0.047931999999999926
0 0.9662109375 0.3389322878120411 0.014375000000000027 0.030075000000000005
0 0.9918359375 0.425867718061674 0.014375000000000027 0.05357199999999999
