0 0.0519140625 0.2000067254038179 0.08125 0.156016
0 0.2091796875 0.3862145829662261 0.10000000000000003 0.16353400000000007
0 0.3051171875 0.16441172246696034 0.05375000000000002 0.11560099999999998
0 0.381328125 0.2425365800293686 0.0675 0.12312000000000001
0 0.4748828125 0.2091721497797357 0.04187500000000005 0.09868400000000001
0 0.5647265625 0.31290658296622614 0.09750000000000003 0.16353399999999998
0 0.649375 0.20505943759177683 0.06437499999999996 0.12687999999999994
0 0.722734375 0.16206229221732746 0.043749999999999956 0.093045
0 0.8565234375 0.3508521556534508 0.09187499999999993 0.17951100000000006
0 0.950703125 0.17069814831130692 0.036250000000000004 0.07706700000000001
