0 0.044765625 0.06032689604685213 0.05249999999999999 0.113509
0 0.125 0.2143313133235725 0.06437499999999999 0.14634199999999994
0 0.1343359375 0.4108732825768667 0.076875 0.12288999999999997
0 0.186015625 0.07593312298682285 0.05125000000000002 0.096623
0 0.26164062499999996 0.45223760175695465 0.08312500000000003 0.17542199999999997
0 0.248125 0.02729231918008785 0.03312499999999999 0.05534700000000001
0 0.28796875 0.22460615373352855 0.05499999999999999 0.11726099999999996
0 0.3330859375 0.05735547877013177 0.04562500000000003 0.080675
0 0.345078125 0.33605479795021964 0.0675 0.13414600000000002
0 0.4260546875 0.08227160761346998 0.03875000000000001 0.082551
0 0.495078125 0.4789855710102489 0.06750000000000006 0.15196999999999997
0 0.5061718749999999 0.32363128257686674 0.058750000000000024 0.12007499999999995
0 0.5040625000000001 0.08291099414348463 0.048750000000000016 0.091933
0 0.5491015625 0.18925676720351386 0.06625000000000003 0.109757
0 0.54015625 0.03900534992679356 0.03937500000000005 0.07879900000000001
0 0.6349609375 0.03900534992679356 0.04499999999999993 0.07879900000000001
0 0.649375 0.34118360761347 0.0625 0.08348899999999997
0 0.654765625 0.18861738067349926 0.05249999999999999 0.10037499999999999
0 0.6735546875 0.04440583455344071 0.03749999999999998 0.065666
0 0.681640625 0.46100415373352854 0.05249999999999999 0.11726100000000002
0 0.7359375 0.08872434992679355 0.04749999999999999 0.078799
0 0.7480859375 0.30903415373352855 0.04625000000000001 0.11913700000000002
0 0.817734375 0.07822099414348463 0.04437499999999994 0.09287100000000001
0 0.817734375 0.17502834992679356 0.04437499999999994 0.076923
0 0.8316796875 0.43672841142020496 0.07000000000000006 0.12570299999999998
0 0.87359375 0.3405873806734993 0.05500000000000005 0.10225099999999997
0 0.871875 0.09183596339677892 0.0318750000000001 0.069419
0 0.92328125 0.11814712298682287 0.03937499999999994 0.09474600000000002
0 0.956015625 0.32182538067349925 0.05249999999999999 0.10131299999999999
0 0.9683984375 0.6207326076134699 0.06125000000000003 0.08442800000000011
0 0.9826953125 0.09622834992679355 0.026874999999999982 0.07692299999999998
