0 0.12046875 0.5345176151603498 0.023750000000000007 0.04850800000000013
0 0.2803515625 0.7729758746355685 0.03375 0.07649199999999996
0 0.3214453125 0.5054831632653061 0.026249999999999996 0.04291000000000009
0 0.324609375 0.6035476151603498 0.012500000000000011 0.04850700000000008
0 0.3660546875 0.551716889212828 0.03875000000000001 0.04664199999999995
0 0.3646484375 0.7070346967930029 0.030000000000000027 0.06903
0 0.41265625 0.41797053352769686 0.00874999999999998 0.027984999999999878
0 0.4712109375 0.6626074373177842 0.04500000000000004 0.03917900000000011
0 0.480859375 0.4484627113702624 0.012500000000000011 0.037314000000000055
0 0.5065625 0.5229758746355685 0.01749999999999996 0.07835799999999997
0 0.549375 0.523731889212828 0.03125 0.04664099999999999
0 0.587421875 0.5044932448979592 0.02749999999999997 0.06343199999999996
0 0.5958984375 0.5878656005830903 0.029999999999999916 0.08022400000000006
0 0.616015625 0.38817906705539357 0.02124999999999999 0.054105000000000035
0 0.6480078125 0.5504930670553936 0.04125000000000001 0.054104000000000076
0 0.67796875 0.49615416326530615 0.025000000000000022 0.04291099999999989
0 0.679765625 0.389402889212828 0.02124999999999999 0.04477600000000002
0 0.726875 0.47026906705539356 0.03125 0.05410399999999999
0 0.7366015625 0.597836778425656 0.03500000000000003 0.08768599999999994
0 0.7351953125 0.42251708163265306 0.026249999999999996 0.022389000000000013
0 0.8680859375 0.42234371137026244 0.01375000000000004 0.03731300000000001
0 0.879375 0.5109057930029155 0.03249999999999997 0.05596999999999992
