0 0.0530859375 0.3810386383601757 0.045 0.10788000000000005
0 0.15546875 0.3128562518301611 0.05625000000000002 0.09849899999999998
0 0.2896875 0.2994687979502196 0.048750000000000016 0.13320900000000002
0 0.327578125 0.34376909224011715 0.03687499999999999 0.07317099999999997
0 0.458046875 0.2896327672035139 0.059374999999999956 0.10975599999999999
0 0.5869140625 0.4505968345534407 0.050000000000000044 0.06566699999999996
0 0.65734375 0.3883151229868229 0.05625000000000002 0.09662299999999999
0 0.705546875 0.3951797364568082 0.028124999999999956 0.08724199999999996
0 0.8775390625 0.32328950951683744 0.04999999999999993 0.10412800000000001
0 0.9804296875 0.4358163499267935 0.03749999999999998 0.07692300000000009
