0 0.221875 0.6567190833333334 0.03125 0.06666599999999996
0 0.223984375 0.44505174999999997 0.013124999999999998 0.025834000000000062
0 0.2903515625 0.4163020833333333 0.0025000000000000022 0.005000000000000042
0 0.313203125 0.41557325 0.004999999999999949 0.008332999999999998
0 0.3975390625 0.4240621666666667 0.01937500000000003 0.036667000000000005
0 0.721328125 0.4653645833333333 0.036250000000000004 0.08250000000000002
0 0.7823828125 0.3806774166666667 0.010000000000000009 0.014999999999999902
0 0.8122265625 0.4419274166666667 0.03499999999999992 0.07583299999999997
0 0.8211328125 0.3735413333333333 0.011249999999999982 0.011667000000000094
0 0.8435546875 0.3979166666666667 0.006250000000000089 0.022499999999999964
0 0.9557421875 0.4361975833333333 0.022500000000000075 0.08083400000000007
0 0.97890625 0.4523955 0.040000000000000036 0.07916699999999999
