0 0.063671875 0.3747901671554252 0.028888999999999998 0.08000000000000004
0 0.2307421875 0.4065203724340176 0.022221999999999992 0.09999999999999998
0 0.3140751875 0.49519061583577717 0.023333999999999966 0.07333299999999991
0 0.4079814375 0.5690514750733139 0.030000000000000027 0.11666699999999999
0 0.44114549999999997 0.4326585131964809 0.016667000000000043 0.06333399999999997
0 0.4590579375 0.5922580645161291 0.014444999999999986 0.06666699999999995
0 0.5952216875 0.22865102639296186 0.03888899999999995 0.11999999999999994
0 0.6771393124999999 0.37491657771260994 0.026666999999999996 0.12666700000000003
0 0.7527298125 0.41078168035190615 0.04111100000000001 0.13999999999999999
0 0.827004875 0.4211831290322581 0.02777800000000008 0.133333
0 0.8613154375000001 0.26278592375366566 0.029999999999999916 0.10666700000000004
