0 0.08291743243243244 0.5400390625 0.06602000000000001 0.08064499999999997
0 0.12023102702702701 0.49481018750000005 0.05436900000000003 0.05329600000000001
0 0.23783783783783785 0.5312238125 0.07572800000000002 0.073633
0 0.3674367567567567 0.71057075 0.11456300000000001 0.08765699999999998
0 0.4377462702702703 0.5031266875 0.042717999999999895 0.03786800000000001
0 0.4833772702702703 0.5127938125 0.040775999999999916 0.041374999999999995
0 0.5998953513513512 0.5092092500000001 0.10388300000000017 0.07222999999999996
0 0.7322352162162161 0.474291875 0.13495200000000002 0.12272100000000002
0 0.8413807297297298 0.514269125 0.061165000000000046 0.06662000000000001
0 0.9455263513513514 0.546323875 0.10485399999999996 0.09116499999999994
