0 0.1140625 0.4616707979502196 0.07812500000000001 0.13348900000000005
0 0.3025385625 0.321446411420205 0.06562600000000002 0.12412199999999993
0 0.30703125 0.14609099414348461 0.04062500000000002 0.093676
0 0.3220698125 0.06616731918008785 0.042188 0.053863999999999995
0 0.41796875 0.4926980248901903 0.08593800000000001 0.11709599999999998
0 0.542577625 0.13496422108345535 0.051563000000000025 0.074941
0 0.62578075 0.6818178594436312 0.08750100000000005 0.180328
0 0.61875 0.33783638067349925 0.06406299999999998 0.10070300000000003
0 0.71640575 0.9426386383601757 0.11718800000000007 0.10772800000000013
0 0.848046875 0.3943380248901904 0.05937500000000007 0.11709599999999998
0 0.8875 0.8138467613469986 0.09375 0.20140500000000008
