0 0.2118359375 0.3330616519174041 0.10874999999999999 0.5344669999999999
0 0.23 0.16164418879056047 0.03312499999999999 0.034939000000000005
0 0.2953125 0.07099318879056048 0.016250000000000042 0.034938000000000004
0 0.3112890625 0.1011476725663717 0.01937500000000003 0.05571299999999997
0 0.314765625 0.03605418879056047 0.020625000000000004 0.03305
0 0.3730078125 0.5870252389380531 0.04125000000000001 0.15108599999999991
0 0.5912109375 0.17164691150442477 0.07750000000000001 0.203966
0 0.62453125 0.02601774631268437 0.040000000000000036 0.051936
0 0.6946875 0.07252245132743364 0.016874999999999973 0.06326700000000002
0 0.729375 0.11182271386430678 0.03249999999999997 0.09348500000000001
0 0.856171875 0.06141597640117994 0.05874999999999997 0.123702
0 0.972265625 0.32615935398230084 0.05249999999999999 0.18696900000000005
0 0.9776953125 0.048735082595870206 0.02562500000000001 0.077432
