0 0.009765625 0.5343622892804699 0.021263 0.051691
0 0.1416795625 0.647261146842878 0.03439700000000001 0.05733100000000002
0 0.15656837499999998 0.43138772099853157 0.04377800000000001 0.09586499999999999
0 0.2592535625 0.3304721483113069 0.03377099999999997 0.07706800000000004
0 0.301505125 0.5352422907488987 0.036899000000000015 0.07330800000000001
0 0.374358625 0.4779101512481644 0.052532999999999996 0.11748100000000003
0 0.5106605625 0.33987114831130694 0.03439599999999998 0.07894700000000002
0 0.71231 0.4413751483113069 0.03189500000000001 0.07894700000000006
0 0.8310148125 0.6386252907488986 0.04127499999999995 0.073309
0 0.8733865625 0.5254327195301028 0.0343969999999999 0.0742479999999999
0 0.9122386875 0.32641943465491924 0.03752299999999997 0.08552599999999998
