0 0.0224609375 0.1462894752186589 0.045 0.15671600000000002
0 0.13179687499999998 0.28819431195335277 0.06000000000000001 0.11380599999999998
0 0.1662109375 0.07795595626822156 0.04500000000000001 0.09701500000000002
0 0.3442578125 0.06699586005830903 0.04125000000000001 0.108209
0 0.3840625 0.24686110495626823 0.08000000000000002 0.171642
0 0.4459375 0.09451305247813412 0.04749999999999999 0.085821
0 0.4735546875 0.24109073469387754 0.10125 0.184701
0 0.475625 0.033527696793002916 0.03125 0.067164
0 0.670859375 0.10582611953352769 0.07499999999999996 0.13806000000000002
0 0.8208984375 0.11894042274052478 0.030000000000000027 0.07089599999999999
0 0.8805859375 0.23199563848396504 0.07624999999999993 0.197762
0 0.909375 0.04034851895043732 0.03249999999999997 0.059702000000000005
0 0.9203515625 0.16278703790087465 0.03499999999999992 0.117537
