0 0.047265625 0.32774566423357665 0.020000000000000004 0.049487
0 0.07398437499999999 0.46880235036496354 0.043750000000000004 0.07469699999999999
0 0.1007421875 0.3314806642335766 0.021875000000000006 0.04761900000000003
0 0.1745703125 0.31771208029197084 0.02562500000000001 0.05975799999999998
0 0.198515625 0.403339306569343 0.05124999999999999 0.11484599999999996
0 0.2219921875 0.30148395620437957 0.023125000000000007 0.04201699999999996
0 0.25101562499999996 0.3514447883211679 0.01999999999999999 0.06535900000000004
0 0.2515625 0.2409626861313868 0.016250000000000014 0.027078000000000078
0 0.2909375 0.267344102189781 0.015625 0.040149000000000025
0 0.3126953125 0.4476314525547445 0.02562500000000001 0.11111100000000003
0 0.3486328125 0.26150468613138683 0.010000000000000009 0.028945000000000044
0 0.365625 0.3481169343065693 0.033125000000000016 0.06349200000000008
0 0.4115625 0.21762068613138685 0.01687500000000003 0.027077000000000028
0 0.4182421875 0.327101102189781 0.023125000000000007 0.03828200000000006
0 0.4324609375 0.2221699781021898 0.015000000000000013 0.02334299999999997
0 0.4565625 0.22829883211678828 0.016250000000000042 0.026143999999999987
0 0.4805078125 0.3550090583941605 0.04249999999999993 0.08029900000000009
0 0.4830078125 0.22508968613138688 0.011249999999999982 0.02894499999999996
0 0.4930078125 0.19205456204379562 0.010625000000000051 0.011204999999999986
0 0.52578125 0.19789397810218978 0.008750000000000036 0.022409000000000005
0 0.5395703125 0.34682781021897807 0.026874999999999982 0.04481800000000005
0 0.57015625 0.14601412408759123 0.009375000000000022 0.01960800000000001
0 0.5870703125 0.24184466423357662 0.02562500000000001 0.04761900000000003
0 0.65015625 0.5348215766423358 0.07187500000000002 0.128852
0 0.6344140625 0.20186639416058394 0.018750000000000044 0.034547000000000036
0 0.6583203125 0.270960394160584 0.02562500000000001 0.03361299999999998
0 0.67796875 0.2155829562043796 0.024375000000000036 0.04201699999999996
0 0.6887109375 0.395566204379562 0.04500000000000004 0.07843100000000004
0 0.7488671875 0.2276022481751825 0.02312499999999995 0.03641499999999997
0 0.7723828125 0.17869412408759122 0.010624999999999996 0.019607000000000027
0 0.7984765625 0.3015506423357664 0.034375000000000044 0.06722700000000006
0 0.8002734375 0.24615754014598543 0.02937499999999993 0.030812999999999976
0 0.823984375 0.4128470364963503 0.04312499999999997 0.09990699999999991
0 0.817109375 0.2051932481751825 0.012499999999999956 0.03641500000000001
0 0.8467578125 0.1733285401459854 0.010000000000000009 0.03081200000000003
0 0.877265625 0.22906210218978104 0.020625000000000004 0.04014899999999998
0 0.9191015625 0.6101631386861314 0.09625000000000006 0.138189
0 0.882109375 0.10090668613138687 0.013125000000000053 0.027078000000000005
0 0.900546875 0.25060378832116786 0.028125000000000067 0.06629400000000002
0 0.9309375 0.2817719124087591 0.04875000000000007 0.084034
0 0.91515625 0.17682612408759124 0.008750000000000036 0.01960800000000001
0 0.9300390625 0.19748683211678833 0.018124999999999947 0.024276000000000013
0 0.9830859375 0.19188383211678833 0.014375000000000027 0.02427699999999998
