0 0.358203125 0.7425520833333333 0.036250000000000004 0.06750000000000005
0 0.4151953125 0.7317705 0.026874999999999982 0.04833399999999995
0 0.4833984375 0.7079684166666667 0.030000000000000027 0.04583400000000001
0 0.5368359375 0.5709899166666667 0.013749999999999929 0.029166000000000025
0 0.5608984375 0.8984375 0.030000000000000027 0.04833299999999996
0 0.5857421875 0.664792 0.023125000000000062 0.03249999999999997
0 0.61421875 0.65484375 0.02499999999999991 0.055000000000000014
0 0.6326953125 0.7113024166666667 0.026249999999999996 0.04583300000000001
0 0.670546875 0.6589065833333333 0.02749999999999997 0.05166599999999999
0 0.705703125 0.6557809166666666 0.036250000000000004 0.06166700000000006
0 0.735546875 0.6953128333333334 0.02749999999999997 0.05833299999999989
0 0.7487890625 0.6238538333333333 0.018125000000000058 0.02750000000000008
0 0.8063671875 0.643958 0.02312499999999995 0.033333999999999975
0 0.847890625 0.6103642499999999 0.02124999999999999 0.0391670000000001
0 0.885546875 0.64401075 0.028750000000000053 0.055000000000000014
0 0.9739453125 0.6550003333333333 0.025624999999999898 0.044166000000000004
