0 0.1509375 0.3284288364116095 0.04749999999999999 0.079392
0 0.3430078125 0.36791579155672827 0.04249999999999998 0.06925699999999996
0 0.50625 0.22956248548812666 0.03187499999999999 0.05743299999999999
0 0.5433984375 0.19398496306068602 0.02937499999999993 0.050675999999999964
0 0.5565625 0.3995355303430079 0.04749999999999999 0.067568
0 0.6896484375 0.23452496306068601 0.02937499999999993 0.051521000000000046
0 0.7182421875 0.3777362242744064 0.053749999999999964 0.054898999999999955
0 0.8058984375 0.2572244406332454 0.030000000000000027 0.04729799999999998
0 0.8508203125 0.6879122691292876 0.02562500000000001 0.06503400000000008
0 0.8526953125 0.25252717941952507 0.02562500000000001 0.04391900000000001
0 0.941328125 0.6656880527704486 0.036250000000000004 0.0726349999999999
0 0.97796875 0.7179475303430078 0.024374999999999925 0.06756800000000014
0 0.9869921875 0.30246270184696566 0.023125000000000062 0.04814200000000004
