0 0.075 0.8838404117647058 0.064375 0.19962300000000005
0 0.0885546875 0.26760799999999996 0.07 0.20150700000000007
0 0.3530859375 0.7890442352941176 0.04625000000000001 0.1421839999999999
0 0.5146484375 0.0959589411764706 0.030625000000000013 0.11581999999999999
0 0.5183984375 0.4043452352941176 0.030625000000000013 0.09322
0 0.6358203125 0.15869841176470587 0.026874999999999982 0.098871
0 0.652265625 0.6893067058823529 0.020000000000000018 0.07533000000000017
0 0.7406640625 0.4490775294117647 0.01937499999999992 0.06968000000000003
0 0.7526171875 0.8959341176470588 0.023125000000000062 0.07156300000000011
0 0.8212890625 0.26187558823529417 0.018124999999999947 0.054613999999999996
0 0.8333203125 0.661005411764706 0.025624999999999898 0.04990599999999984
0 0.897734375 0.12092882352941177 0.013125000000000053 0.04425600000000001
0 0.9068359375 0.46544564705882346 0.015000000000000013 0.04048900000000005
0 0.9200390625 0.8299049411764706 0.01937500000000003 0.06497199999999988
0 0.9778125 0.12804941176470588 0.015625 0.049906000000000006
0 0.9896875 0.6261664117647059 0.01749999999999996 0.04990499999999994
