0 0.020078125 0.3641149166666667 0.036875 0.05999999999999998
0 0.0795703125 0.3570312500000001 0.026874999999999996 0.03916699999999995
0 0.2263671875 0.33895800000000004 0.02312499999999998 0.03333400000000001
0 0.266171875 0.3891663333333333 0.027500000000000024 0.041667000000000044
0 0.5145703125 0.3901045 0.026249999999999996 0.04833299999999996
0 0.641796875 0.3476559166666666 0.028124999999999956 0.02916699999999998
0 0.67765625 0.38625 0.040000000000000036 0.06500000000000002
0 0.7589453125 0.38489616666666665 0.026874999999999982 0.03833300000000003
0 0.91421875 0.42723958333333334 0.024375000000000036 0.051666999999999984
0 0.9302734375 0.267083 0.030625000000000013 0.06333400000000004
0 0.9398828125 0.4789583333333334 0.0412499999999999 0.07416699999999994
0 0.9768359375 0.5220833333333333 0.04500000000000004 0.10499999999999998
