0 0.07234375 0.5021494612005857 0.11750000000000001 0.353659
0 0.021484375 0.24666412298682286 0.04375 0.09474699999999998
0 0.068984375 0.23161096339677892 0.04375 0.06941899999999998
0 0.12984374999999998 0.2052748653001464 0.055624999999999994 0.08911799999999999
0 0.213671875 0.18921360761347 0.028124999999999983 0.08255099999999999
0 0.285859375 0.2864058960468521 0.07562500000000003 0.11350900000000004
0 0.3501953125 0.21717225183016103 0.057499999999999996 0.098499
0 0.4416015625 0.3954965710102489 0.09750000000000003 0.15196899999999997
0 0.5118750000000001 0.2957868960468521 0.06312499999999993 0.11163200000000004
0 0.5978125000000001 0.8928841478770132 0.20374999999999993 0.2101310000000001
0 0.6006640625 0.4892526939970717 0.11249999999999993 0.24390199999999992
0 0.6566796875 0.23975634992679357 0.03874999999999995 0.07692299999999996
0 0.73640625 0.3936195710102489 0.07187499999999991 0.15197000000000002
0 0.8005859375 0.36062915373352855 0.04500000000000004 0.11913700000000006
0 0.86671875 0.1676807672035139 0.05500000000000005 0.10975700000000004
