0 0.02734375 0.44776075 0.05625 0.1191660000000001
0 0.3115234375 0.4059375 0.060624999999999984 0.04833299999999996
0 0.2991015625 0.0234375 0.03375 0.048332999999999994
0 0.3094140625 0.1351045 0.05062500000000003 0.048332999999999994
0 0.41296875 0.15906216666666664 0.02437499999999998 0.038334000000000014
0 0.439453125 0.6727600833333334 0.0675 0.034999999999999996
0 0.4790625 0.3040621666666667 0.04750000000000004 0.03749999999999998
0 0.55875 0.15088575 0.03125 0.024166000000000003
0 0.6960546875 0.22098991666666667 0.03875000000000006 0.03083299999999996
0 0.7055859375 0.4584899166666667 0.04625000000000001 0.029165999999999952
0 0.8194140625 0.3027600833333333 0.04937499999999995 0.03416699999999998
0 0.932890625 0.634167 0.083125 0.12749999999999995
