0 0.0078125 0.7126171875 0.016666999999999998 0.021874999999999978
0 0.03651041666666666 0.703984375 0.014167000000000004 0.011874999999999969
0 0.0878125 0.6665625 0.016666999999999987 0.015625
0 0.1636455 0.69328125 0.015834000000000015 0.008750000000000036
0 0.1903125 0.7207421875 0.016667000000000026 0.022500000000000075
0 0.2178125 0.7265625 0.015833000000000024 0.016874999999999973
0 0.2649475833333333 0.6862109375 0.018334 0.01375000000000004
0 0.2807815833333333 0.734609375 0.02083299999999999 0.011874999999999969
0 0.4424475833333333 0.408359375 0.018334 0.011874999999999969
0 0.4635413333333333 0.3649609375 0.01166700000000002 0.013749999999999984
0 0.4857815833333334 0.4142578125 0.018332999999999933 0.010624999999999996
0 0.4886455 0.7325390625 0.016666999999999987 0.018750000000000044
0 0.5724475833333332 0.4162890625 0.018334000000000145 0.018750000000000044
0 0.5857815833333334 0.5757421875 0.020832999999999952 0.02187500000000009
0 0.5910413333333334 0.7709375 0.011666999999999947 0.015625
0 0.8353125 0.75609375 0.01583300000000006 0.023749999999999938
0 0.8735413333333334 0.6930078125 0.011666999999999947 0.010000000000000009
0 0.9664579999999999 0.8379296875 0.03166700000000011 0.03750000000000009
