0 0.3240234375 0.567550324929972 0.030625000000000013 0.06272399999999986
0 0.43125 0.49968352941176475 0.06312499999999999 0.11827999999999997
0 0.4730859375 0.5225741624649861 0.015000000000000013 0.03136200000000001
0 0.49453125 0.5169719215686275 0.008750000000000036 0.022401999999999908
0 0.6515625 0.506445162464986 0.016249999999999987 0.03136200000000001
0 0.6703125 0.5707359215686274 0.016874999999999973 0.021504999999999955
0 0.6956640625 0.49541384313725495 0.01937500000000003 0.0403229999999999
0 0.6993359375 0.4937880420168067 0.014375000000000027 0.02777799999999997
0 0.7419921875 0.5029742829131653 0.023125000000000062 0.03673799999999999
0 0.741484375 0.5004514817927171 0.013125000000000053 0.02509000000000002
