0 0.009765625 0.2968748333333333 0.021484 0.15104200000000004
0 0.1386721875 0.2825520833333333 0.085937 0.16145799999999996
0 0.29492212500000003 0.3255211666666667 0.098633 0.13151000000000004
0 0.347656 0.12369741666666667 0.03222699999999995 0.044270999999999984
0 0.500000125 0.20572941666666666 0.06738299999999997 0.10807300000000002
0 0.5615229375 0.15755166666666665 0.04492200000000002 0.08463600000000004
0 0.7089844375 0.2604165 0.061523000000000105 0.11067700000000007
0 0.7246096875 0.14974008333333336 0.03808599999999995 0.067708
0 0.876952625 0.32161500000000004 0.23925800000000008 0.3763020000000001
0 0.7802736874999999 0.25390575 0.038086000000000064 0.117188
