0 0.1026953125 0.5966639233449478 0.02600000000000001 0.04456299999999999
0 0.1017421875 0.537072968641115 0.022000000000000006 0.11051699999999999
0 0.2006953125 0.5552615261324042 0.025999999999999995 0.07843099999999986
0 0.2506953125 0.498543243902439 0.027000000000000024 0.051694000000000066
0 0.2516953125 0.4950589233449477 0.027000000000000024 0.04456400000000004
0 0.2828359375 0.46653892334494773 0.014999999999999958 0.04456299999999999
0 0.2978125 0.34731112195121944 0.017000000000000015 0.024955000000000067
0 0.3048359375 0.4078364425087109 0.014000000000000012 0.03208499999999993
0 0.3578359375 0.44506724390243907 0.015000000000000013 0.049910999999999935
0 0.3964140625 0.6206906097560976 0.04899999999999999 0.12299400000000005
0 0.395859375 0.4523596027874564 0.01200000000000001 0.035649999999999946
0 0.5188359375 0.4093764041811847 0.015000000000000013 0.05347599999999994
0 0.541625 0.5305884041811847 0.03200000000000003 0.053475999999999996
0 0.5936015625 0.5891295261324042 0.03500000000000003 0.07843200000000002
0 0.586859375 0.4647160836236934 0.01200000000000001 0.046346000000000026
0 0.590765625 0.4681197247386759 0.020000000000000018 0.060606000000000014
0 0.6086484375 0.4824604041811846 0.030000000000000027 0.05525800000000002
0 0.62771875 0.4327516027874565 0.02400000000000002 0.035649999999999994
0 0.6550859375 0.8892878536585366 0.07699999999999996 0.17290500000000003
0 0.660671875 0.5161670452961672 0.028000000000000025 0.06773600000000003
0 0.685765625 0.4398816027874565 0.020999999999999908 0.03743299999999997
0 0.699859375 0.39009212195121945 0.01200000000000001 0.026737999999999998
0 0.7097890625 0.5093597630662021 0.018000000000000016 0.040997999999999986
0 0.741859375 0.32944528222996516 0.01200000000000001 0.030303000000000007
0 0.7608359375 0.4132651219512195 0.014000000000000012 0.024954999999999967
0 0.7898359375 0.3757504425087108 0.015000000000000013 0.03386799999999997
0 0.8115546875 0.9380612891986064 0.038999999999999924 0.11586499999999998
0 0.8087890625 0.3810984425087108 0.018999999999999906 0.03208500000000004
0 0.8218828125 0.40054508362369334 0.010000000000000009 0.046345000000000025
0 0.9306015625 0.5128042439024391 0.03399999999999992 0.05169299999999991
0 0.9428125 0.3651361219512195 0.016999999999999904 0.024955999999999968
0 0.98671875 0.4414215644599303 0.02400000000000002 0.05704099999999995
