0 0.08890624999999999 0.2841561764705882 0.070625 0.15819200000000005
0 0.1803515625 0.397404705882353 0.03437499999999999 0.07532999999999992
0 0.2726953125 0.4850395882352941 0.02562500000000001 0.054613999999999996
0 0.3687890625 0.4701536470588235 0.01874999999999999 0.04048899999999996
0 0.4426953125 0.39505700000000005 0.02562500000000001 0.05178899999999996
0 0.63046875 0.47668076470588233 0.024374999999999925 0.05932199999999998
0 0.6844921875 0.5062841764705882 0.023125000000000062 0.05743899999999998
0 0.7409765625 0.5065165294117647 0.034375000000000044 0.06779699999999994
0 0.7789453125 0.525942 0.026874999999999982 0.0508470000000001
0 0.85625 0.5409441176470589 0.03125 0.07344600000000003
0 0.871875 0.6385758823529412 0.03312500000000007 0.08097899999999991
