0 0.06691725000000001 0.40969675 0.040849 0.055555999999999994
0 0.1558096875 0.41657106250000003 0.037582000000000004 0.050653000000000004
0 0.1982936875 0.359719375 0.037580999999999976 0.04411799999999999
0 0.264310125 0.43619825 0.035948000000000035 0.039214999999999944
0 0.33489025 0.431615375 0.03921599999999997 0.044116999999999906
0 0.36920425 0.362987375 0.03921599999999997 0.04411799999999999
0 0.45417225 0.378969875 0.039215000000000055 0.05882399999999999
0 0.5642875 0.3891121875 0.04738500000000001 0.053922000000000025
0 0.6593968125 0.424721875 0.042483999999999966 0.0588229999999999
0 0.7472935 0.45610618750000004 0.04738599999999993 0.053921
0 0.81201525 0.42017737499999996 0.039215 0.04411700000000007
0 0.8868399375000001 0.4776663125 0.04575199999999979 0.05718999999999996
0 0.9505659375 0.42506018749999996 0.045750999999999986 0.05392100000000005
