0 0.1403515625 0.4139059166666666 0.06562499999999999 0.0916670000000001
0 0.2112890625 0.3752604166666667 0.050624999999999976 0.07583299999999997
0 0.294765625 0.3211975833333333 0.051875000000000004 0.08250000000000006
0 0.3312890625 0.31369825 0.019374999999999976 0.04166599999999998
0 0.3758984375 0.30390658333333337 0.02999999999999997 0.04999999999999997
0 0.5421875 0.24515591666666667 0.016874999999999973 0.03083399999999999
0 0.59234375 0.30651075 0.025000000000000022 0.055000000000000014
0 0.623046875 0.31020866666666663 0.028124999999999956 0.053333000000000075
0 0.67546875 0.3261975833333333 0.055625000000000036 0.080834
0 0.6962109375 0.2563024166666667 0.014375000000000027 0.045000000000000005
0 0.7914453125 0.39828125 0.0568749999999999 0.10333299999999997
0 0.873984375 0.43 0.07499999999999996 0.125
