0 0.02796875 0.49351260175695466 0.055 0.17354600000000003
0 0.031718750000000004 0.3024499326500732 0.024374999999999997 0.045966
0 0.09816406250000001 0.7723962767203514 0.08124999999999999 0.21200800000000017
0 0.0983203125 0.2985135768667643 0.026874999999999996 0.05909900000000001
0 0.1399609375 0.4153357672035139 0.04500000000000001 0.10975599999999999
0 0.1665234375 0.28808031918008786 0.030624999999999986 0.05347099999999999
0 0.1658203125 0.3892099633967789 0.02562499999999998 0.06941799999999997
0 0.2403515625 0.33656270571010244 0.03437499999999999 0.06285200000000002
0 0.2951953125 0.29558531918008785 0.02562500000000001 0.05534700000000003
0 0.3228515625 0.4659668286969253 0.065 0.15572199999999994
0 0.331875 0.2708967057101025 0.03187500000000004 0.06378999999999999
0 0.3484375 0.3917695095168375 0.048750000000000016 0.10506599999999991
0 0.437421875 0.45384192679355784 0.05874999999999997 0.136022
0 0.50734375 0.39785454026354317 0.05625000000000002 0.1285179999999999
0 0.5889453125 0.3002052210834553 0.02562500000000001 0.07504699999999996
0 0.6170703125 0.3056057057101025 0.026874999999999982 0.061913999999999955
0 0.6162109375 0.44437260761346997 0.014375000000000027 0.082552
0 0.644375 0.4302315095168375 0.03312499999999996 0.10318900000000003
0 0.674765625 0.37335028257686675 0.05249999999999999 0.12101300000000001
0 0.7033984375 0.26838031918008787 0.02937500000000004 0.054408999999999964
0 0.762890625 0.350380251830161 0.05124999999999991 0.09943700000000004
0 0.8610546875 0.5679461537335286 0.06937499999999996 0.11913699999999998
0 0.90953125 0.4580499575402635 0.03937499999999994 0.159475
0 0.9840234375 0.32084322108345537 0.030000000000000027 0.07504699999999996
