0 0.001953125 0.22934903074670573 0.005 0.02345199999999997
0 0.008984375 0.015351773060029284 0.013125000000000001 0.017823
0 0.007929687500000001 0.21809203074670572 0.007500000000000001 0.025328000000000003
0 0.0392578125 0.22765738653001466 0.011249999999999996 0.010317999999999944
0 0.1205078125 0.052760515373352856 0.009999999999999981 0.012195000000000004
0 0.1754296875 0.4405764480234261 0.03875000000000001 0.05722299999999998
0 0.1673828125 0.043379515373352856 0.009999999999999981 0.013133999999999998
0 0.179453125 0.08934651537335285 0.0050000000000000044 0.014071000000000007
0 0.2191796875 0.09309851537335286 0.007500000000000007 0.012194999999999994
0 0.2385546875 0.049008515373352844 0.007500000000000007 0.012195
0 0.2416015625 0.060791644216691074 0.0037500000000000033 0.016884999999999987
0 0.32203125 0.08412938653001464 0.008750000000000036 0.011257000000000007
0 0.39765625 0.26341864421669103 0.008750000000000036 0.016884999999999997
0 0.4486328125 0.27508751537335285 0.010000000000000009 0.013133000000000011
0 0.4798046875 0.28259151537335286 0.006250000000000033 0.014072000000000043
0 0.4842578125 0.265294644216691 0.010624999999999996 0.015009000000000005
0 0.5305078125 0.26769677306002926 0.010000000000000009 0.017823000000000016
0 0.6415234375 0.19950566910688136 0.06062500000000004 0.13133300000000003
0 0.6505859375 0.28082977306002926 0.014999999999999902 0.018762000000000088
0 0.687734375 0.2956554172767204 0.013124999999999942 0.03283299999999995
0 0.704765625 0.28293428843338214 0.020000000000000018 0.03189499999999997
0 0.82078125 0.20618692679355782 0.07062499999999994 0.13695999999999997
0 0.9093359375 0.3231580307467057 0.01375000000000004 0.023452000000000053
0 0.9894140625 0.2980575461200586 0.018750000000000044 0.03658499999999998
