0 0.12109325 0.8835934166666667 0.101563 0.139584
0 0.1251948125 0.1869791666666667 0.073438 0.09999999999999996
0 0.1345703125 0.58515625 0.08906300000000002 0.13333299999999992
0 0.2625005 0.2864586666666667 0.07968699999999998 0.11666599999999998
0 0.29921824999999996 0.138542 0.07031300000000001 0.09375000000000001
0 0.4302734375 0.37083299999999997 0.09218699999999996 0.125
0 0.43515625 0.82578125 0.10312499999999997 0.16458299999999992
0 0.4990239375 0.132292 0.07656199999999996 0.09583299999999999
0 0.623046875 0.8070315833333334 0.09062499999999996 0.14375000000000013
0 0.7037104375 0.4065100833333333 0.09218800000000005 0.09791699999999996
0 0.7 0.05651041666666667 0.0625 0.077083
0 0.82265625 0.9385416666666666 0.10312500000000002 0.11666700000000008
0 0.8568364375 0.11640658333333333 0.09218699999999991 0.11458299999999998
0 0.9527338750000001 0.835417 0.09062599999999987 0.18958300000000014
