0 0.2075 0.39905535294117656 0.033125000000000016 0.06308899999999992
0 0.283828125 0.38787252941176475 0.03562500000000002 0.06967999999999999
0 0.2917578125 0.4988034705882353 0.04125000000000001 0.0828629999999999
0 0.3075 0.32496358823529414 0.03187499999999999 0.05555599999999998
0 0.35625 0.3839893529411764 0.033125000000000016 0.06214700000000001
0 0.3615234375 0.30989858823529415 0.029374999999999984 0.05555499999999996
0 0.3793359375 0.49062570588235294 0.044999999999999984 0.07532899999999994
0 0.4212890625 0.6236793529411765 0.050000000000000044 0.1120519999999999
0 0.4275 0.3099614705882353 0.033125000000000016 0.03483999999999997
0 0.435625 0.35991976470588233 0.033125000000000016 0.061206000000000045
0 0.471953125 0.45725629411764707 0.03562500000000002 0.079096
0 0.5020703125 0.6019051764705883 0.057499999999999996 0.10734499999999998
0 0.496171875 0.31313599999999997 0.02812500000000001 0.05178899999999996
0 0.5159765625 0.36139035294117644 0.03437499999999993 0.06403100000000003
0 0.53953125 0.4328904705882353 0.04062500000000002 0.08380400000000007
0 0.568046875 0.303719 0.028125000000000067 0.05178899999999996
0 0.595078125 0.3483245294117647 0.03687499999999999 0.06967999999999999
0 0.6464453125 0.29441917647058824 0.026874999999999982 0.058381000000000016
0 0.6553515625 0.3670403529411765 0.03499999999999992 0.062146999999999966
0 0.6798828125 0.4305940588235294 0.04249999999999998 0.08757100000000005
0 0.706640625 0.08703082352941176 0.020000000000000018 0.046138999999999986
0 0.730703125 0.3530325294117647 0.036250000000000004 0.068738
0 0.734609375 0.5126312352941177 0.043749999999999956 0.09133699999999996
0 0.748515625 0.10845547058823529 0.020625000000000004 0.033898000000000025
0 0.804609375 0.17278170588235292 0.012500000000000067 0.025424
0 0.8337890625 0.08721088235294118 0.018750000000000044 0.031073000000000003
0 0.9526953125 0.023825647058823528 0.026875000000000093 0.04049
