0 0.0859375 0.875 0.17375 0.25
0 0.0830078125 0.5221875 0.16625 0.23499999999999996
0 0.0921875 0.10677083333333333 0.17375 0.215
0 0.36703125 0.49499966666666667 0.22750000000000004 0.33499999999999996
0 0.3580859375 0.8644795 0.20124999999999998 0.266666
0 0.36015625 0.125 0.19624999999999998 0.25166700000000003
0 0.6446484375 0.855625 0.21750000000000003 0.283333
0 0.6478125 0.48067675 0.20375 0.3050000000000001
0 0.6623828125 0.12630208333333334 0.19874999999999998 0.255
0 0.90859375 0.12890625 0.18000000000000005 0.258333
0 0.9121875 0.48312533333333335 0.1725 0.32333300000000004
0 0.924765625 0.8665104166666667 0.14625 0.263333
