0 0.109765625 0.6704384827586207 0.083125 0.163355
0 0.2059375 0.6458166896551725 0.047500000000000014 0.11810199999999993
0 0.3306640625 0.5769086206896552 0.018125000000000002 0.06843299999999994
0 0.374765625 0.599113103448276 0.05125000000000002 0.129139
0 0.4181640625 0.5939484827586207 0.018125000000000002 0.06512100000000007
0 0.4394921875 0.5518692068965517 0.023125000000000007 0.05849799999999997
0 0.4440625 0.5413150689655172 0.016249999999999987 0.05298000000000004
0 0.5407421875 0.5606992068965518 0.022499999999999964 0.05629099999999998
0 0.6046875 0.5732432413793104 0.04812499999999997 0.133554
0 0.717734375 0.684989 0.07562499999999994 0.20198700000000003
0 0.771796875 0.6020785172413794 0.05874999999999997 0.1379689999999999
0 0.872890625 0.694785724137931 0.08250000000000002 0.19536399999999984
