0 0.0159375 0.10454613489736071 0.01625 0.04596600000000001
0 0.0989453125 0.4497695454545455 0.02562500000000001 0.09380899999999989
0 0.1320703125 0.1507482375366569 0.026874999999999996 0.056285
0 0.271328125 0.39301134017595307 0.036250000000000004 0.069418
0 0.39671875 0.18897313489736073 0.023749999999999993 0.046905000000000044
0 0.4592578125 0.4765722316715542 0.07312500000000005 0.14352800000000002
0 0.4843359375 0.1901566480938416 0.04562499999999997 0.105065
0 0.617421875 0.4409803020527859 0.059374999999999956 0.12101300000000001
0 0.7080859375 0.3560790967741935 0.04499999999999993 0.09849899999999993
0 0.867421875 0.44272192961876833 0.028124999999999956 0.023452000000000063
