0 0.1509253125 0.16774953917050692 0.057471999999999995 0.11245
0 0.2645531875 0.14719663748079875 0.05364000000000002 0.11646600000000004
0 0.294979 0.4359419324116743 0.063857 0.12449799999999998
0 0.36860306249999997 0.1591252442396313 0.05044700000000002 0.10240900000000001
0 0.435352625 0.13408444086021507 0.05108500000000005 0.108434
0 0.5154369375000001 0.19030944086021506 0.04597699999999999 0.10843400000000003
0 0.617419875 0.1776691459293395 0.05874800000000002 0.10040199999999999
0 0.655808125 0.46227804761904767 0.06641200000000003 0.09638499999999996
0 0.6944235625 0.18676534254992322 0.06577199999999994 0.10642599999999997
0 0.7850624375 0.5183913256528417 0.061302999999999996 0.13554200000000008
0 0.81278475 0.18629344086021507 0.054916999999999994 0.11044199999999997
