0 0.2951171875 0.29505919033674965 0.023125000000000007 0.05065699999999998
0 0.3033203125 0.5434236749633967 0.026874999999999982 0.038462000000000156
0 0.360390625 0.30068719033674957 0.020625000000000004 0.05253300000000006
0 0.49734375 0.34747793265007315 0.025000000000000022 0.04596600000000008
0 0.5840625 0.3573850614934114 0.016874999999999973 0.04971799999999995
0 0.6190625 0.39250593265007316 0.016249999999999987 0.04409000000000001
0 0.652890625 0.40646367496339675 0.020625000000000004 0.03846099999999993
0 0.7144140625 0.4244710307467057 0.018125000000000058 0.02532799999999996
0 0.7696875 0.43366767496339675 0.015625 0.03846199999999999
0 0.81109375 0.435131803806735 0.024375000000000036 0.042213999999999974
0 0.8994921875 0.6410288345534408 0.02312499999999995 0.0656659999999999
