0 0.15421875 0.4818977777777777 0.024375000000000008 0.057115999999999986
0 0.2475390625 0.4584897777777778 0.01812500000000003 0.05617899999999995
0 0.3346875 0.44245680116959063 0.016874999999999973 0.051498000000000065
0 0.358046875 0.4256028011695906 0.028749999999999998 0.051498000000000065
0 0.4838671875 0.45597581286549715 0.023125000000000007 0.04868899999999989
0 0.5589453125 0.46563484795321636 0.026874999999999982 0.040261999999999964
0 0.5940234375 0.4570277894736842 0.030625000000000013 0.05430699999999998
0 0.71546875 0.4497178479532164 0.024375000000000036 0.040261999999999964
0 0.745703125 0.5493137777777778 0.03687499999999999 0.05711600000000007
0 0.8065625 0.44327782456140347 0.016249999999999987 0.04588000000000005
