0 0.0920703125 0.30242399414348464 0.057499999999999996 0.091932
0 0.2098828125 0.30471186530014643 0.04125000000000001 0.08817999999999998
0 0.3062890625 0.32347386530014643 0.04999999999999999 0.08911799999999995
0 0.400703125 0.37596270571010243 0.03562500000000002 0.06378999999999999
0 0.47828125 0.33878147877013176 0.03937499999999999 0.08067500000000002
0 0.557109375 0.33502847877013175 0.04312499999999997 0.080676
0 0.6530078125 0.3153284787701317 0.04125000000000001 0.08067600000000004
0 0.7298828125 0.33708883455344074 0.04125000000000001 0.06566599999999995
0 0.8243359375 0.3585947364568082 0.04625000000000001 0.08724199999999996
0 0.91109375 0.32523560761347 0.05499999999999994 0.08442799999999999
