0 0.0998046875 0.43017012298682283 0.03812499999999999 0.09559499999999999
0 0.357578125 0.2944475402635432 0.06812499999999999 0.126523
0 0.3966796875 0.4114901595900439 0.007500000000000007 0.029052999999999957
0 0.4514453125 0.5572241903367496 0.026875000000000038 0.050608999999999994
0 0.5333203125 0.5658355461200586 0.02562500000000001 0.036551000000000014
0 0.5675390625 0.41066941727672035 0.018125000000000058 0.034677000000000006
0 0.613828125 0.5585109633967789 0.03562500000000002 0.06935300000000004
0 0.6872265625 0.5491911844802343 0.06562499999999993 0.14058099999999998
0 0.7069921875 0.3980755461200586 0.02312499999999995 0.03655099999999993
0 0.7870703125 0.34529793265007325 0.026874999999999982 0.04592399999999997
0 0.918828125 0.27559122108345535 0.03687499999999999 0.07497599999999996
