0 0.03484375 0.24563880380673497 0.024375 0.042214000000000015
0 0.0453125 0.20173215959004392 0.016875 0.02720499999999997
0 0.064140625 0.38458906149341143 0.021249999999999998 0.046904999999999995
0 0.0858203125 0.23749341727672033 0.02562500000000001 0.03471
0 0.0971484375 0.36875631918008783 0.030625 0.055346999999999986
0 0.1866796875 0.07460919033674963 0.03875000000000001 0.05253199999999998
0 0.2630078125 0.3890515461200586 0.011249999999999982 0.03658599999999995
0 0.3050390625 0.26586393265007324 0.019374999999999976 0.04502899999999996
0 0.3401171875 0.256895803806735 0.021875000000000033 0.042213999999999974
0 0.3562890625 0.381477448023426 0.01937500000000003 0.05628499999999996
0 0.3997265625 0.10455709224011712 0.03500000000000003 0.07129500000000003
0 0.5014453125 0.2888963440702782 0.08875 0.16791699999999996
0 0.5509765625 0.1536357057101025 0.03374999999999995 0.06378999999999997
0 0.6456640625 0.10455709224011712 0.01937500000000003 0.07129500000000003
0 0.707265625 0.3978363191800879 0.020625000000000004 0.055346999999999945
0 0.73234375 0.32590193265007317 0.024375000000000036 0.04409000000000001
0 0.774765625 0.45359519033674967 0.020625000000000004 0.05253300000000002
0 0.7876171875 0.3254900614934114 0.023125000000000062 0.047841999999999996
0 0.8352734375 0.2862043191800879 0.02937499999999993 0.05347099999999999
0 0.85515625 0.4429785768667643 0.040000000000000036 0.06097600000000002
0 0.9059765625 0.3273660614934114 0.03499999999999992 0.049719000000000006
0 0.9570703125 0.3138211903367496 0.026874999999999982 0.05159400000000007
0 0.9833984375 0.4114253499267935 0.030625000000000013 0.07692300000000013
0 0.987890625 0.14635922108345534 0.02124999999999999 0.075047
