0 0.0617578125 0.7622703499267934 0.04125 0.07879900000000012
0 0.0571484375 0.8501085768667644 0.02937499999999999 0.05909899999999976
0 0.1044921875 0.7211345461200586 0.023125000000000007 0.03658499999999998
0 0.143671875 0.7589561595900438 0.028124999999999983 0.028141999999999973
0 0.1428125 0.7252984172767205 0.016249999999999987 0.03470899999999994
0 0.1637109375 0.8223073499267934 0.04625000000000001 0.07879899999999995
0 0.189765625 0.7457520614934114 0.020000000000000018 0.04784300000000005
0 0.259375 0.7873698345534407 0.03312499999999999 0.06566700000000013
0 0.279140625 0.7779898345534406 0.020625000000000004 0.06472800000000001
0 0.3319140625 0.7850819633967788 0.018125000000000002 0.06941900000000019
0 0.336640625 0.7319796749633968 0.02062499999999995 0.03846099999999993
0 0.3755078125 0.7646283191800878 0.04250000000000004 0.053471000000000074
0 0.4151953125 0.8002753191800878 0.025624999999999953 0.054408999999999964
0 0.4633984375 0.8335201903367497 0.030625000000000013 0.05253299999999985
0 0.4844140625 0.7747889019033676 0.018125000000000002 0.021575999999999974
0 0.51671875 0.7698444480234261 0.024375000000000036 0.057223999999999865
0 0.6201953125 0.8151710614934115 0.026874999999999982 0.049717999999999866
0 0.7356640625 0.8427879326500733 0.01937499999999992 0.044089999999999845
0 0.7742578125 0.8030192210834554 0.04125000000000001 0.07504699999999988
0 0.7826171875 0.7173383865300146 0.023125000000000062 0.00938000000000001
0 0.8015234375 0.7827499326500732 0.02937500000000004 0.04596599999999996
0 0.844140625 0.8095420614934115 0.020625000000000004 0.04784300000000005
0 0.861015625 0.746761159590044 0.020625000000000004 0.02907999999999995
0 0.9533203125 0.7298751595900439 0.02562500000000001 0.029081000000000006
