0 0.050859375 0.2747163038348082 0.044375 0.06987700000000005
0 0.085234375 0.10675015634218288 0.04375 0.075543
0 0.1917578125 0.09624630383480827 0.04124999999999998 0.06987700000000001
0 0.2590234375 0.6586907463126844 0.060624999999999984 0.051934999999999995
0 0.27058593750000004 0.25281793510324485 0.04500000000000001 0.08309799999999999
0 0.2733984375 0.08385345132743363 0.030625000000000013 0.064212
0 0.30375 0.12758767256637168 0.03312499999999996 0.054768000000000004
0 0.40515625 0.08450123008849557 0.04062500000000002 0.073654
0 0.5165625 0.30025846017699115 0.07937500000000003 0.142587
0 0.965703125 0.6390145752212388 0.06687500000000002 0.17752599999999996
