0 0.0268359375 0.23916012298682282 0.045 0.095685
0 0.1729296875 0.24622631332357248 0.06937499999999999 0.146342
0 0.3095703125 0.6847942825768668 0.057499999999999996 0.1228900000000001
0 0.3234765625 0.23787934992679358 0.03437499999999999 0.07879999999999997
0 0.344765625 0.2101050614934114 0.020625000000000004 0.04971900000000003
0 0.401875 0.21678631918008784 0.03187500000000004 0.05347000000000002
0 0.4098046875 0.2975054787701317 0.03875000000000001 0.08067499999999998
0 0.454765625 0.20042644802342602 0.020625000000000004 0.05628499999999998
0 0.49453125 0.23183947877013175 0.03937500000000005 0.08067499999999998
0 0.6283203125 0.2525475768667643 0.02562500000000001 0.05909899999999997
0 0.6658984375 0.287852803806735 0.030000000000000027 0.042213
0 0.721484375 0.24996109224011712 0.04375000000000007 0.07129400000000001
0 0.7960546875 0.24102740556368962 0.09999999999999998 0.21388399999999996
0 0.907734375 0.16093041142020498 0.04437500000000005 0.12382800000000004
