0 0.07320312500000001 0.32909471929824563 0.035625 0.07303399999999999
0 0.12898437499999998 0.29134668421052634 0.04312500000000001 0.08052399999999997
0 0.1923046875 0.2855476257309941 0.037500000000000006 0.09363300000000001
0 0.2417578125 0.34688571929824563 0.04249999999999998 0.07022399999999997
0 0.272109375 0.22808669590643277 0.04375000000000001 0.078652
0 0.3173828125 0.2272656725146199 0.04249999999999998 0.08426899999999997
0 0.3212890625 0.34494663742690057 0.04999999999999999 0.09082400000000004
0 0.4595703125 0.21502759064327484 0.057499999999999996 0.104869
0 0.681875 0.469741298245614 0.09375 0.1769670000000001
0 0.743984375 0.2475197426900585 0.04312499999999997 0.06647899999999998
0 0.85078125 0.21497769590643276 0.04062499999999991 0.07677899999999997
0 0.9026953125 0.17694981286549707 0.02562500000000001 0.04775299999999999
0 0.9936328125 0.14539366081871344 0.010624999999999996 0.08614299999999998
