0 0.243515625 0.3428125 0.020625000000000004 0.015832999999999986
0 0.3055859375 0.5315104166666668 0.014999999999999958 0.013332999999999892
0 0.3193359375 0.5898434166666666 0.014375000000000027 0.013334000000000104
0 0.345078125 0.1302600833333333 0.036250000000000004 0.03500000000000001
0 0.3371875 0.5073434166666666 0.015625 0.01500000000000005
0 0.3546875 0.5477083333333334 0.015625 0.011666999999999947
0 0.3694140625 0.7487496666666668 0.018125000000000002 0.022499999999999964
0 0.3830859375 0.5494795 0.01375000000000004 0.015832999999999913
0 0.400703125 0.03218783333333333 0.036250000000000004 0.027499999999999997
0 0.4414453125 0.6296878333333332 0.025624999999999953 0.027500000000000153
0 0.4631640625 0.67838575 0.01937500000000003 0.024165999999999983
0 0.4857421875 0.41088575 0.021875000000000033 0.02416600000000006
0 0.4853125 0.4949475833333334 0.015625 0.019999999999999945
0 0.4939453125 0.598958 0.02624999999999994 0.033333999999999975
0 0.56796875 0.3955208333333333 0.024374999999999925 0.027500000000000007
0 0.58625 0.5668229166666666 0.03249999999999997 0.030000000000000027
0 0.5944921875 0.26208366666666666 0.023125000000000062 0.021665999999999963
0 0.61046875 0.4095836666666666 0.02375000000000005 0.022500000000000037
0 0.666640625 0.27911458333333333 0.020625000000000004 0.02083299999999999
0 0.7115234375 0.36442708333333335 0.030000000000000027 0.034999999999999996
0 0.7127734375 0.7203642499999999 0.030000000000000027 0.040000000000000036
0 0.8284765625 0.85786425 0.03374999999999995 0.040000000000000036
