0 0.032460937499999995 0.4259273362831858 0.015000000000000003 0.02927300000000004
0 0.0685546875 0.5633720825958701 0.03812499999999999 0.07932000000000006
0 0.060859375 0.4075722625368731 0.012500000000000004 0.031162000000000085
0 0.0744921875 0.4810478938053097 0.023124999999999993 0.046269999999999915
0 0.0906640625 0.4153609675516224 0.018125000000000002 0.04249299999999998
0 0.1687890625 0.4021409675516224 0.018125000000000002 0.042493000000000065
0 0.2070703125 0.4042636725663717 0.02562500000000001 0.05571299999999992
0 0.2476171875 0.40928189380530977 0.023125000000000007 0.044380999999999955
0 0.26953125 0.3021094837758112 0.00874999999999998 0.02077400000000002
0 0.2956640625 0.4675931887905604 0.018125000000000002 0.033049999999999975
0 0.3546875 0.46003918879056044 0.01687500000000003 0.034939000000000026
0 0.40125 0.4257397876106194 0.033125000000000016 0.09065200000000002
0 0.4501171875 0.4808593451327433 0.053749999999999964 0.1085930000000001
0 0.5907421875 0.4730798200589971 0.023125000000000062 0.04815799999999997
0 0.6433203125 0.41180949262536864 0.02562500000000001 0.10292700000000007
0 0.6902734375 0.40318546017699114 0.061249999999999916 0.141643
0 0.86109375 0.3672019675516224 0.024375000000000036 0.042493000000000024
