0 0.00703125 0.5048434166666667 0.00875 0.013333999999999957
0 0.1104296875 0.4866145833333333 0.006875000000000006 0.02083300000000003
0 0.1437890625 0.53453125 0.019375000000000003 0.03916699999999995
0 0.1769140625 0.5796354166666666 0.018125000000000002 0.04666700000000009
0 0.1940625 0.50755175 0.016875 0.02416700000000005
0 0.2080078125 0.48697950000000007 0.010624999999999996 0.017499999999999998
0 0.2529296875 0.9025520833333333 0.06874999999999998 0.19166700000000012
0 0.258359375 0.50755175 0.012500000000000011 0.025834000000000062
0 0.29109375 0.57703125 0.024375000000000036 0.040000000000000036
0 0.3188671875 0.5464065833333334 0.021875000000000033 0.05166599999999999
0 0.3517578125 0.6390100833333333 0.04125000000000001 0.09666700000000006
0 0.373359375 0.50421875 0.012500000000000011 0.024166999999999977
0 0.392734375 0.5710940833333332 0.012499999999999956 0.034166000000000064
0 0.4767578125 0.689167 0.010624999999999996 0.12583299999999994
0 0.478984375 0.5024475833333333 0.011874999999999969 0.018334
0 0.4859375 0.5351559166666666 0.016874999999999973 0.030834000000000028
0 0.488359375 0.5785416666666666 0.012500000000000011 0.05333299999999993
0 0.497109375 0.5129166666666666 0.013124999999999998 0.022500000000000114
0 0.5616796875 0.66963575 0.03875000000000006 0.08666599999999998
0 0.573046875 0.5978128333333333 0.028750000000000053 0.05833299999999997
0 0.572734375 0.50671875 0.011874999999999969 0.025832999999999995
0 0.589921875 0.6032809166666667 0.028749999999999942 0.06166699999999999
0 0.6598828125 0.5021878333333333 0.010624999999999996 0.027500000000000007
0 0.6655859375 0.5477600833333334 0.014375000000000027 0.034999999999999996
0 0.671484375 0.5051559166666667 0.012499999999999956 0.029167000000000016
0 0.75046875 0.58869825 0.023749999999999938 0.04083300000000004
0 0.7499609375 0.5498961666666666 0.014374999999999916 0.03833300000000003
0 0.7671875 0.5265621666666668 0.016874999999999973 0.036667000000000005
0 0.8353515625 0.58703125 0.03375000000000006 0.040832999999999973
0 0.8555859375 0.520625 0.014375000000000027 0.0324999999999999
0 0.9223828125 0.57625 0.04125000000000001 0.06499999999999995
0 0.992109375 0.5426559166666666 0.013125000000000053 0.030834000000000028
