0 0.0950390625 0.3179821150442478 0.018125000000000002 0.036827
0 0.23890625 0.6044434926253687 0.040000000000000036 0.10103900000000006
0 0.2448828125 0.4745547463126844 0.04125000000000001 0.05099099999999997
0 0.321640625 0.40007259882005897 0.019999999999999962 0.056657000000000034
0 0.408984375 0.2991596312684366 0.011874999999999969 0.016997
0 0.4771875 0.5116697876106195 0.016249999999999987 0.09065199999999994
0 0.4909375 0.42698918879056047 0.015625 0.034939000000000026
0 0.514921875 0.4013681563421829 0.028125000000000067 0.075543
0 0.7815234375 0.3190901238938053 0.43562500000000004 0.11614700000000006
0 0.5718359375 0.3771758938053097 0.01375000000000004 0.04626999999999996
0 0.5762890625 0.3166240412979351 0.018124999999999947 0.04060500000000001
0 0.6609375 0.2999242625368732 0.015625 0.03116099999999997
0 0.6723828125 0.3695675575221239 0.011249999999999982 0.019830000000000035
0 0.6930078125 0.3237106312684366 0.010000000000000009 0.016997
0 0.6980078125 0.27484233628318583 0.011249999999999982 0.02738399999999999
0 0.719140625 0.3434781150442478 0.020625000000000004 0.036827
0 0.7298828125 0.2756694837758112 0.010000000000000009 0.021718000000000008
0 0.76703125 0.3588751563421829 0.04062499999999991 0.07554299999999996
0 0.7530078125 0.2826925575221239 0.010000000000000009 0.019829999999999993
0 0.76203125 0.2860564837758112 0.009374999999999911 0.021717999999999966
0 0.788359375 0.09897063126843657 0.01187500000000008 0.015107999999999996
0 0.8098828125 0.26138763126843656 0.010624999999999996 0.016997
0 0.9183203125 0.8401475752212391 0.08812500000000001 0.17847099999999982
0 0.9023828125 0.590810418879056 0.04249999999999998 0.10387100000000006
0 0.9024609375 0.31597726253687314 0.015000000000000013 0.03116099999999997
0 0.90078125 0.28670426253687314 0.008750000000000036 0.03116099999999997
0 0.935859375 0.2776743362831859 0.012499999999999956 0.029272999999999997
0 0.9419921875 0.36454933628318587 0.02312499999999995 0.027384000000000033
0 0.9599609375 0.2718924837758112 0.01375000000000004 0.02171800000000005
0 0.9621875 0.3227041150442478 0.015625 0.036827
