0 0.0654784375 0.08902413740458016 0.062029 0.12844
0 0.21819025 0.044274809160305344 0.04023499999999999 0.089122
0 0.26889031249999995 0.11306126717557252 0.057837000000000055 0.116645
0 0.2895854375 0.00916030534351145 0.03101400000000004 0.018349
0 0.37213850000000004 0.03969465648854962 0.046939999999999926 0.08125800000000001
0 0.41151825 0.2716178778625954 0.07208700000000001 0.154652
0 0.4161574375 0.035993068702290076 0.03101399999999993 0.06422
0 0.42859187499999996 0.14043802290076338 0.028500000000000025 0.022279999999999984
0 0.4843381875 0.02771132824427481 0.021793999999999925 0.040629
0 0.5924366875 0.3070038778625954 0.06957199999999997 0.15465300000000007
0 0.5793343125 0.045627893129770995 0.025984999999999925 0.03407600000000001
0 0.590100375 0.10699648091603053 0.01341199999999998 0.051114
0 0.768325125 0.3373782900763359 0.06705699999999992 0.13892599999999997
0 0.8641831249999999 0.03816793893129771 0.03688200000000019 0.078637
0 0.9067783125 0.35202570229007635 0.05699900000000002 0.12319799999999997
0 0.9756584999999999 0.39704652671755725 0.04694100000000023 0.09174299999999996
0 0.9798581249999999 0.6873132900763359 0.03688200000000019 0.14023600000000008
