0 0.056478062499999995 0.28499935036496354 0.050100000000000006 0.07484999999999997
0 0.18000487499999998 0.2806940802919708 0.028056000000000025 0.05988000000000003
0 0.24490593749999998 0.6022157664233577 0.046091999999999994 0.08682699999999992
0 0.2492700625 0.3242928102189781 0.018035999999999996 0.04491000000000005
0 0.2810288125 0.4557326423357665 0.04208400000000001 0.06886199999999995
0 0.2932054375 0.29566408029197083 0.03006000000000003 0.05987999999999999
0 0.300041375 0.7791599343065694 0.04408799999999996 0.06287399999999992
0 0.34335631250000004 0.28989895620437955 0.026051999999999964 0.04191600000000003
0 0.37120881250000004 0.6543507445255474 0.042084999999999984 0.10778500000000006
0 0.3894493125 0.41856766423357666 0.02605200000000002 0.047903999999999974
0 0.4054813125 0.3211502262773723 0.026051999999999964 0.05688599999999994
0 0.4273218125 0.524000306569343 0.042083999999999955 0.11676600000000001
0 0.4817350625 0.309397102189781 0.018035999999999996 0.03892200000000002
0 0.5275218125000001 0.7337298905109488 0.0420839999999999 0.10479000000000004
0 0.564875625 0.3439395401459854 0.020040000000000058 0.029940000000000057
0 0.602646375 0.6289388905109489 0.044089000000000045 0.104791
0 0.5958613125 0.3394113941605839 0.026052000000000075 0.03293399999999999
0 0.6197058125 0.8859781386861314 0.04208500000000004 0.13772499999999988
0 0.6519234375 0.44259395620437963 0.030059999999999976 0.04191600000000003
0 0.6779245625 0.37949608029197074 0.03406799999999999 0.05988100000000012
0 0.7290011249999999 0.46770864233576637 0.036072000000000104 0.06886200000000003
0 0.7823360625 0.31837910218978105 0.018036000000000052 0.038921999999999936
0 0.8629129999999999 0.6470514744525547 0.0641290000000001 0.09281500000000002
0 0.8545309375000001 0.34072266423357667 0.014027999999999818 0.047904000000000016
0 0.881406875 0.48728108029197076 0.028057 0.05988000000000003
0 0.9062798124999999 0.5755669343065694 0.04208400000000001 0.062874
