0 0.0685529375 0.09212363850687623 0.046092 0.048387
0 0.08951862499999999 0.4234941394891945 0.052104 0.07056400000000007
0 0.1102808125 0.269856231827112 0.074149 0.10080700000000002
0 0.251691 0.2761106856581533 0.06412800000000002 0.08467699999999997
0 0.25199625000000003 0.41878800196463656 0.04007999999999998 0.04435499999999994
0 0.25810999999999995 0.7183637740667976 0.03206400000000001 0.030242000000000067
0 0.374189375 0.4256128664047152 0.04408899999999999 0.062499999999999944
0 0.45851099999999995 0.21515900196463653 0.03206400000000004 0.044355000000000054
0 0.5433503125 0.26194632220039293 0.058116000000000057 0.08871
0 0.574895625 0.9130491827111984 0.020039999999999947 0.02016100000000014
0 0.62253375 0.4334200491159135 0.05611299999999997 0.08064500000000005
0 0.7126638750000001 0.26298000392927307 0.06011999999999995 0.08669400000000002
0 0.7720108124999999 0.43062818467583497 0.04208400000000012 0.06451600000000003
0 0.9208265 0.09946755009823183 0.07815600000000011 0.10282299999999998
0 0.9163506874999999 0.26344327504911597 0.038076 0.05241999999999995
