0 0.0965625 0.19609408333333334 0.01625 0.034165999999999995
0 0.1469921875 0.4061982499999999 0.021874999999999978 0.03916600000000011
0 0.2373046875 0.3803125 0.0062500000000000056 0.017499999999999998
0 0.3067578125 0.15624966666666665 0.011249999999999982 0.022500000000000003
0 0.3341796875 0.42124999999999996 0.03750000000000003 0.06500000000000002
0 0.4241015625 0.4100520833333334 0.03375 0.06583299999999996
0 0.4452734375 0.20906216666666666 0.030000000000000027 0.036667000000000005
0 0.4533984375 0.36473958333333334 0.02937500000000004 0.051666999999999984
0 0.5307421875 0.32776008333333334 0.021874999999999978 0.03416699999999998
0 0.6114453125 0.4479684166666667 0.026874999999999982 0.04499999999999993
0 0.7197265625 0.15651075 0.03374999999999995 0.055000000000000014
0 0.78609375 0.3684375 0.024374999999999925 0.048333000000000036
0 0.7909765625 0.4450520833333333 0.03374999999999995 0.06583300000000003
0 0.9178125 0.32078158333333334 0.016874999999999973 0.02083299999999999
0 0.9912109375 0.75213575 0.015000000000000013 0.088333
