0 0.5365625 0.306058013215859 0.9237500000000001 0.18720600000000007
0 0.10796875 0.34031486490455215 0.056249999999999994 0.11006599999999997
0 0.1934375 0.26276129368575624 0.04874999999999999 0.11194800000000002
0 0.24234375 0.3167968649045521 0.05500000000000002 0.11006600000000001
0 0.323671875 0.2671217209985316 0.058750000000000024 0.09689499999999998
0 0.3751953125 0.28628029368575625 0.057499999999999996 0.11288799999999997
0 0.4398046875 0.30509429368575625 0.038124999999999964 0.11194800000000002
0 0.4846484375 0.29715572246696037 0.06062500000000004 0.11571
0 0.5793359375 0.24536986343612335 0.04500000000000004 0.09031000000000002
0 0.6301953125 0.29862415124816444 0.057499999999999996 0.11947300000000002
0 0.7531640625 0.31367615124816445 0.050000000000000044 0.11947299999999998
0 0.833515625 0.2837560073421439 0.05249999999999999 0.105362
0 0.900390625 0.30885729368575626 0.05249999999999999 0.11194799999999998
0 0.9887890625 0.2634035800293686 0.01937500000000003 0.12135500000000003
