0 0.0628125 0.2669198914956012 0.048749999999999995 0.07518799999999998
0 0.2462109375 0.3228586862170088 0.044999999999999984 0.05169199999999999
0 0.3323046875 0.2941758914956012 0.03812500000000002 0.07424800000000004
0 0.3705859375 0.28872351319648093 0.04624999999999996 0.06109099999999996
0 0.49046875 0.23334758357771263 0.024375000000000036 0.03853399999999997
0 0.510390625 0.3228230967741936 0.05125000000000002 0.09680499999999999
0 0.5201953125000001 0.6463571994134897 0.05749999999999994 0.10996300000000003
0 0.626953125 0.3265436158357772 0.036250000000000004 0.07330899999999994
0 0.75078125 0.3467328211143695 0.03937500000000005 0.09586500000000005
0 0.84328125 0.3169579941348974 0.04062500000000002 0.08646599999999999
0 0.92171875 0.1881239237536657 0.05625000000000002 0.10620299999999994
