0 0.026132812499999998 0.43932325 0.04125 0.07250000000000001
0 0.055546875 0.3213024166666667 0.02874999999999999 0.04666599999999995
0 0.1627734375 0.3076045 0.030624999999999986 0.048333000000000036
0 0.1796484375 0.4453128333333334 0.029374999999999984 0.05833299999999989
0 0.347421875 0.4683333333333333 0.028749999999999998 0.041666999999999975
0 0.387734375 0.41109408333333336 0.012499999999999956 0.034165999999999995
0 0.55859375 0.4255725833333333 0.025000000000000022 0.04999999999999997
0 0.691875 0.41473958333333333 0.03125 0.050000000000000044
0 0.7676953125 0.591667 0.05687500000000001 0.125833
0 0.936484375 0.4424479166666666 0.04437499999999994 0.06000000000000005
