0 0.0362109375 0.1611848653001464 0.045 0.08818000000000002
0 0.058046875 0.09764931918008787 0.028124999999999997 0.05347000000000001
0 0.081875 0.14777919033674963 0.031875 0.050657
0 0.1474609375 0.2142439941434846 0.04625000000000001 0.09287000000000001
0 0.263203125 0.16519131918008784 0.03562499999999999 0.05534700000000001
0 0.32640625 0.1559677364568082 0.03999999999999998 0.086304
0 0.3814453125 0.09096806149341141 0.025624999999999953 0.047843000000000004
0 0.40515625 0.2563437364568082 0.03937499999999999 0.08630399999999998
0 0.45890625 0.14260722108345536 0.03937499999999999 0.07504699999999999
0 0.505 0.2421143191800878 0.03187499999999999 0.05534700000000007
0 0.5129296875 0.16953954612005856 0.038124999999999964 0.036585
0 0.556796875 0.12331909224011713 0.028125000000000067 0.071295
0 0.5698828125 0.24291212298682283 0.04250000000000009 0.09474700000000007
0 0.6383984375 0.15427609224011712 0.02937499999999993 0.071295
0 0.7222265625 0.22763044802342608 0.034375000000000044 0.05816199999999997
0 0.746875 0.15446044802342607 0.0318750000000001 0.058161
0 0.7659375 0.11419254612005857 0.016874999999999973 0.035647000000000005
0 0.8058984375 0.1607989326500732 0.030000000000000027 0.04409000000000003
0 0.882265625 0.2500753499267936 0.05249999999999999 0.07879900000000004
0 0.901171875 0.17123119033674963 0.028125000000000067 0.051595000000000016
0 0.95578125 0.31146222108345534 0.039999999999999925 0.07504699999999996
0 0.98671875 0.15821244802342607 0.024375000000000036 0.05816099999999998
