0 0.0112109375 0.5977184172767204 0.014374999999999999 0.034709999999999915
0 0.0442578125 0.5300631595900438 0.011250000000000003 0.029080000000000033
0 0.0684375 0.6164804172767203 0.016875 0.03470899999999994
0 0.1106640625 0.5539270307467058 0.019375000000000003 0.02532799999999996
0 0.1423828125 0.6108524172767203 0.009999999999999981 0.03283300000000008
0 0.1637109375 0.5576790307467057 0.013750000000000012 0.024390000000000155
0 0.1798828125 0.5558030307467057 0.010000000000000009 0.025328000000000045
0 0.2019921875 0.6673649326500731 0.021875000000000006 0.044090000000000094
0 0.2249609375 0.5268362884333821 0.014374999999999999 0.030957000000000123
0 0.253359375 0.5667624172767204 0.013124999999999998 0.03470899999999994
0 0.2780078125 0.5717500307467057 0.010624999999999996 0.025328999999999935
0 0.2965625 0.5773790307467057 0.015625 0.02439000000000007
0 0.3118359375 0.5421439019033675 0.014375000000000027 0.022514000000000034
0 0.320234375 0.6052234172767204 0.012500000000000011 0.03283300000000008
0 0.340859375 0.5498764172767203 0.012499999999999956 0.032832999999999994
0 0.4025390625 0.5947210614934114 0.01937500000000003 0.047841999999999996
0 0.4119921875 0.6664269326500731 0.021874999999999978 0.045967000000000015
0 0.5105078125 0.5767386442166911 0.011249999999999982 0.015009999999999976
0 0.6025 0.6737475768667642 0.03125 0.06097600000000002
0 0.6213671875 0.5893896749633969 0.023125000000000062 0.03846199999999999
0 0.7115625 0.5698740307467057 0.016874999999999973 0.026266999999999912
0 0.8009375 0.5949044172767203 0.016875000000000084 0.034709000000000025
0 0.85515625 0.5874004172767203 0.008125000000000049 0.034709000000000025
