0 0.2537890625 0.79703125 0.01937500000000003 0.0391670000000001
0 0.3732421875 0.8156250000000002 0.021875000000000033 0.0324999999999999
0 0.421875 0.25697916666666665 0.09562500000000002 0.22416700000000003
0 0.4376171875 0.8020312500000001 0.021874999999999978 0.040000000000000036
0 0.4368359375 0.8009899166666666 0.015000000000000013 0.029166000000000025
0 0.5044140625 0.756458 0.01937500000000003 0.033333999999999975
0 0.531015625 0.809792 0.020625000000000004 0.03333299999999998
0 0.532734375 0.80921875 0.012500000000000067 0.025832999999999995
0 0.5700390625 0.7527600833333333 0.018124999999999947 0.034999999999999996
0 0.5717578125 0.7526559166666668 0.010000000000000009 0.029999999999999954
0 0.6387890625 0.808125 0.018124999999999947 0.031666999999999966
0 0.6453125 0.7630208333333334 0.016875000000000084 0.027500000000000007
0 0.7119140625 0.804792 0.018124999999999947 0.03333300000000013
0 0.7194921875 0.7560940833333333 0.023125000000000062 0.034999999999999996
0 0.7881640625 0.7568229166666667 0.01937499999999992 0.029999999999999954
0 0.789140625 0.8044270833333332 0.020625000000000004 0.03500000000000014
0 0.8725390625 0.7994270833333333 0.018124999999999947 0.03583299999999993
0 0.9551953125 0.8010940833333334 0.02562500000000001 0.03416599999999992
0 0.9540625 0.8045836666666667 0.016874999999999973 0.021666000000000036
