0 0.07578125 0.8898863010279001 0.134375 0.2163680000000001
0 0.058515625 0.347176859030837 0.020625000000000004 0.028220999999999965
0 0.06691406250000001 0.22311371659324522 0.019374999999999996 0.032926000000000004
0 0.0911328125 0.41382986196769456 0.04250000000000001 0.06961500000000004
0 0.12765625 0.32810900440528634 0.040624999999999994 0.06302900000000006
0 0.142890625 0.6047298634361234 0.05125000000000002 0.088429
0 0.1695703125 0.3375160044052863 0.02687500000000001 0.06302900000000002
0 0.1957421875 0.27639214390602057 0.021875000000000006 0.016933000000000004
0 0.1971875 0.3258834317180617 0.016250000000000014 0.04609599999999997
0 0.228515625 0.2990840014684288 0.020625000000000004 0.022577999999999963
0 0.240703125 0.35509129074889867 0.03625000000000003 0.07337799999999996
0 0.281953125 0.4947555814977974 0.06812500000000002 0.14299099999999998
0 0.289375 0.3223501468428781 0.033125000000000016 0.05832500000000004
0 0.3425390625 0.32595243024963294 0.018125000000000002 0.026340999999999996
0 0.3812890625 0.30390285903083697 0.018125000000000002 0.029162000000000028
0 0.3844921875 0.3740901468428781 0.02312499999999995 0.05644400000000001
0 0.432109375 0.39054157709251097 0.04312499999999997 0.08090300000000004
0 0.5022656249999999 0.312368859030837 0.02062500000000006 0.028222000000000025
0 0.6145703125 0.7834443039647577 0.12062499999999998 0.2568210000000001
0 0.8016015625 0.508178436123348 0.06499999999999995 0.10724400000000009
0 0.8890234375 0.3479330029368576 0.030625000000000013 0.04233299999999993
0 0.9238671875 0.4580907209985316 0.053750000000000075 0.094073
