0 0.023645187499999998 0.6026864992199688 0.022580999999999997 0.02577299999999998
0 0.17496187500000002 0.5744048112324492 0.029032999999999975 0.04123699999999996
0 0.258832875 0.5822051232449297 0.02742 0.05927800000000004
0 0.36494475000000004 0.5729130608424338 0.024192999999999965 0.054122999999999886
0 0.4365481875 0.5888508736349455 0.022580999999999962 0.04381499999999993
0 0.531413875 0.5770501232449298 0.02741899999999997 0.05670099999999994
0 0.5320503125 0.5780670608424336 0.025805999999999996 0.05412399999999993
0 0.6436804374999999 0.597194310452418 0.030645000000000144 0.06701000000000003
0 0.7727134375 0.5925824352574103 0.030645000000000033 0.07474199999999993
0 0.9076048124999999 0.6333456224648986 0.041935000000000056 0.0824740000000001
0 0.9865481875 0.6798049344773791 0.022581000000000184 0.09793800000000008
