0 0.056132812500000004 0.08931185944363104 0.10375 0.181051
0 0.2040234375 0.4028526573938507 0.12312500000000001 0.310506
0 0.426328125 0.4505190190336749 0.130625 0.2054410000000001
0 0.4311328125 0.0849194729136164 0.10375000000000001 0.170732
0 0.528359375 0.38821908638360175 0.07437500000000002 0.16322699999999998
0 0.7067578125 0.3594289824304539 0.10375000000000001 0.2729829999999999
0 0.854140625 0.3869575344070278 0.11499999999999999 0.21763599999999994
0 0.847265625 0.22622869985358712 0.083125 0.15384599999999998
0 0.8573828125 0.08492819033674964 0.04249999999999998 0.05159399999999999
0 0.9816015625 0.17456360175695462 0.034375000000000044 0.173546
