0 0.1930078125 0.298439578313253 0.04125000000000001 0.07521699999999999
0 0.2578125 0.44561181927710847 0.04749999999999999 0.10318200000000002
0 0.276328125 0.3426795301204819 0.03687500000000005 0.06750199999999999
0 0.3625390625 0.44476686746987953 0.04999999999999999 0.11089600000000002
0 0.381328125 0.3564176265060241 0.03687499999999999 0.07907499999999999
0 0.4830078125 0.3725076987951807 0.041874999999999996 0.08775299999999994
0 0.50390625 0.48237486746987945 0.04062500000000002 0.11089700000000016
0 0.5686328125 0.38372255421686746 0.04125000000000001 0.07135999999999995
0 0.614765625 0.4629698192771084 0.05249999999999999 0.10318200000000012
0 0.6924609375 0.43567650602409635 0.04499999999999993 0.06364499999999995
0 0.7560546875 0.389085578313253 0.03874999999999995 0.07521699999999995
0 0.8037109375 0.389085578313253 0.04625000000000001 0.07521699999999995
