0 0.0169921875 0.6238196666666666 0.023125 0.052222000000000136
0 0.07300781249999999 0.5927084444444445 0.041875 0.11111099999999999
0 0.1190625 0.5976393333333334 0.04875 0.10444399999999998
0 0.227421875 0.5739584444444445 0.05937500000000001 0.17111099999999999
0 0.3856640625 0.5942365555555555 0.23812499999999998 0.517777
0 0.54234375 0.45499977777777784 0.11812500000000004 0.30666699999999997
0 0.6140234375 0.5045837777777779 0.02937500000000004 0.12000000000000001
0 0.6433984375 0.4743745555555555 0.02937499999999993 0.08111200000000007
0 0.728125 0.4418054444444445 0.09375 0.2022219999999999
0 0.9822265625 0.3667365555555555 0.03375000000000006 0.14333300000000004
