0 0.0943359375 0.4748961666666667 0.015 0.03666599999999994
0 0.0962890625 0.4159899166666667 0.018125000000000002 0.03083299999999996
0 0.21125 0.4317705 0.03125 0.04833400000000002
0 0.35453125 0.5118753333333333 0.008124999999999993 0.010832999999999945
0 0.36890625 0.5091145833333334 0.008750000000000036 0.020832999999999952
0 0.4146484375 0.3773437499999999 0.029374999999999984 0.05666700000000002
0 0.5385546875 0.5068750000000001 0.03749999999999998 0.09499999999999997
0 0.638203125 0.37567675 0.036250000000000004 0.055000000000000014
0 0.7626953125 0.52973925 0.05812499999999998 0.135
0 0.8761328125 0.3803121666666667 0.07250000000000001 0.09999999999999994
