0 0.08609668749999999 0.38959334017595304 0.038149000000000016 0.06948300000000009
0 0.1246403125 0.34728885923753666 0.026891999999999985 0.042252999999999985
0 0.20089425000000002 0.34816278885630497 0.040650999999999965 0.06291100000000001
0 0.23040843749999998 0.31905478885630495 0.02939300000000003 0.06197200000000004
0 0.25519306249999996 0.3081480322580646 0.018136000000000013 0.03474199999999999
0 0.292595875 0.3175885131964809 0.02814300000000003 0.06009400000000003
0 0.3273875 0.3222320322580645 0.01563500000000001 0.03380299999999998
0 0.357088 0.3466965131964809 0.03314600000000001 0.05915499999999998
0 0.3666663125 0.29001185923753664 0.025641000000000025 0.04225300000000003
0 0.3973874375 0.32445768621700877 0.030644000000000005 0.05258200000000002
0 0.4271750625 0.3225796862170088 0.01813699999999996 0.05258200000000002
0 0.4559 0.31653396187683286 0.03189499999999995 0.05446000000000007
0 0.5305954375 0.3251005131964809 0.02939399999999992 0.06009399999999999
0 0.5956364375000001 0.29399896187683283 0.029393000000000002 0.05539900000000004
0 0.6294845625 0.273045788856305 0.03502200000000011 0.061971000000000026
0 0.6880401875 0.289535064516129 0.02314000000000005 0.06572800000000008
0 0.749209 0.3125973401759531 0.03189399999999998 0.067606
0 0.8297638125000001 0.2851867184750733 0.041900999999999855 0.08450699999999998
0 0.8867178749999999 0.2720417184750733 0.028142 0.08450699999999994
0 0.9063693125 0.3100629237536657 0.056910000000000016 0.10610300000000004
