0 0.0126953125 0.3653720307467057 0.02625 0.025328000000000003
0 0.1428125 0.6405122093704245 0.205 0.25609800000000005
0 0.1141015625 0.2429380614934114 0.03375 0.049719000000000006
0 0.2225390625 0.4690784421669107 0.080625 0.1482179999999999
0 0.2051953125 0.12878967496339677 0.026874999999999982 0.040338
0 0.2752734375 0.1064600307467057 0.030625000000000013 0.02345200000000001
0 0.294765625 0.22259867496339678 0.021250000000000047 0.038461000000000016
0 0.34953125 0.3767345710102489 0.07187499999999997 0.150094
0 0.3377734375 0.09284406149341141 0.029374999999999984 0.04784299999999999
0 0.615234375 0.2621743133235725 0.07562500000000005 0.14634099999999997
0 0.7959765625 0.43636920351390923 0.22187499999999993 0.3461540000000001
