0 0.4984423676012461 0.3053515625 0.9990030000000001 0.534375
0 0.0743357507788162 0.0534765625 0.053839000000000005 0.034374999999999996
0 0.08978780996884736 0.3084765625 0.07876399999999997 0.06625000000000003
0 0.1485511183800623 0.06421874999999999 0.05184500000000001 0.05625
0 0.15609075077881618 0.177578125 0.053839000000000026 0.03562499999999999
0 0.23647307476635515 0.416875 0.084746 0.06312499999999999
0 0.2647647507788162 0.21890625 0.054836 0.03937499999999999
0 0.3070115451713396 0.3401171875 0.073779 0.05312500000000003
0 0.445408707165109 0.481875 0.08973000000000005 0.09562500000000002
0 0.4283383239875389 0.3806640625 0.032901000000000055 0.049375
0 0.5461067071651091 0.5371484375 0.08773599999999988 0.06125000000000003
0 0.5788834423676013 0.3096875 0.08175499999999994 0.04812499999999997
0 0.5882928099688475 0.380625 0.0787639999999999 0.06312499999999999
0 0.7159733831775701 0.307890625 0.05782700000000008 0.020625000000000004
0 0.7834582803738318 0.27421875 0.06580200000000003 0.05499999999999999
0 0.7915585451713396 0.46640625 0.07377800000000018 0.07187500000000002
0 0.8665820747663551 0.39921875 0.08674000000000005 0.05624999999999997
0 0.9660981183800623 0.3265234375 0.05184499999999983 0.029374999999999984
