0 0.0239453125 0.25075889604685214 0.026875 0.111632
0 0.1683984375 0.39062993265007323 0.030625000000000013 0.04409000000000005
0 0.190234375 0.3184670307467057 0.012499999999999983 0.025329000000000018
0 0.36640625 0.2972068653001464 0.040000000000000036 0.08818000000000002
0 0.3949609375 0.3401572884333821 0.013749999999999984 0.03095700000000004
0 0.4444140625 0.33818525183016107 0.04999999999999999 0.09943699999999996
0 0.5268359375 0.3655294480234261 0.013749999999999929 0.05722299999999994
0 0.5962890625 0.3508622210834554 0.01937500000000003 0.07504699999999992
0 0.6176171875 0.4038070922401172 0.021874999999999978 0.07129399999999997
0 0.648984375 0.3456720307467057 0.012500000000000067 0.026266000000000022
0 0.6743359375 0.3316000307467057 0.015000000000000013 0.025329000000000018
0 0.6889453125 0.37870660761346997 0.026874999999999982 0.08442799999999999
0 0.7639453125 0.4064991171303075 0.08937499999999998 0.184803
0 0.8681640625 0.2781300307467057 0.018124999999999947 0.02532799999999996
0 0.9382421875 0.41259186530014647 0.023125000000000062 0.08817999999999998
0 0.9851953125 0.47008654026354324 0.026874999999999982 0.12664199999999992
