0 0.0251953125 0.6796005454545454 0.02625 0.09380899999999998
0 0.0694921875 0.6108760322580645 0.022500000000000006 0.03377099999999997
0 0.0703125 0.5992083079178886 0.0175 0.0375239999999999
0 0.13421875 0.5281504105571847 0.024999999999999994 0.04878100000000008
0 0.207421875 0.5164836862170088 0.027499999999999997 0.052532999999999955
0 0.5878515625 0.5090758093841642 0.78375 0.26453999999999994
0 0.2087890625 0.44805875659824046 0.01874999999999999 0.031894999999999986
0 0.2273828125 0.5141344809384164 0.01125000000000001 0.02814300000000003
0 0.2503515625 0.6061934428152492 0.034999999999999976 0.08067599999999998
0 0.2450390625 0.49121075659824043 0.018750000000000017 0.03189500000000007
0 0.2630859375 0.46306775659824045 0.01375000000000004 0.031894999999999986
0 0.280859375 0.4620112052785924 0.012499999999999956 0.026266999999999884
0 0.3118359375 0.44993475659824056 0.015000000000000013 0.030018999999999924
0 0.3228515625 0.6091259941348973 0.034999999999999976 0.08630400000000009
0 0.331171875 0.5235789618768328 0.02749999999999997 0.05440899999999994
0 0.358359375 0.45638320527859233 0.012500000000000011 0.02626599999999999
0 0.38921875 0.5097991348973607 0.025000000000000022 0.045027999999999985
0 0.3855859375 0.4540974809384165 0.01375000000000004 0.02814199999999997
0 0.429921875 0.5044072375366568 0.02749999999999997 0.05816100000000006
0 0.475234375 0.8508225718475073 0.04375000000000001 0.20825499999999997
0 0.466015625 0.4432502052785923 0.020000000000000018 0.024390000000000096
0 0.467265625 0.4939696862170088 0.02124999999999999 0.052532999999999955
0 0.4890625 0.3821556539589442 0.016249999999999987 0.018762000000000032
0 0.5208984375 0.49332285923753666 0.030000000000000027 0.043152
0 0.5155859375 0.4213820322580646 0.015000000000000013 0.033770999999999884
0 0.5361328125 0.44887820527859235 0.011249999999999982 0.024390000000000012
0 0.58421875 0.40889585923753663 0.023749999999999938 0.04127600000000003
0 0.634765625 0.47978013489736065 0.020000000000000018 0.04502800000000007
0 0.6740625 0.4405537565982404 0.016249999999999987 0.03001900000000009
0 0.6893359375 0.4753813079178885 0.015000000000000013 0.035647000000000026
0 0.6937890625 0.43762120527859233 0.018749999999999933 0.02626700000000005
0 0.8225390625 0.45914213489736067 0.018750000000000044 0.04502800000000007
0 0.89671875 0.48581885923753665 0.025000000000000022 0.04127600000000003
0 0.967265625 0.4939696862170088 0.020000000000000018 0.05065699999999998
