0 0.1611328125 0.30572916666666666 0.010624999999999996 0.038332999999999985
0 0.35546875 0.5063541666666667 0.21187499999999998 0.44416700000000003
0 0.5637109375 0.62973925 0.23375 0.38416700000000015
0 0.4993359375 0.25588574999999997 0.014999999999999958 0.02416600000000002
0 0.6136328125 0.26057325000000003 0.010000000000000009 0.009999999999999934
0 0.658359375 0.22911458333333334 0.013125000000000053 0.02083299999999999
0 0.69890625 0.23411458333333335 0.009375000000000022 0.019166999999999972
0 0.7235546875 0.22140625 0.0068750000000000755 0.008333000000000035
0 0.7698828125 0.2211455 0.010000000000000009 0.016667000000000026
0 0.9035546875 0.20234341666666666 0.007499999999999951 0.014999999999999977
0 0.9499609375 0.25218783333333333 0.014375000000000027 0.02749999999999997
