0 0.1466633125 0.4930950263929618 0.057692999999999994 0.11777800000000006
0 0.1872866875 0.9251805073313784 0.069526 0.1455559999999998
0 0.23053850000000004 0.936784302052786 0.04881599999999997 0.12222199999999986
0 0.40551 0.9275400263929617 0.06361 0.11777800000000006
0 0.4608050625 0.8586058533724341 0.05029499999999998 0.12777699999999984
0 0.566070625 0.8269208211143696 0.05251499999999998 0.09666699999999992
0 0.6057750625 0.7931863724340175 0.049556000000000044 0.10111100000000015
0 0.650922375 0.7813648211143694 0.04363899999999998 0.09666700000000009
0 0.6728748125 0.4584784428152493 0.04289899999999991 0.081111
0 0.67739875 0.3827498592375366 0.025147999999999948 0.041110999999999995
0 0.7026680625 0.7069208211143695 0.05029600000000001 0.09666699999999992
0 0.7632038125 0.9577227184750733 0.07248500000000002 0.0822219999999999
0 0.7535534375 0.7391889941348975 0.031064999999999898 0.08777699999999979
0 0.815446875 0.6677678914956011 0.02736700000000003 0.07555600000000012
0 0.8418949375 0.6730599618768328 0.014793000000000056 0.05333300000000001
0 0.9042331875 0.6525671671554253 0.022929000000000088 0.07888899999999993
0 0.9574012500000001 0.5850992697947215 0.03920099999999982 0.088889
0 0.979382 0.5797259618768328 0.032545000000000046 0.05444499999999998
0 0.9873390625 0.5408831348973607 0.019230999999999887 0.04555499999999984
